0.0
0.0
0.0
0.0
0.0
0.0
0.0
0.0
0.0
0.0
0.0
0.0
0.0
0.0
0.0
0.0
0.0
0.0
0.0
1.8922499165995704e-05
1.8922499165995704e-05
1.8922499165995704e-05
1.8922499165995704e-05
1.8922499165995704e-05
1.8922499165995704e-05
1.8922499165995704e-05
3.784499833199141e-05
0.00015137999332796563
0.00015137999332796563
0.00015137999332796563
0.00018922499165995705
0.000255453738740942
0.0005913280989373658
0.00057240559977137
0.0005818668493543679
0.0007332468426823335
0.0005582137253968733
0.0006906712195588432
0.0007474387170568303
0.0009745087070487788
0.0009745087070487788
0.0009745087070487788
0.0009508555830912841
0.001026545579755267
0.0010407374541297637
0.0010407374541297637
0.0010407374541297637
0.0010596599532957595
0.0010596599532957595
0.0010738518276702561
0.001211039946623725
0.0012346930705812197
0.001281999318496209
0.0012961911928707057
0.001281999318496209
0.0013103830672452025
0.001466493685364667
0.001466493685364667
0.0015516449316116477
0.0015516449316116477
0.0015516449316116477
0.0016746411761906198
0.0016982943001481144
0.001783445546395095
0.001986862412429549
0.0022990836486684782
0.002455194266787943
0.002549806762617921
0.0027674155030268715
0.0031553267359297837
0.0032120942334277706
0.0032215554830107686
0.0031458654863467856
0.003439164223419719
0.0036662342134116677
0.003652042339037171
0.0038696510794461215
0.004134566067770061
0.004257562312349033
0.004285946061098027
0.00453666917504747
0.004541399799838969
0.004423134180051496
0.0043758279321365065
0.004432595429634494
0.004513016051089975
0.0048015841633714095
0.0049624254062823735
0.004853621036077898
0.005137458523567833
0.0048110454129544076
0.005350336639185285
0.005629443501883722
0.005742978496879696
0.0056814803745902104
0.006074122232284621
0.006376882218940553
0.006234963475195585
0.006778985326217961
0.006594490959349503
0.0070675534384993955
0.007010785941001408
0.007323007177240337
0.007800800281181729
0.008798962112188002
0.009101722098843934
0.009144297721967424
0.009049685226137446
0.009082799599677938
0.009314600214461385
0.009361906462376375
0.009636282700283312
0.009754548320070786
0.009811315817568772
0.009716703321738794
0.010076230805892712
0.010251263923178173
0.01044048891483813
0.011282540127724939
0.011310923876473932
0.011112237635230978
0.01114535200877147
0.011315654501265432
0.011348768874805924
0.011656259486253354
0.011651528861461855
0.011651528861461855
0.01197794197207528
0.012058362593530762
0.012611845694136137
0.012886221932043074
0.01299502630224755
0.01343024378306545
0.012900413806417571
0.012886221932043074
0.013146406295575515
0.013534317528478427
0.013444435657439947
0.013624199399516907
0.013624199399516907
0.013955343134921831
0.014215527498454273
0.014120915002624294
0.014215527498454273
0.014243911247203266
0.013548509402852925
0.013718811895346886
0.014206066248871274
0.014357446242199241
0.014470981237195214
0.014518287485110203
0.014584516232191189
0.01427229499595226
0.01444732811323772
0.014541940609067699
0.014295948119909755
0.014698051227187163
0.014693320602395664
0.013751926268887379
0.01396480438450483
0.014291217495118256
0.014281756245535258
0.014352715617407742
0.014149298751373288
0.012484118824765666
0.012701727565174617
0.012526694447889156
0.012872030057668578
0.013193712543490504
0.01167045136062785
0.011906982600202797
0.012011056345615773
0.012550347571846652
0.012644960067676628
0.012540886322263653
0.012819993184962089
0.013004487551830547
0.013179520669116008
0.013368745660775965
0.013728273144929883
0.014371638116573738
0.014433136238863224
0.014485173111569712
0.01492985184197061
0.015052848086549582
0.014944043716345107
0.01493458246676211
0.013487011280563439
0.013908036887006843
0.014068878129917806
0.014144568126581788
0.01418241312491378
0.014300678744701253
0.014390560615739734
0.014357446242199241
0.01449463436115271
0.015128538083213565
0.015185305580711553
0.01515219120717106
0.01519476683029455
0.015071770585715578
0.015213689329460546
0.015128538083213565
0.015090693084881575
0.015024464337800589
0.01418714374970528
0.013983726883670826
0.014101992503458298
0.014106723128249798
0.01392222876138134
0.013912767511798341
0.01378977126721937
0.013841808139925858
0.014177682500122281
0.014295948119909755
0.01462236123052318
0.014698051227187163
0.014877814969264122
0.015024464337800589
0.015223150579043544
0.015213689329460546
0.01545495119382699
0.015743519306108424
0.016017895544015365
0.016278079907547805
0.016003703669640868
0.016088854915887848
0.016542994895871743
0.016505149897539755
0.016495688647956756
0.01668964426440821
0.016883599880859666
0.016803179259404184
0.01705390237335363
0.016812640508987182
0.016883599880859666
0.017295164237720075
0.017337739860843564
0.01743708298146504
0.01736139298480106
0.017318817361677567
0.017276241738554077
0.017101208621268616
0.016921444879191658
0.016897791755234162
0.015956397421725877
0.014835239346140632
0.01519949745508605
0.015279918076541532
0.015251534327792537
0.01562998431111245
0.015592139312780461
0.015563755564031466
0.015823939927563906
0.01638215365296078
0.016500419272748253
0.016197659286092323
0.01633957802983729
0.01665179926607622
0.01659976239336973
0.016405806776918275
0.01626388803317331
0.01638215365296078
0.016434190525667268
0.016500419272748253
0.0163064636562968
0.016448382400041765
0.01634430865462879
0.01633484740504579
0.016131430539011338
0.01647203552399926
0.016628146142118726
0.016661260515659217
0.016770064885863693
0.016703836138782707
0.016628146142118726
0.016495688647956756
0.016538264271080245
0.01656664801982924
0.016628146142118726
0.016453113024833266
0.01660922364295273
0.016841024257736176
0.01634430865462879
0.01643892115045877
0.016240234909215813
0.016249696158798812
0.01625442678359031
0.016131430539011338
0.01608412429109635
0.016041548667972857
0.01621185116046682
0.016013164919223864
0.016405806776918275
0.016367961778586283
0.016528803021497247
0.0167511423866977
0.016897791755234162
0.01709647799647712
0.017560079226044013
0.017635769222707997
0.01795745170852992
0.01792433733498943
0.01793379858457243
0.017701997969788982
0.01770672859458048
0.017668883596248488
0.01774930421770397
0.017730381718537976
0.017763496092078467
0.017824994214367954
0.017550617976461017
0.01792433733498943
0.017867569837491444
0.01795745170852992
0.01846362856122031
0.01842105293809682
0.01833117106705834
0.018387938564556325
0.01810883170185789
0.01831697919268384
0.018354824191015834
0.018515665433926798
0.018520396058718296
0.018515665433926798
0.01833117106705834
0.01822709732164536
0.01820344419768787
0.01844470606205431
0.018397399814139324
0.018354824191015834
0.018439975437262814
0.018430514187679815
0.018529857308301294
0.018468359186011807
0.01871435167516975
0.01875692729829324
0.01873327417433575
0.018643392303297267
0.018473089810803305
0.0185062041843438
0.017285702988137076
0.017418160482299046
0.017257319239388082
0.01747965860458853
0.01752696485250352
0.017470197355005535
0.017280972363345578
0.017323547986469068
0.017252588614596585
0.017214743616264593
0.01743708298146504
0.01756954047562701
0.017701997969788982
0.01774930421770397
0.01756954047562701
0.017512772978129025
0.017763496092078467
0.017668883596248488
0.01779187984082746
0.017687806095414486
0.017536426102086517
0.017588462974793006
0.017366123609592558
0.017318817361677567
0.01727151111376258
0.017200551741890096
0.017299894862511572
0.017233666115430587
0.017299894862511572
0.01745600548063104
0.017512772978129025
0.017413429857507545
0.017342470485635062
0.017233666115430587
0.017101208621268616
0.017276241738554077
0.017068094247728125
0.016845754882527677
0.01727151111376258
0.017517503602920523
0.017389776733550053
0.01731408673688607
0.017427621731882042
0.01739923798313305
0.017006596125438637
0.016817371133778684
0.016684913639616713
0.016486227398373757
0.01646257427441626
0.016325386155462793
0.01655718677024624
0.016486227398373757
0.016443651775250267
0.01625442678359031
0.01608412429109635
0.01612669991421984
0.016107777415053842
0.01607466304151335
0.016155083662968833
0.016287541157130804
0.016150353038177332
0.016103046790262344
0.016017895544015365
0.01603681804318136
0.016008434294432366
0.015894899299436393
0.016098316165470847
0.01595166679693438
0.01581447867798091
0.015667829309444443
0.015700943682984934
0.016405806776918275
0.016325386155462793
0.016178736786926325
0.015838131801938403
0.01576717243006592
0.0158570543011044
0.01562998431111245
0.015592139312780461
0.015743519306108424
0.015743519306108424
0.01571513555735943
0.015648906810278446
0.015521179940907976
0.015559024939239968
0.015251534327792537
0.015100154334464572
0.015048117461758083
0.015133268708005064
0.01528464870133303
0.015010272463426092
0.01480212497260014
0.01471697372635316
0.014693320602395664
0.014679128728021167
0.014470981237195214
0.014135106876998791
0.014083070004292302
0.01392222876138134
0.01396953500929633
0.013936420635755837
0.014125645627415794
0.014168221250539284
0.013889114387840847
0.013889114387840847
0.013751926268887379
0.013562701277227421
0.013463358156605943
0.01343970503264845
0.013274133164945986
0.013179520669116008
0.013188981918699006
0.013468088781397443
0.013416051908690954
0.013368745660775965
0.013496472530146436
0.01374719564409588
0.013761387518470376
0.013813424391176865
0.013751926268887379
0.013586354401184915
0.0136573137730574
0.013487011280563439
0.013468088781397443
0.013595815650767914
0.013411321283899455
0.013468088781397443
0.013468088781397443
0.013770848768053373
0.013733003769721383
0.01369988939618089
0.013633660649099905
0.01374246501930438
0.01347281940618894
0.01352012565410393
0.013349823161609969
0.013373476285567464
0.013345092536818471
0.013165328794741511
0.013108561297243524
0.01299502630224755
0.012924066930375067
0.012659151942051127
0.012696996940383117
0.0127774175618386
0.012829454434545088
0.01295245067912406
0.012805801310587592
0.012853107558502582
0.012928797555166564
0.012966642553498556
0.012881491307251575
0.012848376933711082
0.012701727565174617
0.012337469456229199
0.012261779459565216
0.012238126335607722
0.012214473211650227
0.012053631968739263
