0.0
0.0
0.0
0.0
0.0
0.0
0.0
0.00011353499499597422
0.00012299624457897206
0.00012299624457897206
0.0002365312395749463
0.0002649149883239399
0.00030275998665593127
0.0003595274841539184
0.0005203687270648818
0.0005392912262308776
0.00016084124291096348
0.00033587436019642374
0.00047779310394139153
0.0004210256064434044
0.0006102505981033614
0.0006670180956013486
0.0006670180956013486
0.0006812099699758453
0.0007095937187248389
0.001021814954963768
0.001211039946623725
0.0014381099366156736
0.001532722432445652
0.0015137999332796564
0.0015705674307776435
0.001665179926607622
0.0017503311728546025
0.0019584786636805554
0.001967939913263553
0.0018638661678505768
0.0019395561645145596
0.004986078530239868
0.005269916017729803
0.006291730972693571
0.006613413458515498
0.0066323359576814945
0.006760062827051965
0.007961641524092693
0.00827859338512312
0.006135620354574107
0.005061768526903851
0.005326683515227791
0.005326683515227791
0.005899089114999161
0.006182926602489096
0.006892520321213935
0.007062822813707897
0.00841578150407659
0.008056254019922672
0.009503825206121343
0.010028924557977723
0.010681750779204574
0.0092483714673804
0.009309869589669886
0.009002378978222456
0.009536939579661835
0.010279647671927166
0.010421566415672134
0.0110128945146095
0.010497256412336117
0.01127307887814194
0.011329846375639928
0.011694104484585344
0.014731165600727656
0.024069418939146537
0.017503311728546026
0.01783918608874245
0.018747466048710245
0.022825264618982318
0.02293879961397829
0.0334786316494379
0.03339348040319092
0.033677317890680854
0.03362055039318287
0.032433163570516635
0.029169032464382377
0.03083421239099
0.027910686269843662
0.027967453767341652
0.02796272314255015
0.02876219873231347
0.029093342467718396
0.027560620035272744
0.02787757189630317
0.028393209998576554
0.029320412457710342
0.028714892484398482
0.02871962310918998
0.029150109965216383
0.029490714950204305
0.03061660365058105
0.030810559267032505
0.03097140050994347
0.031184278625560922
0.03133565861888889
0.03283053605300255
0.03331779040652694
0.03185602734595377
0.03148703861221685
0.030990323009109463
0.03047468490683608
0.03101397613306696
0.03143027111471886
0.03202632983844773
0.029713054315404754
0.029940124305396703
0.02566837011867317
0.02647730695801949
0.02641580883573
0.027196361926327326
0.027153786303203836
0.029273106209795355
0.03008677367393317
0.03056456677787456
0.030275998665593128
0.030550374903500065
0.03078690614307501
0.029717784940196255
0.031236315498267407
0.03226759170281417
0.032400049196976144
0.032480469818431626
0.03352593789735289
0.03424026224086923
0.03534722844207998
0.03465182659772963
0.0343490666110737
0.035924364666642845
0.03362055039318287
0.03380031413525983
0.03401792287566878
0.03307179791736899
0.03329886790736094
0.03277376855550456
0.03335090478006743
0.03352120727256139
0.03543237968832696
0.036264969651630764
0.03678533837869565
0.05092517588048594
0.0528458095458345
0.051483389605882814
0.05179561084212174
0.04785973101559463
0.04863555348140046
0.04897142784159688
0.048961966592013885
0.04916065283325684
0.04915592220846534
0.05139350773484433
0.05131781773818035
0.05155434897775529
0.04736301541248725
0.04384816119240355
0.044543563036753886
0.04501662551590378
0.045115968636525255
0.04750966478102371
0.04774619602059866
0.04864974535577495
0.049297840952210306
0.049520180317410754
0.05320533702998842
0.053314141400192895
0.05475225133680857
0.05619982252300724
0.05617616939904975
0.0563795862650842
0.05955383550017998
0.05995120798266589
0.058773282409582656
0.060684454825348226
0.06304976722109769
0.06335725783254512
0.06348025407712408
0.063849242810861
0.06385397343565251
0.06525423837393618
0.0669146876757523
0.0677993145117626
0.06834806698757648
0.06853256135444494
0.0686981332221474
0.0687217863461049
0.0691428119525483
0.06934149819379126
0.06932257569462526
0.06963006630607269
0.06975779317544316
0.07011732065959708
0.07086475937665392
0.07492363544775998
0.07498040294525797
0.07464925920985305
0.0748999823238025
0.07682534661394255
0.0770997228518495
0.0783627996711797
0.07744032783683742
0.07943665149884997
0.07949814962113945
0.07960222336655243
0.08050104207693723
0.08081326331317615
0.0801793595911153
0.08289000759664418
0.08302246509080616
0.08344822132204105
0.08391182255160795
0.08433284815805135
0.08436596253159184
0.0841388925415999
0.08443692190346433
0.08533100998905763
0.08529316499072563
0.08689684679504377
0.08684007929754578
0.09210999531527558
0.09217622406235658
0.09244586967547201
0.09221879968548007
0.09257832716963398
0.09280539715962594
0.09289054840587291
0.09267767029025546
0.0832826494543386
0.08381247943098648
0.08372259755994799
0.083732058809531
0.0841247006672254
0.08558173310300707
0.08562903935092206
0.08602641183340796
0.08617779182673593
0.08619671432590192
0.08657516430922184
0.0849856743792782
0.0849951356288612
0.08505190312635919
0.0867643893008818
0.08733679490065317
0.08783351050376056
0.08779566550542857
0.08820722986228897
0.08505190312635919
0.08490052313303123
0.08518909124531265
0.07959276211696943
0.07897778089407458
0.07911023838823654
0.07981037085737838
0.0797394114855059
0.07999013459945534
0.07915281401136003
0.07923323463281551
0.0797441421102974
0.0889357460801798
0.0893851554353722
0.08806058049375251
0.08824034423582947
0.08915335482058875
0.09062930975553643
0.09077122849928139
0.09195388469715612
0.09369002399563622
0.0938319427393812
0.09402116773104116
0.09412997210124563
0.09389817148646218
0.09403535960541565
0.0951139420578774
0.09502406018683893
0.09528424455037136
0.09284797278274942
0.09273443778775345
0.09321223089169484
0.0929473159033709
0.09465034082831052
0.09350552962876778
0.09360960337418074
0.0942955439689481
0.09518490142974989
0.09545454704286532
0.09587557264930874
0.09588976452368322
0.09665612573990606
0.09810369692610472
0.09834968941526268
0.09853891440692263
0.09889844189107655
0.09850580003338213
0.09740829508175439
0.09747452382883537
0.09757859757424835
0.09835442004005417
0.09857202878046312
0.09878017627128907
0.09743194820571188
0.09730422133634141
0.0973467969594649
0.09713391884384745
0.09761171194778884
0.09523220767766488
0.0956106576609848
0.09585665015014273
0.09531262829912036
0.09540724079495035
0.0955964657866103
0.09566742515848278
0.09882275189441256
0.09893155626461704
0.09900251563648953
0.09916335687940049
0.09909712813231951
0.09927216124960496
0.09970264810563137
0.09988714247249983
0.10068661806226314
0.10077176930851012
0.10071500181101213
0.10083326743079961
0.09994390996999782
0.10128267678599201
0.10152866927514995
0.10144824865369446
0.10149082427681796
0.10237072048803676
0.1030755835819701
0.10302354670926361
0.10273497859698218
0.1026687498499012
0.1026072517276117
0.10267348047469269
0.10286270546635265
0.10449477101941977
0.10433392977650881
0.10433866040130031
0.10418728040797234
0.10403116978985288
0.10393182666923141
0.10388452042131642
0.10429135415338532
0.10458938351524975
0.10428189290380233
0.10430554602775982
0.1044190810227558
0.10433866040130031
0.10403590041464437
0.10418728040797234
0.10417308853359784
0.10564431284375402
0.10872394958301981
0.1087901783301008
0.10899359519613526
0.10906455456800775
0.10930581643237418
0.10937204517945517
0.10901724832009276
0.10907874644238223
0.10805220086262697
0.10783932274700951
0.10805693148741846
0.10881383145405829
0.1088327539532243
0.10863879833677284
0.10861041458802384
0.10873341083260281
0.10846849584427888
0.10851580209219386
0.10850161021781937
0.10826980960303592
0.10831711585095091
0.10803800898825247
0.10765955900493256
0.10755075463472809
0.1096748051661111
0.10975995641235808
0.10989241390652005
0.11006271639901401
0.10989241390652005
0.10870975770864531
0.10896994207217776
0.10894628894822027
0.1092395876852932
0.10939569830341267
0.10979307078589857
0.10959911516944712
0.10784878399659252
0.10782986149742652
0.10811369898491646
0.10955653954632363
0.10970791953965159
0.10998702640235003
0.11009110014776301
0.11080542449127935
0.11088584511273483
0.11129267884480373
0.11416889871803508
0.1140790168469966
0.11434866246011204
0.11448111995427401
0.11463249994760198
0.114547348701355
0.11457100182531249
0.11449058120385701
0.11415470684366058
0.11482645556405344
0.11547928178528029
0.11458992432447848
0.11472238181864046
0.1149731049325899
0.11518598304820735
0.1149636436830069
0.1145520793261465
0.11475549619218095
0.11467507557072547
0.114547348701355
0.11456627120052099
0.11643486799316306
0.11642067611878856
0.11669032173190401
0.11561646990423376
0.11528532616882883
0.1154083224134078
0.1149541824334239
0.11488795368634291
0.11427297246344806
0.11403644122387312
0.11383302435783865
0.11475076556738945
0.11416416809324358
0.11405536372303911
0.11438177683365253
0.11436758495927804
0.11420201309157557
0.11397021247679212
0.11444800558073352
0.11393236747846014
0.112347608173308
0.11237599192205698
0.11272605815662791
0.11240437567080598
0.11248006566746996
0.11250844941621896
0.11179412507270262
0.11175154944957913
0.11170424320166414
0.11179412507270262
0.11205904006102656
0.11211107693373305
0.11196442756519658
0.11193604381644759
0.11162855320500016
0.11197861943957108
0.11225772630226952
0.11210634630894155
0.11200227256352857
0.11205904006102656
0.11214892193206503
0.11205904006102656
0.11210161568415004
0.11242329816997197
0.11230503255018451
0.11331738625556527
0.11308558564078183
0.11312816126390532
0.11357283999430622
0.11372895061242567
0.11324169625890129
0.11358230124388921
0.11356810936951471
0.11348295812326774
0.11347349687368474
0.11348295812326774
0.11291055252349637
0.11280174815329189
0.11248479629226146
0.11289163002433036
0.11303827939286684
0.11316600626223731
0.11302408751849234
0.11269767440787891
0.11287270752516437
0.11264563753517243
0.1119265825668646
0.11216784443123104
0.11212526880810754
0.11214419130727354
0.11247060441788696
0.1118745456941581
0.11220568942956302
0.11311396938953082
0.11303354876807534
0.11335523125389727
