0.0
0.0
0.0
0.00011353499499597422
0.00011353499499597422
0.00024126186436644522
0.00024126186436644522
0.0011731949482917336
0.0011731949482917336
0.0009272024591337895
0.0009272024591337895
0.0010501987037127615
0.0011826561978747316
0.0012961911928707057
0.0013245749416196993
0.0013245749416196993
0.001466493685364667
0.0013529586903686928
0.00140972618786668
0.0015185305580711552
0.003448625473002717
0.0035243154696666997
0.003978455449650597
0.003997377948816593
0.0026491498832393987
0.0027059173807373856
0.0026586111328223963
0.003987916699233595
0.004191333565268049
0.004233909188391539
0.0042954073106810245
0.004030492322357085
0.004181872315685051
0.003074906114474302
0.007748763408475241
0.008023139646382179
0.008392128380119095
0.008699618991566524
0.008434704003242584
0.009262563341754897
0.009395020835916867
0.009711972696947294
0.010497256412336117
0.010913551393988022
0.011443381370635903
0.014575054982608191
0.015355608073205514
0.015700943682984934
0.016112508039845343
0.016150353038177332
0.016367961778586283
0.01919214477911114
0.020147730986993927
0.02145338342944763
0.022560349630658377
0.02320844522709373
0.025526451374928205
0.02690306318925439
0.02845470812086604
0.029344065581667838
0.029258914335420858
0.02876219873231347
0.02743289316590227
0.02656245820426647
0.026761144445509425
0.02921633871229737
0.029542751822910794
0.03000635305247769
0.030895710513279485
0.03334144353048443
0.03374354663776184
0.035001892832300555
0.037334090854509526
0.03559322093123792
0.03758008334366747
0.035555375932905926
0.037135404613266566
0.035522261559365435
0.03646838651766522
0.03704552274222809
0.03845997955488627
0.03990755074108494
0.03900873203070014
0.03915538139923661
0.03998324073774892
0.04135512192728361
0.04350755620741562
0.04391438993948453
0.04596748109899507
0.04285472998618877
0.044042116808855
0.04470913490445635
0.04479428615070333
0.047784041018930655
0.04855040223515348
0.04898088909117988
0.0493593390744998
0.04877274160035393
0.04946814344470427
0.04671965044084339
0.04828548724682954
0.048914660344098894
0.05011623904113962
0.049449220945538275
0.04929311032741881
0.049785095305734696
0.05037642340467206
0.05030073340800808
0.05114278462089489
0.05125631961589086
0.05322425952915442
0.05333306389935889
0.053314141400192895
0.05434541760473966
0.05493674570367703
0.05569364567031686
0.055580110675320885
0.05609574877759427
0.05615724689988375
0.05591125441072581
0.055026627574715506
0.056540427507995164
0.05718852310443052
0.05787919432398936
0.0581393786875218
0.05827183618168377
0.05889627865416163
0.058924662402910624
0.05951599050184799
0.059492337377890496
0.06065134045180773
0.04541399799838969
0.046407429204604465
0.04672911169042639
0.04655880919793243
0.04646419670210245
0.044075231182395494
0.043923851189067525
0.0440468474336465
0.04661557669543042
0.04775092664539016
0.048304409745995536
0.04837063849307652
0.04943029844637228
0.04990809155031367
0.04883897034743491
0.04213567501788094
0.043720434323033075
0.04478955552591183
0.04573094985942012
0.045749872358586116
0.04607155484440804
0.046927797931669346
0.05045211340133605
0.05005001029405864
0.05013516154030562
0.0501966596625951
0.04964790718678123
0.04991282217510517
0.049496527193453266
0.050106777791556624
0.04999797342135215
0.04995066717343716
0.05008312466759913
0.05017773716342911
0.049264726578669815
0.0493262247009593
0.05095829025402643
0.04924580407950382
0.051719920845457755
0.05157327147692129
0.0515306958537978
0.0519611827098242
0.05207471770482018
0.0497709034313602
0.050201390287386606
0.050201390287386606
0.05170572897108326
0.05226394269648013
0.0524295145641826
0.05308234078540945
0.05444003010056964
0.054605601968272105
0.054742790087225573
0.05555645755136339
0.05543819193157591
0.056303896268420216
0.0568289956202766
0.05688576311777459
0.05760008746129092
0.057647393709205914
0.05825764430730927
0.058290758680849764
0.06336671908212811
0.06337618033171111
0.06396750843064848
0.06372624656628204
0.06381612843732051
0.06161638790927351
0.05699929811277056
0.057496013715877946
0.05776092870420189
0.05824818305772628
0.05840902430063724
0.05832860367918176
0.05844686929896923
0.05579298879093833
0.056152516275092254
0.055915985035517306
0.056355933141126704
0.05738247872088197
0.05731624997380099
0.057817696201699874
0.05785554120003186
0.057330441848175484
0.05766158558358041
0.054104155740373215
0.05356486451414234
0.05283634829625151
0.054676561340144585
0.054387993227863154
0.054255535733701184
0.05470967571368508
0.05584029503885332
0.05735409497213298
0.057779851203367885
0.055528073802614396
0.05565580067198486
0.055244236315124456
0.056218745022173236
0.05540507755803542
0.055698376295108355
0.055797719415729835
0.0555044206786569
0.05628024314446272
0.057259482476303
0.05805895806606632
0.058707053662501674
0.05924634488873255
0.05911388739457058
0.06012624109995135
0.05983767298766991
0.06055672795597775
0.061275782924285586
0.062401671624662335
0.062434785998202826
0.06219825475862788
0.06263820286423728
0.062255022256125864
0.061682616656354494
0.0621272953867554
0.06270443161131826
0.06427499904209591
0.06422769279418092
0.06382558968690351
0.06493728651290576
0.06483794339228428
0.06704241454512277
0.06672546268409235
0.06733098265740421
0.06901035445838634
0.06976252380023466
0.06964425818044719
0.0696253356812812
0.06926107757233578
0.06882586009151788
0.06935569006816575
0.06979090754898365
0.06942664944003824
0.06876909259401989
0.06858459822715143
0.06883532134110087
0.06892993383693086
0.06930838382025077
0.06912388945338231
0.06970102567794517
0.07014097378355458
0.07018354940667806
0.07116751936330984
0.07124320935997383
0.07126686248393133
0.07216568119431611
0.07209945244723513
0.07157435309537875
0.0718014230853707
0.07054307689083199
0.06973887067627717
0.06868867197256441
0.07068972625936845
0.06991863441835412
0.07001797753897561
0.07010785941001409
0.07027343127771654
0.06984294442169015
0.07115332748893535
0.07077487750561544
0.07161692871850224
0.07250155555451254
0.07245424930659755
0.07241640430826556
0.07225556306535459
0.07171154121433222
0.0718392680837027
0.07161219809371074
0.07195753370349016
0.07249682492972104
0.07220352619264811
0.07178250058620471
0.07209472182244363
0.07203795432494564
0.07255832305201053
0.0727097030453385
0.07323007177240337
0.0731165367774074
0.0722271793166056
0.07215148931994161
0.07113440498976935
0.07063295876187047
0.07084583687748791
0.07166896559120874
0.07148447122434028
0.0713614749797613
0.07133309123101231
0.07118644186247584
0.07077014688082393
0.07042954189583601
0.0704342725206275
0.07036331314875502
0.07009366753563959
0.06971994817711118
0.07018354940667806
0.07037750502312952
0.070448464395002
0.06997540191585211
0.0695780294333662
0.07023085565459306
0.06981929129773265
0.06977671567460916
0.06975779317544316
0.0700463612877246
0.06980983004814965
0.0704626562693765
0.0709357187485264
0.07209472182244363
0.07178250058620471
0.07246371055618055
0.07379301612259175
0.07468237358339355
0.07485267607588751
0.0739633186150857
0.07513178293858594
0.07518381981129243
0.07418092735549466
0.07365109737884679
0.07375990174905125
0.0735517542582253
0.07288946678741545
0.07286108303866645
0.07239275118430806
0.07233125306201858
0.07226502431493759
0.07271916429492149
0.07142297310205079
0.07148920184913177
0.07116278873851835
0.07153177747225525
0.07206633807369464
0.07240221243389107
0.07220352619264811
0.07233125306201858
0.07207106869848613
0.07265293554784051
0.07260089867513402
0.07189603558120068
0.07294623428491344
0.07291785053616445
0.07253466992805303
0.07216095056952462
0.0708836818758199
0.07084583687748791
0.0709167962493604
0.07112967436497786
0.07108709874185436
0.07102086999477338
0.07083637562790492
0.0705099625172915
0.0700085162893926
0.06955437630940871
0.06941245756566373
0.06936988194254025
0.06875017009485389
0.06891574196255636
0.0687217863461049
0.06880693759235187
0.06863190447506642
0.06881166821714338
0.06814465012154203
0.06673019330888386
0.06676330768242435
0.06688157330221181
0.06648893144451741
0.06661665831388788
0.06625713082973396
0.06630916770244044
0.06616724895869548
0.06572730085308608
0.06565634148121359
0.06621455520661047
0.06603952208932501
0.06600167709099301
0.06593544834391203
0.06597329334224403
0.06576987647620956
0.06621455520661047
0.06620036333223597
0.06592125646953753
0.06560430460850711
0.0656232271076731
0.06538196524330665
0.0647338696468713
0.06551915336226012
0.06560430460850711
0.06565634148121359
0.06511231963019122
0.06465344902541582
0.06455410590479435
0.06418984779584892
0.06504136025831873
0.06468183277416481
0.06364109532003505
0.06364109532003505
0.06231178975362385
0.06215567913550439
0.06199010726780193
0.0616542329076055
0.06047630733452227
0.06049522983368827
0.06052834420722876
0.05995593860745739
0.060282351718070816
0.05975725236621443
0.059468684253933
0.059880248610793406
0.05982821173808692
0.059695754243924946
0.059449761754767
0.05873543741125067
0.058304950555224264
0.05796434557023634
0.05801638244294283
0.05786973307440636
0.057581164962124926
0.05700402873756206
0.05675330562361262
0.05658300313111866
0.05599167503218129
0.055920715660308803
0.0554996900538654
0.05545238380595041
0.054657638840978594
0.05443056885098664
0.05388181637517277
0.05402373511891773
0.05353648076539334
0.05294988329124748
0.05263766205500855
0.05163003897441928
0.051298895239014354
0.05128943398943136
0.05092044525569444
0.05041899902779556
0.05024396591051009
0.050201390287386606
0.050007434670935144
0.04994120592385416
0.0497756340561517
0.04972359718344521
0.04964790718678123
0.04949179656866176
0.0497945565553177
0.049766172806568705
0.049397184072831786
0.05057037902112352
0.05035277028071457
0.05097248212840093
0.05081637151028146
0.05026288840967609
0.050201390287386606
0.049851324052815685
0.04987970780156468
0.0497567115569857
0.04965736843636423
0.04967156031073872
0.049799287180109196
0.04984186280323268
0.049799287180109196
0.04986078530239868
0.049482335319078766
0.049146460958882345
0.04848890411286399
