0.0
0.0
0.0
0.0
0.0
0.0
0.0
0.0
0.0
0.0
0.0
0.0
0.0
0.0
0.0
0.0
0.0
0.0
0.0
0.0
0.0
0.0
0.0
0.0
0.0
0.0
7.568999666398282e-05
7.568999666398282e-05
7.568999666398282e-05
7.568999666398282e-05
7.568999666398282e-05
7.568999666398282e-05
0.00057240559977137
0.00057240559977137
0.00057240559977137
0.00057240559977137
0.0006149812228948604
0.0006149812228948604
0.0006149812228948604
0.0006149812228948604
0.0005345606014393787
0.0005345606014393787
0.0004919849783158883
0.0004919849783158883
0.0004919849783158883
0.00032641311061342587
0.00020341686603445383
0.00020341686603445383
0.0002601843635324409
0.0006007893485203636
0.0006149812228948604
0.0006339037220608561
0.0017976374207695918
0.0017976374207695918
0.001788176171186594
0.001788176171186594
0.0017456005480631037
0.0018402130438930821
0.0018685967926420758
0.002048360534719035
0.0021240505313830176
0.0018685967926420758
0.0025308842634519254
0.0025308842634519254
0.0025308842634519254
0.0026728030071968933
0.0031884411094702764
0.0031884411094702764
0.003850728580280126
0.003850728580280126
0.004125104818187063
0.00422917856360004
0.004650204170043444
0.004886735409618391
0.004886735409618391
0.004924580407950382
0.004971886655865372
0.004971886655865372
0.004990809155031367
0.005009731654197363
0.005009731654197363
0.005052307277320853
0.005113805399610339
0.005265185392938305
0.005501716632513251
0.005511177882096248
0.005662557875424214
0.005662557875424214
0.005936934113331152
0.006182926602489096
0.006145081604157105
0.006145081604157105
0.005970048486871645
0.00612142848019961
0.006660719706430488
0.006698564704762479
0.007039169689750402
0.007039169689750402
0.007256778430159353
0.007256778430159353
0.007540615917649288
0.007630497788687768
0.007819722780347725
0.007952180274509694
0.007904874026594705
0.00827859338512312
0.008288054634706119
0.00850093275032357
0.008850998984894491
0.007327737802031837
0.007379774674738325
0.007379774674738325
0.007446003421819309
0.007483848420151301
0.0074933096697342985
0.007658881537436761
0.008491471500740573
0.008510393999906569
0.008567161497404555
0.008661773993234534
0.008780039613022006
0.00951328645570434
0.009584245827576825
0.009853891440692262
0.00991065893819025
0.009972157060479736
0.010010002058811727
0.010151920802556695
0.01022288017442918
0.01022288017442918
0.01022288017442918
0.010241802673595176
0.010445219539629628
0.010771632650243055
0.010828400147741042
0.010847322646907038
0.010908820769196524
0.010785824524617552
0.010937204517945517
0.0110128945146095
0.0110128945146095
0.011112237635230978
0.010118806429016202
0.008836807110519995
0.008973995229473463
0.009219987718631407
0.009286216465712392
0.009328792088835882
0.009546400829244833
0.009655205199449308
0.009768740194445283
0.010473603288378623
0.010568215784208601
0.010691212028787573
0.010691212028787573
0.010719595777536567
0.010255994547969672
0.010246533298386673
0.010274917047135667
0.010563485159417102
0.010733787651911063
0.01021814954963768
0.010336415169425153
0.010946665767528514
0.01096558826669451
0.010979780141069007
0.010979780141069007
0.011173735757520464
0.011239964504601449
0.011296732002099436
0.011292001377307936
0.011897521350619798
0.012167166963735238
0.012384775704144188
0.012389506328935687
0.015303571200499026
0.01545495119382699
0.01545495119382699
0.01546441244340999
0.015383991821954508
0.015308301825290525
0.015445489944243994
0.015322493699665022
0.015469143068201487
0.015677290559027442
0.01571513555735943
0.015918552423393885
0.01606993241672185
0.01661395426774423
0.016888330505651167
0.016803179259404184
0.016803179259404184
0.016812640508987182
0.017058632998145126
0.01709647799647712
0.01743708298146504
0.017560079226044013
0.01747965860458853
0.01754115672687802
0.017597924224376005
0.017635769222707997
0.017730381718537976
0.017678344845831487
0.017640499847499495
0.01769726734499748
0.017597924224376005
0.01775403484249547
0.01766415297145699
0.017947990458946926
0.017985835457278918
0.01809937045227489
0.018515665433926798
0.0185062041843438
0.0185062041843438
0.0185062041843438
0.018600816680173778
0.018771119172667737
0.018865731668497716
0.018922499165995706
0.019892277248252984
0.020005812243248957
0.02008150223991294
0.020289649730738893
0.020431568474483863
0.020431568474483863
0.0211458928180002
0.020937745327174247
0.021022896573421226
0.02105128032217022
0.02109385594529371
0.02109385594529371
0.021245235938621678
0.021344579059243154
0.02307598773293176
0.022725921498360842
0.022692807124820347
0.023052334608974268
0.023227367726259728
0.024216068307683
0.02434852580184497
0.024234990806849
0.024405293299342958
0.024760090158705377
0.024760090158705377
0.02483578015536936
0.024977698899114328
0.025086503269318806
0.02523788326264677
0.025124348267650795
0.023170600228761738
0.023151677729595744
0.02320844522709373
0.02320844522709373
0.023180061478344737
0.023236828975842724
0.023236828975842724
0.023449707091460176
0.023553780836873154
0.023577433960830646
0.023336172096464203
0.02351120521374966
0.023690968955826622
0.023766658952490603
0.023766658952490603
0.023842348949154588
0.024102533312687028
0.024102533312687028
0.024206607058100005
0.023847079573946085
0.02399845956727405
0.024339064552261973
0.024438407672883453
0.024589787666211418
0.02453302016871343
0.02532776513368525
0.02519530763952328
0.02519530763952328
0.025308842634519255
0.0255453738740942
0.025521720750136707
0.025748790740128653
0.02589544010866512
0.026236045093653043
0.02630227384073403
0.02638269446218951
0.027035520683416362
0.027054443182582356
0.027016598184250368
0.027286243797365807
0.0273098969213233
0.027385586917987283
0.027551158785689745
0.027740383777349702
0.027768767526098696
0.02779715127484769
0.027806612524430688
0.027948531268175654
0.028572973740653512
0.028383748748993555
0.0286297412381515
0.028837888728977454
0.028837888728977454
0.02890411747605844
0.02897980747272242
0.029131187466050385
0.02897980747272242
0.02903184434542891
0.028965615598347923
0.02902711372063741
0.02902238309584591
0.028975076847930922
0.02929202870896135
0.029258914335420858
0.029277836834586853
0.028998729971888418
0.02917376308917388
0.029107534342092893
0.029126456841258887
0.02920214683792287
0.02932987370729334
0.02933933495687634
0.029452869951872313
0.029485984325412808
0.029665748067489766
0.029850242434358222
0.029831319935192228
0.03101397613306696
0.031032898632232953
0.030739599895160022
0.030758522394326016
0.03096193926036047
0.030980861759526468
0.03100924550827546
0.031075474255356447
0.03149176923700835
0.031643149230336315
0.030838943015781498
0.0308294817661985
0.030905171762862484
0.03166207172950231
0.03173303110137479
0.031841835471579275
0.03193644796740925
0.03222501607969069
0.03220609358052469
0.03225339982843968
0.032348012324269655
0.032447355444891135
0.032447355444891135
0.03262711918696809
0.032584543563844603
0.032868381051334536
0.032849458552168545
0.032868381051334536
0.03289203417529203
0.032835266677794045
0.0326129273125936
0.0326129273125936
0.032650772310925585
0.032650772310925585
0.03251358419197212
0.03247573919364013
0.0325703516894701
0.032565621064678606
0.03262238856217659
0.03290622604966653
0.03311437354049248
0.03314275728924147
0.03314275728924147
0.03309545104132649
0.032882572925709036
0.033005569170288004
0.0330481447934115
0.03311437354049248
0.03310964291570098
0.03314748791403298
0.03294880167279002
0.03340294165277392
0.03339348040319092
0.033336712905692935
0.03344551727589741
0.03341240290235691
0.03341240290235691
0.03336509665444193
0.03314275728924147
0.03319952478673946
0.03297718542153901
0.0330481447934115
0.03292987917362403
0.03292987917362403
0.032920417924041025
0.032934609798415525
0.03279269105467056
0.03279269105467056
0.032967724171956016
0.03295826292237302
0.0330386835438285
0.03292514854883252
0.03286365042654304
0.03286365042654304
0.03298191604633051
0.03298191604633051
0.03287784230091754
0.033067067292577496
0.03305760604299449
0.03299610792070501
0.03291568729924953
0.03291568729924953
0.0330386835438285
0.03326102290902895
0.033421864151939915
0.03349755414860389
0.033440786651105905
0.03334617415527593
0.03334617415527593
0.03334617415527593
0.03344551727589741
0.03343132540152291
0.03354959102131038
0.03361581976839137
0.03372935476338734
0.033771930386510836
0.03371516288901284
0.033691509765055354
0.03374354663776184
0.033677317890680854
0.03366785664109786
0.03363001164276586
0.034079420997958264
0.034211878492120235
0.034178764118579744
0.0343396053614907
0.03441056473336319
0.034282837863992714
0.03429229911357572
0.034481524105235674
0.034382180984614194
0.034500446604401665
0.034718055344810615
0.03455721410189965
0.03457613660106565
0.03459505910023165
0.034666018472104126
0.03463763472335513
0.034855243463764084
0.0343490666110737
0.03458086722585715
0.03458086722585715
0.034448409731695176
0.0343396053614907
0.03418822536816274
0.034467332230861174
0.03465655722252113
0.03458086722585715
0.034566675351482654
0.03449098535481867
0.03488835783730458
0.034987700957926055
0.03497350908355156
0.03506339095459004
0.03513908095125402
0.035072852204173034
0.03509177470333903
0.03506339095459004
0.035257346571041494
0.03518165657437751
0.03492620283563657
0.03511069720250503
0.03511542782729653
0.03488835783730458
0.03484578221418109
0.034916741586053575
0.035337767192496976
0.03519584844875201
0.035205309698335005
0.035233693447084
0.03536615094124597
0.035252615946249996
0.035271538445415994
0.03528573031979049
0.03547968593624194
0.03546076343707595
0.03556483718248893
0.035607412805612415
0.03573513967498289
0.03576352342373188
0.03569729467665089
0.035654719053527406
0.03578717654768938
0.0356878334270679
0.03592909529143434
0.03598586278893233
0.03591490341705984
0.035891250293102354
0.03602370778726432
0.03581082967164687
0.035858135919561857
0.03580136842206387
0.03584394404518736
0.035825021546021366
