0.0
0.0
0.0
0.0
0.0
0.0
0.0
0.0
0.0
1.8922499165995704e-05
8.98818710384796e-05
8.98818710384796e-05
8.98818710384796e-05
0.0002743762379069377
0.0004162949816519055
0.0006528262212268517
0.0009745087070487788
0.002374773645332461
0.004309599185055522
0.005515908506887748
0.005515908506887748
0.005629443501883722
0.0056105210027177265
0.0053976428871002746
0.005563214754802737
0.011169005132728964
0.010941935142737017
0.011102776385647979
0.01118792763189496
0.011050739512941492
0.01466966747843817
0.01480212497260014
0.014967696840302603
0.016415268026501274
0.018023680455610907
0.018175060448938875
0.01977401162846551
0.02175614341610356
0.021784527164852553
0.023757197702907608
0.023936961444984566
0.023979537068108056
0.021822372163184545
0.02259819462899037
0.02294826086356129
0.021264158437787672
0.02122631343945568
0.02135877093361765
0.021396615931949643
0.021675722794648078
0.023194253352719234
0.023118563356055253
0.023515935838541162
0.02370516083020112
0.023544319587290155
0.023553780836873154
0.023624740208745637
0.02699767568508437
0.011618414487921362
0.012100938216654252
0.012138783214986244
0.010156651427348194
0.01044048891483813
0.01075271015107706
0.011897521350619798
0.013203173793073503
0.01343024378306545
0.014764279974268149
0.01303760192537104
0.013316708788069476
0.013515395029312432
0.013595815650767914
0.014295948119909755
0.016311194281088296
0.016841024257736176
0.017077555497311124
0.01712486174522611
0.01783445546395095
0.018222366696853863
0.020559295343854332
0.02062079346614382
0.020753250960305787
0.020753250960305787
0.020810018457803777
0.021254697188204674
0.021836564037559042
0.02195009903255502
0.02219136089692146
0.02392276957061007
0.02434852580184497
0.024741167659539383
0.024854702654535356
0.025928554482205615
0.025308842634519255
0.02562579449554968
0.025824480736792638
0.02630227384073403
0.023733544578950112
0.02581028886241814
0.02518111576514878
0.025304112009727757
0.025398724505557732
0.0237855814516566
0.023941692069776064
0.024159300810185014
0.025384532631183235
0.025838672611167134
0.025256805761812766
0.025597410746800688
0.02044576034885836
0.020450490973649857
0.02065863846447581
0.020374800976985876
0.02021869035886641
0.02101816594862973
0.02043629909927536
0.0211458928180002
0.02099924344946373
0.020843132831344268
0.020682291588433304
0.018094639827483393
0.018685967926420757
0.019466521017018082
0.019892277248252984
0.02034641722823688
0.020687022213224805
0.020724867211556794
0.021510150926945616
0.022039980903593496
0.022219744645670454
0.022314357141500433
0.02242789213649641
0.023326710846881205
0.02370516083020112
0.02383761832436309
0.024116725187061525
0.024608710165377412
0.024334333927470475
0.02542710825430673
0.02586232573512463
0.026212391969695548
0.025796096988043644
0.025961668855746106
0.026538805080308973
0.027645771281519724
0.029854973059149723
0.03013881054663966
0.030446301158087087
0.030697024272036532
0.030294921164759122
0.030446301158087087
0.032447355444891135
0.033067067292577496
0.03339348040319092
0.033757738512136336
0.029977969303728695
0.03013881054663966
0.030838943015781498
0.031813451722830274
0.03187021922032827
0.03351647664776989
0.03447206285565267
0.03586286654435336
0.03696037149598111
0.037054983991811084
0.03725840085784554
0.03731043773055203
0.03769361833866344
0.03801057019969387
0.038043684573234364
0.037542238345335474
0.03778823083449342
0.038247101439268814
0.04133146880332612
0.04292095873326975
0.046156706090655024
0.047183251670410285
0.05644581501216518
0.05687157124340009
0.057344633722549984
0.05695199186485557
0.058120456188355804
0.05841848555022024
0.05824818305772628
0.05775619807941039
0.05839956305105424
0.05811099493877281
0.05924161426394105
0.059260536763107045
0.06125212980032809
0.06113859480533212
0.06127105229949409
0.06205160539009141
0.06502716838394423
0.06567053335558809
0.06575095397704357
0.06485213526665878
0.06478590651957779
0.0607885285707612
0.06049522983368827
0.06056618920556075
0.06072703044847171
0.06081691231951019
0.06095883106325516
0.060504691083271264
0.060708107949305715
0.06098248418721266
0.06278958285756525
0.06307342034505518
0.06371205469190754
0.06306868972026368
0.06288892597818672
0.06328629846067263
0.06333360470858762
0.06279431348235674
0.06391547155794199
0.06442164841063237
0.06436488091313439
0.06408577405043595
0.06377828343898852
0.0638728959348185
0.06574149272746058
0.06503662963352723
0.06639904957347892
0.06615305708432098
0.06618617145786147
0.0673877501549022
0.06728367640948922
0.06620509395702746
0.06588341147120555
0.0656516108564221
0.0655995739837156
0.06560430460850711
0.0652022015012297
0.06529208337226818
0.06531573649622567
0.06505555213269323
0.06523058524997868
0.06557592085975811
0.0656137658580901
0.0651643565028977
0.06692414892533531
0.06708025954345477
0.06689103455179482
0.0669194183005438
0.0669383407997098
0.06717960266407624
0.06725529266074023
0.06787027388363509
0.06786554325884359
0.0669288795501268
0.06747763202594068
0.06778039201259661
0.06776146951343062
0.06941245756566373
0.07148447122434028
0.07114386623935234
0.07059984438832997
0.07102086999477338
0.07050523189249999
0.07085529812707092
0.07055253814041498
0.07025450877855055
0.06910023632942482
0.0691144282037993
0.0700132469141841
0.07022139440501006
0.07018354940667806
0.07059511376353847
0.07052888501645749
0.070486309393334
0.07077487750561544
0.07077487750561544
0.07102086999477338
0.07121009498643334
0.0699990550398096
0.07015989628272057
0.07029235377688255
0.06969156442836218
0.06928946132108477
0.06945976381357873
0.06930838382025077
0.06883532134110087
0.06913335070296531
0.07032546815042304
0.07017881878188657
0.07019301065626106
0.07014570440834607
0.07027816190250805
0.07023085565459306
0.0709688331220669
0.07155543059621275
0.07156016122100425
0.07169734933995772
0.0731449205261564
0.07333414551781635
0.07343821926322933
0.07380720799696625
0.07352337050947631
0.07391601236717071
0.07342875801364633
0.07314965115094789
0.07337672114093984
0.07335779864177384
0.07384978362008973
0.07295569553449643
0.07390655111758772
0.07514124418816893
0.07386870611925574
0.07410996798362217
0.07410050673403917
0.07407212298529019
0.07404373923654119
0.07407212298529019
0.07437488297194611
0.07407685361008168
0.0740106248630007
0.07384978362008973
0.07403427798695819
0.07393966549112821
0.07390655111758772
0.07388762861842173
0.07384978362008973
0.0739917023638347
0.07405320048612418
0.07379301612259175
0.07300300178241143
0.07290365866178995
0.07446476484298459
0.07384032237050674
0.07347133363676982
0.07342875801364633
0.07334833739219085
0.07352337050947631
0.0735801380069743
0.07333414551781635
0.07340510488968884
0.07375990174905125
0.07371732612592777
0.07387343674404723
0.07476752482964052
0.07506082356671345
0.07498986419484098
0.07511286043941995
0.07526897105753941
0.07450260984131658
0.0744079973454866
0.0744127279702781
0.07426607860174164
0.07419984985466066
0.07404846986133269
0.07404846986133269
0.0744079973454866
0.07481956170234702
0.07468237358339355
0.07413362110757966
0.07419984985466066
0.07285162178908346
0.07345714176239532
0.0735281011342678
0.0735895992565573
0.07340510488968884
0.07328210864510987
0.07349025613593582
0.07298407928324543
0.07315911240053088
0.07295096490970494
0.07260089867513402
0.07208526057286063
0.07211364432160963
0.07173519433828972
0.07200957057619665
0.07075122438165794
0.07084110625269642
0.0709215268741519
0.07152704684746376
0.07122901748559933
0.07147974059954877
0.07164531246725124
0.07155543059621275
0.07027816190250805
0.0700463612877246
0.07024504752896756
0.07056673001478948
0.07045319501979351
0.06327210658629813
0.06299773034839119
0.06481429026832679
0.06506974400706773
0.06551442273746863
0.06620036333223597
0.06631862895202345
0.06717014141449325
0.06744924827719169
0.06712283516657826
0.06697618579804179
0.06712756579136976
0.06688630392700332
0.06794596388029907
0.06771416326551563
0.06815411137112502
0.06803111512654605
0.06811626637279304
0.06818249511987402
0.06875490071964539
0.06903400758234383
0.0691664650765058
0.06673965455846685
0.06677276893200734
0.06683899767908832
0.06682480580471382
0.06726475391032323
0.06718906391365925
0.06721271703761673
0.06726475391032323
0.06716541078970176
0.0664700089453514
0.06652677644284939
0.06706606766908027
0.06724110078636573
0.06731679078302971
0.06774254701426462
0.06776146951343062
0.06761008952010265
0.06811153574800154
0.06734990515657022
0.06732152140782122
0.06553807586142613
0.0661104814611975
0.06587868084641404
0.06601586896536751
0.0665456989420154
0.06658354394034738
0.06567999460517109
0.06538669586809816
0.06526843024831068
0.0651407033789402
0.06489471088978227
0.06489471088978227
0.0647527921460373
0.06489471088978227
0.06513597275414872
0.06480009839395229
0.06488998026499077
0.06486632714103327
0.06492309463853126
0.06523531587477019
0.06529208337226818
0.06492782526332276
0.06442637903542388
0.06435068903875989
0.06444530153458987
0.06458248965354334
0.06540561836726415
0.06552861461184312
0.06602533021495051
0.0665456989420154
0.0665362376924324
0.06635647395035543
0.06631862895202345
0.06629970645285745
0.06611994271078049
0.06722217828719974
0.06721271703761673
0.0669714551732503
0.0669667245484588
0.06704241454512277
0.06702349204595678
0.06688157330221181
0.06677276893200734
0.06664504206263687
0.06638485769910443
0.06636593519993843
0.06638012707431293
0.06638485769910443
0.06681534455513083
0.06677276893200734
0.06664504206263687
0.06656935206597289
0.06652677644284939
0.0664794701949344
0.06798380887863106
0.06798853950342257
0.06808315199925255
0.06822980136778901
0.06835752823715949
0.06842375698424047
0.06814465012154203
0.06809734387362704
0.06838591198590847
0.06839537323549147
0.06835279761236798
0.06816357262070802
0.06843321823382346
0.06840483448507446
0.06861771260069192
0.06858932885194292
0.06863663509985791
0.06851836948007045
0.06859879010152592
