0.0
0.0
0.0
0.0
0.0
0.0
0.0
0.0
0.0
0.0
0.0
0.0
0.0
0.0
5.676749749798711e-05
5.676749749798711e-05
5.676749749798711e-05
5.676749749798711e-05
6.622874708098497e-05
6.622874708098497e-05
6.622874708098497e-05
6.622874708098497e-05
6.622874708098497e-05
6.622874708098497e-05
8.515124624698066e-05
8.515124624698066e-05
0.00016084124291096348
0.00017030249249396133
0.0001844943668684581
0.00023180061478344737
0.00023180061478344737
0.0006149812228948604
0.014958235590719604
0.015336685574039518
0.015379261197163008
0.015407644945912001
0.01599424242005787
0.01612196928942834
0.016367961778586283
0.016391614902543778
0.01661395426774423
0.017172167993141103
0.01788649233665744
0.019414484144311593
0.023269943349383218
0.022579272129824374
0.022825264618982318
0.02387546332269508
0.02452828954392193
0.02572513761617116
0.026434731334896
0.02704498193299936
0.028379018124202057
0.028596626864611008
0.03053145240433407
0.0312646992470164
0.03242370232093364
0.03283999730258554
0.032314897950729164
0.033540129771727385
0.03375300788734484
0.03430176036315871
0.020265996606781397
0.02127835031216217
0.021434460930281635
0.02233327964066643
0.023402400843545185
0.023861271448320582
0.025166923890774285
0.025928554482205615
0.026458384458853495
0.026926716313211887
0.027115941304871844
0.027759306276515697
0.028000568140882143
0.02877165998189647
0.02915484059000788
0.02921633871229737
0.030067851174767173
0.026439461959687497
0.026051550726784587
0.026623956326555957
0.027678885655060215
0.027622118157562228
0.028133025635044114
0.028383748748993555
0.028743276233147475
0.029836050559983725
0.025777174488877647
0.026240775718444544
0.02717270880236983
0.029765091188111242
0.031203201124726916
0.031742492350957795
0.03275957668113006
0.033757738512136336
0.03201686858886473
0.03603316903684732
0.036936718372023614
0.037438164599922504
0.037826075832825413
0.038090990821149355
0.03977509324692297
0.03945814138589254
0.04100978631750419
0.04299664872993374
0.04370151182386708
0.04505447051423577
0.047500203531440716
0.04805841725683759
0.045115968636525255
0.04388600619073554
0.0453619611256832
0.04584448485441609
0.04633173920794048
0.03902765452986614
0.034027384125251775
0.037826075832825413
0.03837009768384779
0.04130781567936862
0.042343822508706885
0.04218771189058742
0.043318331215755665
0.04379139369490556
0.04506866238861027
0.04660611544584742
0.047736734771015664
0.04806314788162909
0.04853147973598748
0.048592977858276966
0.04418876617739147
0.04470913490445635
0.04451990991279639
0.045182197383606244
0.04570729673546262
0.04601478734691005
0.04621820421294451
0.04601005672211855
0.046104669217948535
0.04693725918125234
0.047415052285193736
0.04781242476767965
0.03750912397179498
0.039637905127969504
0.04187549065434849
0.04238639813183038
0.04400900243531451
0.045130160510899756
0.045314654877768215
0.04618508983940402
0.04660611544584742
0.04681899356146487
0.04700348792833333
0.04687576105896286
0.03670964838203167
0.03712121273889207
0.03770307958824644
0.039150650774445114
0.03956221513130552
0.04016773510461738
0.040290731349196356
0.04072121820522275
0.04046576446648181
0.0409388269456317
0.04166261253873104
0.042443165629328365
0.04321425747034269
0.0436116299528286
0.044377991169051424
0.04501662551590378
0.045130160510899756
0.044931474269656796
0.04558903111567515
0.04677641793834138
0.04706971667541431
0.04814829912787607
0.0489051990945159
0.049217420330754824
0.04891939096889039
0.05145500585713382
0.05151177335463181
0.05184764771482823
0.05150704272984031
0.05173884334462375
0.05179088021733024
0.04480374740028633
0.04527207925464472
0.04546130424630468
0.04620874296336151
0.04687576105896286
0.04760900790164519
0.04817668287662506
0.048706512853272946
0.04974725030740271
0.05018246778822061
0.04999324279656065
0.05036223153029756
0.05037642340467206
0.05045211340133605
0.051029249625898915
0.05135566273651234
0.0519706439594072
0.05234436331793561
0.05406158011724973
0.05426972760807568
0.05532465693657994
0.056270781894879725
0.056705999375697626
0.05881585803270615
0.059747791116631435
0.05957275799934598
0.059274728637481545
0.058919931778119126
0.05885370303103814
0.058555673669173705
0.05834279555355625
0.05869759241291867
0.0581630318114793
0.05819614618501979
0.05818668493543679
0.05826237493210077
0.05804003556690032
0.05874962928562516
0.058957776776451115
0.059090234270613086
0.057548050588584435
0.05737301747129898
0.057429784968796964
0.057396670595256466
0.056876301868191585
0.056620848129450646
0.05655935000716116
0.05738720934567347
0.0572736743506775
0.0581393786875218
0.05827183618168377
0.0581441093123133
0.05819614618501979
0.05809680306439831
0.05805422744127482
0.05795488432065334
0.05826237493210077
0.058655016789795185
0.058503636796467216
0.060405347962649784
0.06045738483535627
0.05996066923224889
0.06100140668637865
0.06066080170139073
0.06013097172474285
0.060272890468487814
0.059709946118299446
0.05972413799267394
0.05935041863414552
0.05918484676644306
0.059076042396238586
0.05889154802937013
0.058957776776451115
0.05926999801269004
0.059648447996009955
0.059709946118299446
0.06002216735453837
0.05961060299767797
0.05970521549350795
0.05854621241959071
0.059312573635813534
0.0577041612067039
0.05747709121671195
0.05601059753134728
0.05586394816281082
0.05568891504552536
0.05404738824287523
0.05441637697661215
0.05404265761808373
0.054052118867666726
0.055178007568043475
0.05607209565363677
0.0554996900538654
0.055665261921567864
0.0559301769098918
0.055362501934911934
0.055211121941583965
0.05584502566364482
0.05570783754469135
0.0550739338226305
0.05511650944575399
0.055428730681992916
0.054723867588059576
0.05466710009056159
0.055059741948256
0.054809018834306555
0.054842133207847046
0.054723867588059576
0.05470021446410208
0.05443056885098664
0.05487997820617904
0.054544103845982614
0.054458952599735634
0.05424607448411818
0.05426499698328418
0.05491782320451103
0.0546150632178551
0.05436434010390566
0.05395750637183675
0.05400954324454324
0.05387708575038127
0.05398115949579425
0.05385816325121527
0.05393858387267075
0.053801395753717285
0.05355540326455934
0.054019004494126235
0.05402846574370923
0.054236613234535186
0.05432649510557366
0.05429811135682467
0.053834510127257776
0.053867624500798274
0.05368786075872131
0.053900738874338765
0.05343713764477187
0.05315330015728193
0.05224028957252264
0.051866570213994226
0.0519706439594072
0.05166315334795977
0.05140769960921883
0.05101505775152442
0.05096775150360943
0.051114400872145895
0.052103101453569174
0.05211729332794367
0.051904415212326215
0.05180034146691324
0.051866570213994226
0.051634769599210775
0.05161111647525328
0.05104817212506491
0.051464467106716816
0.051332009612554845
0.051043441500273415
0.050631877143413
0.050489958399668036
0.05024869653530159
0.04995066717343716
0.05007366341801613
0.050054740918850135
0.05002635717010114
0.04974251968261121
0.04959113968928324
0.04960533156365774
0.049231612205129324
0.04918903658200583
0.04903765658867787
0.048427405990574504
0.04810099287996108
0.048124646003918574
0.048138837878293074
0.04957221719011724
0.0493262247009593
0.04948706594387026
0.04948706594387026
0.04926945720346131
0.04895250534243089
0.0489004684697244
0.04851728786161299
0.0484463284897405
0.04811518475433558
0.04747655040748322
0.047618469151228186
0.046946720430835344
0.04651150295001744
0.04616143671544652
0.04599113422295256
0.04571675798504562
0.04542818987276419
0.04514908301006575
0.044912551770490805
0.04488889864653331
0.04477536365153734
0.0453808836248492
0.045248426130687226
0.04514435238527425
0.04466655928133286
0.044108345555935985
0.043673128075118084
0.04349336433304113
0.043356176214087654
0.04329940871658967
0.043218988095134185
0.04343186621075164
0.043218988095134185
0.04329940871658967
0.04309599185055522
0.04299191810514224
0.043048685602640226
0.04299191810514224
0.042916228108478255
0.04283580748702277
0.042575623123490336
0.04245735750370286
0.04233909188391539
0.042296516260791894
0.04223974876329391
0.04224921001287691
0.042490471877243356
0.04242424313016237
0.04196064190059547
0.041837645656016505
0.041776147533727014
0.041700457537063036
0.042272863136834406
0.04259927624744783
0.04233909188391539
0.04210256064434044
0.04193698877663798
0.04197956439976147
0.042055254396425455
0.04164842066435655
0.04164842066435655
0.041586922542067056
0.04144973442311359
0.041605845041233054
0.04099086381833819
0.04084421444980173
0.04044211134252432
0.04026234760044736
0.039789285121297466
0.039500717009016036
0.0392121488967346
0.03897561765715965
0.038914119534870166
0.03864447392175473
0.038360636434264794
0.03810518269552385
0.03880531516466569
0.038616090173005733
0.038734355792793204
0.03863974329696323
0.03852147767717575
0.03848836330363526
0.03848363267884376
0.038114643945106844
0.03797272520136188
0.03783553708240841
0.0378875739551149
0.03766050396512295
0.03766050396512295
0.037736193961786936
0.03778823083449342
0.037688887713871945
0.03771727146262094
0.03754696897012698
0.037433433975131
0.03758008334366747
0.03748547084783749
0.03737666647763301
0.03709755961493458
0.03682318337702764
0.036146704031843294
0.036146704031843294
0.03591963404185135
0.035858135919561857
0.03561214343040391
0.03526207719583299
0.0352478853214585
0.035389804065203465
0.0352384240718755
0.03545130218749295
0.035351959066871476
0.035266807820624496
0.03482212909022359
0.034632904098563635
0.034699132845644624
0.034566675351482654
0.03439164223419719
0.03427337661440972
0.034344335986282205
0.03405103724920927
0.03374354663776184
0.033540129771727385
0.03373408538817884
0.03402265350046028
0.03400373100129428
0.03382869788400882
0.03374354663776184
0.03370570163942985
0.0334739010246464
0.03277849918029606
0.03242370232093364
0.032518314816763615
0.032518314816763615
0.03232435920031216
0.03235747357385265
0.03232435920031216
0.03220609358052469
0.031908064218660256
0.031874949845119765
0.03184656609637077
0.03174722297574929
