0.0
0.0
0.0
0.0
0.0
0.0
0.0
0.0
0.0
0.0
0.0
0.0
0.0
0.0
0.0
0.0
0.0
9.461249582997852e-06
9.461249582997852e-06
6.622874708098497e-05
6.622874708098497e-05
0.000255453738740942
0.00028383748748993557
0.00028383748748993557
0.0003595274841539184
0.0003784499833199141
0.0005203687270648818
0.0005203687270648818
0.0005203687270648818
0.0005534831006053743
0.000832589963303811
0.0010312762045467658
0.0011306193251682433
0.0012914605680792069
0.0016793718009821188
0.0018969805413910693
0.001977401162846551
0.001986862412429549
0.002242316151170491
0.002346389896583467
0.0025734598865754157
0.0025734598865754157
0.002620766134490405
0.0027343011294863793
0.00286202799885685
0.00286202799885685
0.0028998729971888414
0.001906441790974067
0.0020956667826340244
0.0022139324024214972
0.0016746411761906198
0.0019159030405570651
0.0020625524090935317
0.0012536155697472154
0.0013718811895346887
0.001532722432445652
0.0015421836820286498
0.0021287811561745166
0.002303814273459977
0.002360581770957964
0.0026491498832393987
0.0027343011294863793
0.002762684878235373
0.002828913625316358
0.0033445517275897405
0.004829967912120404
0.005052307277320853
0.005279377267312801
0.005525369756470746
0.00559159850355173
0.005563214754802737
0.0057240559977137
0.007587922165564277
0.007947449649718196
0.007417619673070316
0.007904874026594705
0.008117752142212158
0.008108290892629159
0.00854350837344706
0.009891736439024254
0.010771632650243055
0.01079055514940905
0.011135890759188471
0.011008163889818
0.011485956993759393
0.01176033323166633
0.012536155697472153
0.011036547638566995
0.011783986355623825
0.013496472530146436
0.013458627531814444
0.014092531253875301
0.014347984992616242
0.01431487061907575
0.01444732811323772
0.014414213739697227
0.01462236123052318
0.015015003088217592
0.015686751808610438
0.01580974805318941
0.015894899299436393
0.017025518624604635
0.01708701674689412
0.019272565400566623
0.020336955978653884
0.020289649730738893
0.020710675337182297
0.020819479707386773
0.02255088838107538
0.023936961444984566
0.023884924572278077
0.024078880188729532
0.02637323321260651
0.026430000710104498
0.027205823175910325
0.029211608087505867
0.02943394745270632
0.029793474936860236
0.03021923116809514
0.030507799280376575
0.030995053633900965
0.031841835471579275
0.032314897950729164
0.032717001058006574
0.032849458552168545
0.03286365042654304
0.03286365042654304
0.032787960429879054
0.032887303550500534
0.033067067292577496
0.03315694916361597
0.03351174602297839
0.03370097101463835
0.034363258485448196
0.030153002421014156
0.030190847419346144
0.030455762407670086
0.030275998665593128
0.029131187466050385
0.02941502495354032
0.031557997984089335
0.03150123048659135
0.0317188392270003
0.03210675045990321
0.03241897169614214
0.03182291297241328
0.03207363608636272
0.032310167325937666
0.03235274294906115
0.03251358419197212
0.032717001058006574
0.03304341416862
0.03382396725921732
0.032698078558840576
0.03514381157604552
0.03527626907020749
0.03427337661440972
0.03582029092122987
0.03618927965496679
0.038564053300299245
0.03897561765715965
0.03973724824859098
0.0400825838583704
0.040579299461477786
0.04152542441977757
0.040900981947299714
0.04118955005958115
0.04092463507125721
0.041388236300824104
0.04150177129582008
0.04180453128247601
0.041832915031225
0.044609791783834875
0.044680751155707354
0.04523896488110423
0.04506866238861027
0.04479428615070333
0.044642906157375366
0.04473751865320534
0.04497878051757179
0.04706025542583132
0.04741032166040224
0.047235288543116774
0.047367746037278745
0.047538048529772704
0.047433974784359734
0.04746235853310873
0.04808207038079509
0.04807733975600358
0.04831860162037003
0.04856459410952797
0.04910388533575885
0.04990809155031367
0.04980874842969219
0.05013043091551412
0.05034803965592307
0.0506555302673705
0.05003581841968414
0.049766172806568705
0.04969521343469622
0.05026288840967609
0.050981943377983924
0.050892061506945446
0.051128592746520395
0.0510954783729799
0.05068391401611949
0.050981943377983924
0.050892061506945446
0.05194699083544971
0.051989566458573194
0.051937529585866705
0.05177668834295575
0.052003758332947694
0.05209364020398617
0.05210783207836067
0.05220244457419065
0.05234909394272712
0.05236328581710161
0.05254778018397007
0.053465521393520864
0.05351755826622735
0.05317222265644793
0.053366178272899384
0.053583787013308334
0.05368786075872131
0.05142189148359332
0.051786149592538744
0.05184764771482823
0.05264712330459155
0.05276065829958752
0.05313437765811594
0.0537209751322618
0.05384397137684078
0.05492728445409403
0.055092856321796495
0.05522058319116696
0.055196930067209465
0.05566999254635936
0.056034250655304776
0.056540427507995164
0.05661611750465915
0.05664450125340814
0.05715067810609852
0.05759062621170793
0.05721690685317951
0.05661138687986765
0.056625578754242144
0.05659719500549315
0.056720191250072126
0.0567958812467361
0.05706552685985154
0.059090234270613086
0.0590287361483236
0.059076042396238586
0.05908550364582159
0.059430839255601005
0.061729922904269485
0.061294705423451584
0.06037696421390079
0.060452654210564775
0.06218879350904488
0.05881112740791465
0.05866447803937818
0.05897669927561711
0.058872625530204135
0.06015935547349184
0.06027762109327932
0.060622956703058735
0.060585111704726746
0.06094936981367216
0.060774336696386703
0.06056618920556075
0.0607932591955527
0.06065607107659923
0.06070337732451422
0.05967210111996745
0.059615333622469464
0.05964371737121846
0.057127024982141034
0.05703714311110255
0.056824264995485096
0.056928338740898074
0.057060796235060045
0.05698510623839606
0.05523477506554146
0.055362501934911934
0.05541926943240992
0.055613225048861376
0.05491309257971953
0.05486578633180454
0.054761712586391564
0.05515435444408598
0.05512124007054549
0.055442922556367416
0.0511238621217289
0.05092517588048594
0.05088260025736245
0.05072175901445149
0.05092517588048594
0.050996135252358424
0.05122793586714187
0.05081637151028146
0.050977212753192426
0.050726489639242985
0.050759604012783476
0.051029249625898915
0.05145500585713382
0.054085233241207224
0.05402373511891773
0.054085233241207224
0.05398115949579425
0.05399535137016874
0.054066310742041226
0.054823210708681056
0.05487997820617904
0.055078664447421995
0.05566999254635936
0.05547603692990791
0.05540507755803542
0.05510704819617099
0.05540507755803542
0.05501243570034101
0.05535304068532893
0.05557538005052938
0.05522058319116696
0.05558957192490388
0.0554949594290739
0.05572202941906585
0.054473144474110134
0.05430757260640767
0.05471440633847658
0.05470494508889358
0.055343579435745936
0.055968021908223795
0.05470494508889358
0.054861055707013044
0.0546197938426466
0.05479955758472356
0.054761712586391564
0.05476644321118307
0.054809018834306555
0.054842133207847046
0.05457721821952311
0.05442583822619514
0.054170384487454204
0.05393858387267075
0.05403792699329223
0.053933853247879256
0.05390546949913026
0.05404738824287523
0.05391020012392176
0.05406158011724973
0.05527262006387345
0.05529154256303945
0.05545238380595041
0.05591125441072581
0.05589706253635131
0.058286028056058266
0.058290758680849764
0.05846579179813523
0.058517828670841716
0.05853202054521621
0.05898616052520011
0.059175385516860066
0.058990891149991606
0.0590381973979066
0.06017827797265784
0.060187739222240834
0.06062768732785023
0.05954910487538848
0.05972413799267394
0.059795097364546426
0.05987551798600191
0.0599133629843339
0.059648447996009955
0.05970521549350795
0.059577488624137476
0.059345688009354025
0.06132308917220058
0.06145554666636255
0.0612379379259536
0.061289974798660087
0.06137039542011557
0.06087841044179968
0.06111967230616613
0.061072366058251136
0.060977753562421154
0.06062768732785023
0.06041480921223279
0.05879220490874865
0.05847525304771822
0.05866447803937818
0.05866447803937818
0.05866447803937818
0.058707053662501674
0.05875435991041666
0.058702323037710176
0.0585935186675057
0.05854148179479921
0.058385371176679746
0.058503636796467216
0.05867393928896118
0.05865974741458668
0.05841375492542874
0.058267105556892275
0.05796434557023634
0.05817249306106229
0.057983268069402336
0.057803504327325374
0.058049496816483324
0.058082611190023815
0.05793123119669585
0.05830968118001576
0.05808734181481531
0.05798799869419383
0.05792650057190435
0.05806368869085782
0.05844686929896923
0.0585982492922972
0.058773282409582656
0.058021113067734324
0.0581393786875218
0.05818195431064529
0.05834279555355625
0.05823872180814328
0.05787446369919786
0.05748655246629495
0.05752912808941844
0.058338064928764755
0.05034803965592307
0.050556187146749025
0.050608224019455514
0.050489958399668036
0.05083056338465596
0.05046157465091904
0.0502345046609271
0.04966209906115573
0.04968102156032172
0.04984186280323268
0.049633715312406734
0.049619523438032234
0.0493451472001253
0.04920322845638033
0.049349877824916795
0.049179575332422835
0.049009272839928876
0.04911807721013335
0.04901873408951187
0.048928852218473394
0.04880585597389442
0.04856932473431947
0.04860243910785997
0.04838483036745102
0.04840848349140851
0.048290217871621036
0.04810099287996108
0.048105723504752576
0.047921229137884123
0.047755657270181655
0.047329901038946756
0.04728732541582326
0.047235288543116774
0.04722109666874228
0.04716905979603579
0.046979834804375835
0.047348823538112754
0.04778877164372215
0.047732004146224166
0.047651583524768684
0.047684697898309175
0.047585354777687695
0.047585354777687695
0.04722582729353378
0.04727313354144877
0.04734409291332125
0.04722582729353378
0.04708863917458031
0.047183251670410285
0.04752385665539821
0.04760900790164519
0.04749074228185772
0.047566432278521704
0.04754277915456421
0.04744343603394273
0.04746235853310873
0.04737720728686175
0.047320439789363754
0.04653515607397494
0.04665815231855391
0.046847377310213864
0.04628443296002549
0.04661557669543042
0.04682372418625637
0.046847377310213864
0.046828454811047866
0.046724381065634896
0.04663922981938791
0.04642635170377046
0.04611886109232303
0.046057362970033544
