0.0
0.0
0.0
0.0
0.0
0.0
0.0
0.0
0.0
1.8922499165995704e-05
1.8922499165995704e-05
1.8922499165995704e-05
1.8922499165995704e-05
1.8922499165995704e-05
2.8383748748993554e-05
5.676749749798711e-05
0.00013718811895346885
0.00013718811895346885
0.00013718811895346885
0.0001844943668684581
0.0003074906114474302
0.0005156381022733829
0.000638634346852355
0.0009319330839252884
0.0012583461945387144
0.001348228065577194
0.0014049955630751811
0.0015658368059861445
0.0019490174140975576
0.002119319906591519
0.002242316151170491
0.0024078880188729535
0.0025971130105329103
0.0027343011294863793
0.002857297374065351
0.002828913625316358
0.002961371119478328
0.00299448549301882
0.0029755629938528244
0.0032877842300917536
0.0035905442167476847
0.005402373511891773
0.005440218510223765
0.005624712877092223
0.005705133498547705
0.005979509736454642
0.006225502225612587
0.006627605332889995
0.006812099699758454
0.006864136572464942
0.007247317180576355
0.007819722780347725
0.00788595152742871
0.008065715269505669
0.008046792770339673
0.008586083996570551
0.008581353371779052
0.00863339024448554
0.008841537735311492
0.00942813520945736
0.009986348934854233
0.010374260167757145
0.012294893833105709
0.01229016320831421
0.012602384444553139
0.012895683181626072
0.013056524424537036
0.013293055664111982
0.013539048153269926
0.013425513158273951
0.013311978163277978
0.013378206910358962
0.012895683181626072
0.01299502630224755
0.013023410050996543
0.0132126350426565
0.013505933779729433
0.013335631287235472
0.014234449997620269
0.014362176866990739
0.014821047471766135
0.014915659967596114
0.015298840575707526
0.015218419954252046
0.01545968181861849
0.015980050545683373
0.01573405805652543
0.01571513555735943
0.0158617849258959
0.015790825554023415
0.016490958023165254
0.016358500529003287
0.016495688647956756
0.01656191739503774
0.016883599880859666
0.017148514869183607
0.017385046108758552
0.01767361422103999
0.01775403484249547
0.01704917174856213
0.017342470485635062
0.018127754201023884
0.018615008554548274
0.020582948467811828
0.020412645975317865
0.020578217843020326
0.020918822828008252
0.020814749082595275
0.021070202821336217
0.021557457174860607
0.022300165267125936
0.022484659633994396
0.022659692751279856
0.02277322774627583
0.022919877114812297
0.023137485855221247
0.02347809084020917
0.02330778834771521
0.0233456333460472
0.023638932083120134
0.024339064552261973
0.025081772644527305
0.025100695143693303
0.025247344512229767
0.025337226383268248
0.025341957008059746
0.024868894528909852
0.02519057701473178
0.025256805761812766
0.025304112009727757
0.025086503269318806
0.023799773326031098
0.02388019394748658
0.024159300810185014
0.02417349268455951
0.02461817141496041
0.024769551408288376
0.024944584525573837
0.024551942667879426
0.023146947104804246
0.02294826086356129
0.022934068989186793
0.023099640856889255
0.022919877114812297
0.022456275885245403
0.022456275885245403
0.02312329398084675
0.023719352704575616
0.023142216480012745
0.02361054833437114
0.02370516083020112
0.023899116446652574
0.02409307206310403
0.023946422694567565
0.023818695825197092
0.02383288769957159
0.024064688314355036
0.024216068307683
0.024523558919130432
0.02480266578182887
0.024708053285998892
0.025606871996383687
0.0259805913549121
0.026430000710104498
0.026742221946343427
0.026765875070300923
0.027186900676744327
0.027111210680080346
0.027205823175910325
0.027073365681748354
0.02734774191965529
0.027456546289859766
0.027503852537774758
0.02747546878902576
0.027541697536106746
0.027593734408813235
0.027376125668404284
0.027328819420489297
0.026832103817381908
0.02660976445218146
0.026377963837398013
0.026534074455517476
0.02677533631988392
0.026761144445509425
0.026846295691756405
0.02743289316590227
0.025928554482205615
0.024769551408288376
0.025006082647863324
0.025393993880766234
0.02532303450889375
0.025379802006391738
0.02528518951056176
0.025412916379932232
0.024731706409956384
0.024717514535581887
0.02629754321594253
0.025171654515565786
0.025247344512229767
0.02484051078016086
0.02489727827765885
0.025270997636187262
0.02572040699137966
0.02566837011867317
0.026008975103661094
0.025909631983039617
0.026004244478869596
0.026160355096989062
0.026136701973031567
0.025923823857414114
0.026046820101993086
0.026169816346572058
0.026439461959687497
0.026316465715108525
0.026184008220946554
0.026141432597823065
0.02641580883573
0.02637323321260651
0.026236045093653043
0.025630525120341183
0.025881248234290624
0.02593801573178861
0.026311735090317027
0.02607047322595058
0.026098856974699575
0.025867056359916128
0.0259995138540781
0.02595693823095461
0.026094126349908077
0.025928554482205615
0.025952207606163107
0.025796096988043644
0.025658908869090176
0.025611602621175185
0.025777174488877647
0.02562579449554968
0.02567783136825617
0.025881248234290624
0.025748790740128653
0.025616333245966686
0.02550752887576221
0.025611602621175185
0.025734598865754157
0.02502027452223782
0.02505811952056981
0.02488781702807585
0.024911470152033346
0.024816857656203367
0.025228422013063773
0.02515273201639979
0.024059957689563538
0.0237903120764481
0.023728813954158615
0.02366258520707763
0.02356324208645615
0.023681507706243624
0.02362000958395414
0.023515935838541162
0.02360108708478814
0.023482821465000667
0.023681507706243624
0.02351120521374966
0.023681507706243624
0.023544319587290155
0.023761928327699106
0.02351120521374966
0.022787419620650326
0.022787419620650326
0.022801611495024823
0.022683345875237352
0.02259819462899037
0.022584002754615872
0.022541427131492382
0.022673884625654353
0.022882032116480305
0.022631309002530863
0.022650231501696858
0.022792150245441827
0.022617117128156367
0.022498851508368892
0.02241843088691341
0.02240896963733041
0.022352202139832425
0.022248128394419447
0.022181899647338466
0.022215014020878956
0.021997405280470006
0.022300165267125936
0.02215824652338097
0.022125132149840476
0.022039980903593496
0.021912254034223026
0.021519612176528615
0.021467575303822126
0.02145338342944763
0.021741951541729063
0.021604763422775595
0.021557457174860607
0.021519612176528615
0.021510150926945616
0.021642608421107587
0.020497797221564848
0.020195037234908914
0.020232882233240906
0.020199767859700415
0.02008150223991294
0.020180845360534418
0.020109885988661935
0.02042683784969236
0.020606601591769323
0.02082894095696977
0.021188468441123688
0.020961398451131742
0.020862055330510262
0.02065390783968431
0.020639715965309814
0.020644446590101312
0.02110804781966821
0.021041819072587224
0.021032357823004225
0.02093301470238275
0.020810018457803777
0.020843132831344268
0.02088097782967626
0.020720136586765296
0.020630254715726815
0.020767442834680284
0.020776904084263283
0.020379531601777374
0.020360609102611376
0.02030384160511339
0.02017611473574292
0.020062579740746947
0.02000108161845746
0.020095694114287438
0.020171384110951422
0.020114616613453432
0.020213959734074912
0.020294380355530394
0.020109885988661935
0.019930122246584976
0.019826048501172
0.019584786636805553
0.019613170385554546
0.01968886038221853
0.019759819754091013
0.019712513506176026
0.01991119974741898
0.019797664752423005
0.01948071289139258
0.019206336653485638
0.01910699353286416
0.01889884604203821
0.01885627041891472
0.018827886670165727
0.018861001043706218
0.01881369479579123
0.018946152289953198
0.01934352477243911
0.019400292269937097
0.019442867893060586
0.019759819754091013
0.01974089725492502
0.01964628475909504
0.019518557889724567
0.019400292269937097
0.019220528527860138
0.018998189162659686
0.018728543549544247
0.01867177605204626
0.018742735423918744
0.018525126683509793
0.01844470606205431
0.01835955481580733
0.0185014735595523
0.01859608605538228
0.01854877980746729
0.0185014735595523
0.01832644044226684
0.01836901606539033
0.018652853552880266
0.018558241057050288
0.018302787318309345
0.018000027331653415
0.017777687966452963
0.017631038597916496
0.017342470485635062
0.017153245493975105
0.016595031768578232
0.016486227398373757
0.016434190525667268
0.016500419272748253
0.016311194281088296
0.01608412429109635
0.01612196928942834
0.016183467411717826
0.015752980555691423
0.015805017428397912
0.015975319920891875
0.0158523236763129
0.015998973044849367
0.01590909117381089
0.015975319920891875
0.015871246175478897
0.015894899299436393
0.015828670552355407
0.01577663367964892
0.015601600562363458
0.015540102440073972
0.015540102440073972
0.015417106195495
0.01567255993423594
0.0154123755707035
0.015232611828626542
0.015208958704669047
0.015431298069869497
0.015322493699665022
0.015525910565699476
0.015407644945912001
0.015322493699665022
0.015436028694660996
0.015516449316116477
0.015700943682984934
0.015393453071537505
0.015294109950916028
0.01537453057237151
0.015331954949248019
0.015388722446746007
0.015341416198831018
0.01537453057237151
0.015402914321120504
0.015232611828626542
0.015275187451750032
0.014830508721349132
0.014792663723017142
0.01462236123052318
0.014541940609067699
0.014641283729689177
0.014627091855314679
0.014508826235527206
0.014513556860318706
0.01471224310156166
0.014362176866990739
0.014125645627415794
0.013983726883670826
0.013884383763049348
0.013997918758045323
0.01401211063241982
0.013945881885338834
0.013856000014300355
0.01378504064242787
0.01348228065577194
0.013505933779729433
0.013543778778061425
0.013505933779729433
0.013401860034316457
0.013236288166613996
0.012938258804749563
0.012966642553498556
0.012938258804749563
0.012853107558502582
0.012678074441217121
0.012630768193302132
0.012630768193302132
0.012668613191634124
0.012583461945387142
0.012451004451225173
0.01246992695039117
0.012294893833105709
0.012389506328935687
0.012375314454561191
0.012521963823097657
0.012474657575182667
0.012313816332271705
0.012275971333939713
0.012375314454561191
0.012436812576850677
0.012484118824765666
0.012280701958731212
0.012105668841445752
0.011963750097700784
0.011873868226662304
0.01197794197207528
0.01197794197207528
0.012115130091028749
0.01219555071248423
0.012138783214986244
0.012119860715820248
0.012171897588526737
0.012134052590194745
0.012115130091028749
0.012096207591862754
0.012077285092696758
0.011850215102704809
0.011689373859793847
0.011821831353955816
0.011840753853121812
0.011779255730832326
0.011769794481249329
0.011731949482917337
