0.0
0.0
0.0
0.0
0.0
0.0
0.0
0.0
0.0
0.0
0.0
0.0
0.0
0.0
0.0
0.0
0.0
0.0
0.0
0.0
0.0
0.0
0.0
9.461249582997852e-06
4.257562312349033e-05
4.257562312349033e-05
0.0006055199733118625
0.0007001324691418411
0.0007001324691418411
0.0007190549683078368
0.0007190549683078368
0.0007332468426823335
0.0007332468426823335
0.0008042062145548174
0.0008136674641378153
0.0008136674641378153
0.0008136674641378153
0.0012394236953727185
0.0013908036887006843
0.0013908036887006843
0.0014523018109901702
0.0014948774341136605
0.0017976374207695918
0.0018449436686845812
0.001920633665348564
0.001669910551399121
0.0007710918410143249
0.0008089368393463163
0.0014286486870326756
0.001466493685364667
0.0013718811895346887
0.0013908036887006843
0.0013860730639091853
0.001603681804318136
0.0020152461611785424
0.002251777400753489
0.003410780474670726
0.0035243154696666997
0.0035243154696666997
0.003713540461326657
0.003770307958824644
0.003207363608636272
0.0031742492350957793
0.0036141973407051793
0.003841267330697128
0.003935879826527106
0.003935879826527106
0.004319060434638519
0.004555591674213466
0.004867812910452395
0.005336144764810789
0.005298299766478797
0.007881220902637211
0.008008947772007682
0.008079907143880165
0.007696726535768752
0.007876490277845712
0.008288054634706119
0.00894561148072447
0.00921052646904841
0.009494363956538344
0.009991079559645732
0.010842592022115538
0.011741410732500334
0.011817100729164318
0.01171775760854284
0.013061255049328535
0.012942989429541061
0.01347755003098044
0.013420782533482454
0.01418714374970528
0.014262833746369262
0.0158617849258959
0.015842862426729904
0.016410537401709776
0.016457843649624763
0.016325386155462793
0.01846362856122031
0.019088071033698167
0.019277296025358125
0.019726705380550522
0.020441029724066858
0.02136350155840915
0.021784527164852553
0.02091409220321675
0.021945368407763517
0.022617117128156367
0.022900954615646302
0.022872570866897306
0.02326048209980022
0.023355094595630198
0.023411862093128184
0.024296488929138483
0.02414983956060202
0.024911470152033346
0.024509367044755936
0.025081772644527305
0.02462290203975191
0.02488781702807585
0.02506758077015281
0.024954045775156836
0.025569026998051695
0.026018436353244093
0.02641580883573
0.026529343830725978
0.029481253700621306
0.029708323690613256
0.030271268040801626
0.031070743630564945
0.031203201124726916
0.026690185073636942
0.02677533631988392
0.0273146275461148
0.028483091869615035
0.029093342467718396
0.030030006176435184
0.030048928675601178
0.030072581799558674
0.03219190170615019
0.032750115431547065
0.031874949845119765
0.03052199115475107
0.031813451722830274
0.03243789419530813
0.032953532297581516
0.03276430730592156
0.0330386835438285
0.03408888224754126
0.03511069720250503
0.03552699218415693
0.035342497817288474
0.03452409972835916
0.03443894848211218
0.034987700957926055
0.0356783721774849
0.03603316903684732
0.03651096214078871
0.03627443090121377
0.03625550840204777
0.03835117518468179
0.037542238345335474
0.03840794268217978
0.03855932267550775
0.03939191263881156
0.03981293824525496
0.04016300447982588
0.040177196354200376
0.040025816360872414
0.04033330697231984
0.041638959414773545
0.04302503247868273
0.043015571229099735
0.040498878840022304
0.03774565521136993
0.03792068832865539
0.03791122707907239
0.03800110895011087
0.038161950193021835
0.03807206832198336
0.03857351454988224
0.03853566955155025
0.03853566955155025
0.037636850841165456
0.03791122707907239
0.03840321205738828
0.03838902018301379
0.038412673306971276
0.03904184640424064
0.03915538139923661
0.039718325749424986
0.03986024449316995
0.03902292390507464
0.03927364701902408
0.03983186074442096
0.04022450260211537
0.04034749884669434
0.04029546197398785
0.04031911509794535
0.04065498945814177
0.04072594883001426
0.0409624800695892
0.04162476754039905
0.04202214002288496
0.04225394063766841
0.0370029471191046
0.03846944080446927
0.038043684573234364
0.038308599561558306
0.038833698913414684
0.03898980953153415
0.03924053264548359
0.03932568389173057
0.036969832745564105
0.037054983991811084
0.03539453468999496
0.036127781532677296
0.03644000276891623
0.03822344831531132
0.038038953948442866
0.0383180608111413
0.03884316016299768
0.03939664326360306
0.03806260707240036
0.03849782455321826
0.03816668081781333
0.03828021581280931
0.0392026876471516
0.03949125575943303
0.04089152069771672
0.04105709256541918
0.0409766719439637
0.04117535818520665
0.04104763131583618
0.04153961629415207
0.04031911509794535
0.04087259819855072
0.040777985702720745
0.04087259819855072
0.04070702633084826
0.04223974876329391
0.0427033499928608
0.04305814685222323
0.04308653060097222
0.0422775937616259
0.04309126122576372
0.04356432370491361
0.04336090683887916
0.04345551933470913
0.04253304750036684
0.04285472998618877
0.04357378495449661
0.04505920113902727
0.0440468474336465
0.04374408744699057
0.04398534931135702
0.0449220130200738
0.04424553367488945
0.044912551770490805
0.045872868603165085
0.04590125235191408
0.04594382797503757
0.0462560492112765
0.04646892732689395
0.04646892732689395
0.04619928171377851
0.046232396087319
0.04601005672211855
0.045749872358586116
0.04596748109899507
0.04607155484440804
0.04598640359816106
0.04594382797503757
0.046274971710442495
0.04591544422628858
0.04598167297336956
0.04590125235191408
0.046270241085651
0.04609520796836553
0.046156706090655024
0.0462655104608595
0.04609993859315704
0.04598167297336956
0.04609520796836553
0.046038440470867546
0.04576406423296061
0.045839754229624594
0.045839754229624594
0.046251318586485
0.046270241085651
0.04608574671878254
0.0457924479817096
0.045905982976705575
0.04602424859649305
0.04621820421294451
0.0462560492112765
0.046643960444179414
0.046341200457523476
0.04628443296002549
0.04776511851976466
0.04718798229520179
0.04739612978602774
0.04725421104228277
0.04673857294000939
0.04830914037078703
0.048522018486404486
0.048791664099519926
0.04882004784826892
0.04838483036745102
0.04819560537579106
0.048072609131212085
0.048711243478064443
0.04864974535577495
0.04855040223515348
0.04884843159701791
0.04884843159701791
0.048961966592013885
0.04902819533909487
0.04938772282324879
0.04829494849641253
0.0480158416337141
0.04832806286995303
0.04853621036077898
0.0480300335080886
0.04811045412954408
0.04855513285994498
0.04806314788162909
0.047736734771015664
0.04775092664539016
0.04774619602059866
0.047381937911653245
0.0475617016537302
0.04753331790498121
0.047452897283525725
0.046710189191260396
0.04658246232188992
0.046539886698766436
0.04661557669543042
0.046809532311881875
0.04692306730687785
0.046189820464195515
0.046123591717114526
0.04658246232188992
0.04658246232188992
0.04659665419626442
0.04663449919459641
0.04667234419292841
0.04679060981271588
0.04704606355145682
0.04705079417624832
0.0471028310489548
0.04760427727685369
0.04779350226851365
0.048072609131212085
0.04819560537579106
0.04820033600058256
0.04828548724682954
0.048427405990574504
0.048460520364114995
0.04920795908117183
0.049212689705963326
0.04929311032741881
0.04928364907783581
0.04939245344804029
0.04967156031073872
0.04986078530239868
0.049785095305734696
0.049737789057819705
0.05016827591384611
0.050021626545309644
0.05013043091551412
0.04962898468761523
0.04937826157366579
0.04989863030073067
0.049401914697623284
0.049766172806568705
0.0502108515369696
0.050896792131736944
0.0515590796025468
0.05144554460755082
0.051549618352963796
0.05189495396274322
0.051346201486929345
0.05141243023401033
0.051114400872145895
0.050579840270706514
0.050594032145081014
0.05071702838965999
0.050679183391327993
0.05051361152362553
0.050660260892161996
0.05075014276320048
0.05045211340133605
0.05135093211172084
0.05125158899109936
0.051029249625898915
0.0510860171233969
0.0511002089977714
0.05116643774485238
0.05101505775152442
0.05103871087548191
0.05092044525569444
0.051062363999439406
0.05093463713006894
0.0502345046609271
0.05001216529572665
0.049652637811572725
0.049699944059487716
0.049364069699291295
0.04955802531574275
0.049397184072831786
0.04936880032408279
0.04908496283659285
0.048928852218473394
0.04880112534910292
0.048777472225145425
0.048678129104523946
0.04874908847639643
0.048219258499748556
0.04769415914789217
0.04767996727351768
0.04785026976601164
0.047888114764343626
0.047987457884965105
0.04796853538579911
0.04805841725683759
0.04805841725683759
0.04813410725350157
0.04774619602059866
0.04840848349140851
0.048810586598685916
0.04895250534243089
0.04908969346138436
0.0488815459705584
0.049014003464720374
0.04918903658200583
0.048843700972226414
0.048829509097851914
0.04883897034743491
0.048876815345766905
0.04836590786828502
0.04901873408951187
0.04919849783158883
0.0493309553257508
0.04939245344804029
0.0493451472001253
0.04942556782158078
0.04940664532241478
0.049278918453044315
0.04950598844303626
0.049364069699291295
0.0493262247009593
0.04858351660869397
0.048522018486404486
0.048597708483068464
0.048375369117868015
0.048678129104523946
0.04796853538579911
0.04796380476100761
0.04791649851309262
0.04832806286995303
0.048025302883297094
0.047821886017262644
0.04764212227518568
0.04706971667541431
0.04648784982605995
0.046809532311881875
0.04658719294668142
0.04606209359482504
0.04620401233857001
0.04567891298671363
0.045451842996721684
0.04523896488110423
0.044661828656541364
0.044458411790506906
0.044458411790506906
0.044477334289672904
0.04384816119240355
0.043971157436982516
0.04387654494115254
0.043923851189067525
0.04391912056427603
0.04378666307011406
0.043450788709917636
0.04328994746700667
0.04347917245866663
0.0431669512224277
0.04306760810180622
0.04278850123910779
0.042878383110146266
0.043148028723261705
0.04299191810514224
0.04270808061765231
0.042476280002868856
0.042542508749949845
0.04252358625078385
0.042627659996196825
0.042679696868903313
0.04255670062432434
0.042575623123490336
0.04181872315685051
