0.0
0.0
0.0
0.0
0.0
0.0006055199733118625
0.0006055199733118625
0.00020814749082595274
0.00033587436019642374
0.00042575623123490336
0.0006670180956013486
0.0017408699232716047
0.0017692536720205984
0.0018449436686845812
0.002488308640328435
0.0025734598865754157
0.0017408699232716047
0.0027011867559458866
0.005487524758138755
0.005624712877092223
0.007341929676406333
0.007616305914313271
0.008685427117192028
0.008903035857600978
0.007114859686414385
0.007341929676406333
0.00762103653910477
0.007100667812039888
0.007375044049946826
0.007441272797027811
0.007095937187248389
0.008349552756995605
0.008576622746987552
0.008836807110519995
0.007857567778679716
0.021708837168188572
0.022058903402759494
0.022139324024214972
0.02223393652004495
0.022759035871901333
0.028142486884627112
0.028445246871283043
0.028662855611691993
0.010894628894822027
0.011027086388983996
0.023638932083120134
0.02361054833437114
0.015085962460090075
0.015275187451750032
0.01515219120717106
0.015573216813614465
0.01602735679359836
0.01625442678359031
0.016197659286092323
0.01647203552399926
0.01621185116046682
0.016103046790262344
0.01624496553400731
0.014371638116573738
0.015833401177146905
0.014608169356148684
0.014858892470098127
0.01563471493590395
0.02030384160511339
0.02065390783968431
0.019570594762431056
0.02021869035886641
0.020729597836348295
0.021666261545065083
0.022971913987518786
0.0233503639708387
0.023586895210413645
0.023189522727927736
0.02220082214650446
0.022669154000862852
0.022891493366063304
0.02339293959396219
0.02418295393414251
0.023236828975842724
0.02352539708812416
0.02300029773626778
0.022962452737935787
0.02285364836773131
0.02074378971072279
0.021197929690706687
0.021372962807992148
0.02295772211314429
0.023265212724591717
0.02374773645332461
0.02405522706477204
0.02210620965067448
0.02185548653672504
0.02040318472573487
0.018794772296625233
0.019792934127631508
0.01577190305485742
0.016145622413385834
0.016590301143786734
0.017030249249396133
0.019088071033698167
0.020649177214892813
0.021689914669022575
0.025734598865754157
0.0259805913549121
0.02660503382738996
0.02669491569842844
0.027115941304871844
0.027641040656728226
0.02756535066006424
0.027082826931331353
0.02801476001525664
0.028360095625036063
0.028511475618364028
0.029533290573327795
0.02986443430873272
0.028341173125870065
0.028956154348764924
0.029836050559983725
0.01197794197207528
0.012058362593530762
0.012143513839777744
0.012767956312255602
0.01317479004432451
0.013316708788069476
0.013505933779729433
0.013614738149933909
0.014026302506794316
0.01796691295811292
0.018231827946436862
0.018487281685177805
0.018709621050378253
0.01638688427775228
0.016131430539011338
0.016595031768578232
0.016859946756902174
0.020630254715726815
0.0330386835438285
0.034027384125251775
0.03413145787066475
0.030195578044137646
0.030838943015781498
0.031084935504939442
0.031425540489927364
0.044042116808855
0.04635539233189798
0.046842646685422366
0.04744343603394273
0.04863555348140046
0.04908496283659285
0.049397184072831786
0.04994593654864566
0.06730259890865523
0.08159381640377347
0.08155597140544149
0.08963587854932165
0.09372786899396822
0.09793339443361077
0.09787662693611278
0.09827873004339019
0.09846795503505014
0.10071973243580364
0.10100356992329357
0.1013063299099495
0.10148609365202646
0.10196861738075935
0.11268821315829591
0.1131565450126543
0.11531370991757782
0.11547455116048878
0.1154461674117398
0.11577731114714472
0.11622198987754562
0.11691739172189596
0.1171491923366794
0.11733841732833936
0.11726272733167538
0.11754656481916531
0.11757494856791431
0.1175891404422888
0.11768848356291028
0.11658624798649103
0.11719176795980289
0.11543670616215679
0.12178520463234835
0.14573635795170742
0.1457505498260819
0.1431250530668
0.11798651292477472
0.10852999396656836
0.11436285433448654
0.11480280244009594
0.1150109499309219
0.11522855867133085
0.1153988611638248
0.11574419677360423
0.11581988677026821
0.11606587925942614
0.11590503801651518
0.11623618175192012
0.11790136167852773
0.11790609230331923
0.1171964985845944
0.11682750985085748
0.1171586535862624
0.11691266109710446
0.10413997416005735
0.09717176384217945
0.09768740194445283
0.09771105506841031
0.09832603629130518
0.09937623499501794
0.09950396186438841
0.1000101387170788
0.08997648353430958
0.09018463102513552
0.09093680036698386
0.09097937599010734
0.0911591397321843
0.09304192839920088
0.09316492464377985
0.09671289323740405
0.0982266931706837
0.099101858757111
0.09914443438023449
0.09959384373542689
0.09981618310062734
0.10009055933853428
0.1008758430539231
0.10073392431017814
0.10076703868371863
0.10153339989994145
0.10165166551972893
0.10184562113618038
0.10233287548970477
0.10273970922177368
0.1026309048515692
0.1030945060811361
0.10560646784542202
0.10544562660251106
0.10586665220895447
0.10551658597438354
0.1079244739932565
0.10845903459469587
0.10814208273366545
0.10460830601441574
0.10488741287711419
0.10558754534625603
0.10892736644905426
0.11245641254351246
0.11262671503600644
0.1127591725301684
0.11287743814995588
0.11306666314161583
0.1132180431349438
0.11379990998429816
0.11467034494593396
0.11476022681697244
0.11550766553402927
0.1153799386646588
0.11493999055904941
0.11513394617550086
0.1150109499309219
0.11566850677694024
0.1158151561454767
0.11607534050900915
0.11645379049232907
0.11658624798649103
0.11711134733834741
0.1180574722966472
0.11834604040892863
0.11720122920938589
0.11745668294812683
0.11812370104372819
0.11846903665350761
0.1185258041510056
0.1184879591526736
0.11839334665684362
0.11885221726161901
0.11912186287473446
0.1189515603822405
0.1189137153839085
0.1189184460087
0.11909820975077696
0.11897521350619798
0.11907455662681947
0.11915024662348345
0.11931108786639441
0.1180905866701877
0.11829400353622214
0.11832711790976264
0.11853053477579709
0.12078231217655058
0.12011056345615773
0.12049374406426915
0.12059308718489062
0.12745722375735558
0.12700308377737166
0.12698889190299717
0.1263407963065618
0.12671451566509023
0.1265158294238473
0.12680912816092021
0.12854999808419182
0.1282283155983699
0.1281384337273314
0.1281337031025399
0.12834185059336586
0.12838915684128085
0.12846484683794485
0.12845065496357033
0.12832765871899138
0.12837969559169785
0.12851215308585984
0.1287155699518943
0.12770794687130502
0.12756129750276854
0.12761806500026654
0.12763698749943253
0.12746668500693856
0.1285405368346088
0.127802559367135
0.12867772495356228
0.12880545182293276
0.12975630740602404
0.1370509308345154
0.13752399331366527
0.13769429580615924
0.13753345456324828
0.13821466453322412
0.13812478266218564
0.13888641325361697
0.13889114387840848
0.13894791137590645
0.13891006637757447
0.1374719564409588
0.13733476832200534
0.13716919645430287
0.13760441393512077
0.1374388420674183
0.13820993390843261
0.13845119577279907
0.13856946139258655
0.1387681476338295
0.13850796327029705
0.13853161639425454
0.13898575637423843
0.1392364794881879
0.138735033260289
0.13859784514133552
0.13852215514467156
0.13852688576946304
0.1374719564409588
0.13730638457325633
0.13714554333034537
0.1373915358195033
0.13708877583284737
0.13715973520471986
0.13710296770722188
0.13818628078447512
0.13855053889342053
0.13812478266218564
0.13801124766718967
0.13856473076779505
0.13860730639091853
0.13883437638091048
0.13856946139258655
0.13808693766385366
0.13819101140926662
0.1382808932803051
0.1378314839251127
0.13798286391844067
0.13764225893345275
0.13757603018637177
0.13730638457325633
0.13716919645430287
0.1369799714626429
0.13704146958493238
0.13684751396848094
0.13909929136923443
0.13899048699902994
0.13908983011965143
0.13921755698902188
0.1391891732402729
0.13894791137590645
0.1391844426154814
0.1391560588667324
0.1388438376304935
0.1396101988467163
0.1396149294715078
0.13975684821525278
0.13995553445649572
0.1405657850545991
0.14119022752707694
0.14106723128249798
0.14103884753374898
0.1404759031835606
0.13976157884004428
0.1405515931802246
0.14072662629751004
0.14070297317355257
0.14025356381836016
0.14020152694565366
0.14037656006293914
0.1400974532002407
0.1397142725921293
0.13943043510463934
0.13907563824527694
0.13891952762715745
0.1383376607778031
0.13851269389508855
0.13758549143595478
0.13730165394846483
0.1370225470857664
0.13684278334368943
0.13752872393845678
0.1418288618739293
0.14167748188060134
0.14167748188060134
0.14172951875330783
0.14155448563602235
0.14409483114905727
0.14387722240864834
0.14307301619409352
0.14307301619409352
0.14288852182722506
0.14294055869993155
0.14281756245535257
0.1427040274603566
0.14205593186392124
0.1418052087499718
0.14239180622411768
0.14221204248204072
0.14244857372161565
0.14252899434307115
0.1422971937282877
0.14087800629083802
0.14072662629751004
0.14128957064769843
0.140868545041255
0.14169640437976733
0.14141729751706889
0.14128484002290692
0.14072189567271856
0.14032452319023264
0.13970954196733779
0.1396149294715078
0.1396622357194228
0.13951558635088632
0.13549455527811224
0.13538575090790778
0.13510664404520933
0.13489376592959187
0.1347802309345959
0.13454843031981245
0.13359284411192968
0.13325696975173323
0.13362595848547015
0.13358338286234667
0.13341308036985272
0.13268929477675337
0.1325757597817574
0.13197970105802853
0.1321500035505225
0.13224934667114396
0.13200808480677753
0.13191347231094755
0.13189928043657306
0.1316580185722066
0.1312748379640952
0.1312748379640952
0.13104776797410325
0.1299408017728925
0.12975630740602404
0.12981307490352204
0.12969953990852606
0.1286304187056473
0.12852161433544282
0.12875814557501777
0.1290230605633417
0.1290325218129247
0.12890952556834573
0.12878179869897527
0.12977522990519003
0.12964750303581957
0.12935893492353814
0.1294961230424916
0.12923120805416766
0.12916970993187818
0.12925959180291666
0.12920282430541866
0.12932108992520613
0.12954815991519808
0.1290845586856312
0.12918863243104417
0.12922647742937615
0.12908928931042268
0.12881491307251575
0.12873922307585178
0.1281573562264974
0.12827089122149338
