0.0
0.0
0.0
0.0
0.0
0.0
0.0008704349616358024
0.0008704349616358024
0.0008704349616358024
0.0008704349616358024
0.0008704349616358024
0.0008893574608017981
0.0009461249582997852
0.0009461249582997852
0.0009461249582997852
0.001026545579755267
0.001026545579755267
0.001026545579755267
0.001026545579755267
0.001026545579755267
0.0010643905780872583
0.0010643905780872583
0.0010643905780872583
0.0011211580755852454
0.0011022355764192498
0.0011306193251682433
0.0011306193251682433
0.0011306193251682433
0.0011306193251682433
0.0011495418243342391
0.0012678074441217122
0.0013860730639091853
0.0013860730639091853
0.0013860730639091853
0.0013860730639091853
0.0013860730639091853
0.0013860730639091853
0.0014333793118241746
0.0014333793118241746
0.0014333793118241746
0.0014333793118241746
0.0014333793118241746
0.0014333793118241746
0.0014333793118241746
0.0014523018109901702
0.0014523018109901702
0.001471224310156166
0.0016226043034841316
0.0016226043034841316
0.0016415268026501273
0.001736139298480106
0.0013624199399516906
0.0013908036887006843
0.0013908036887006843
0.0013908036887006843
0.0013908036887006843
0.0024599248915794414
0.0024599248915794414
0.0024599248915794414
0.0024599248915794414
0.0035952748415391837
0.0056199822523007245
0.006069391607493122
0.006069391607493122
0.006381612843732051
0.006712756579136976
0.006712756579136976
0.00673640970309447
0.006802638450175456
0.0069161734451714295
0.006963479693086419
0.007015516565792908
0.007015516565792908
0.007015516565792908
0.007015516565792908
0.007166896559120873
0.007337199051614834
0.007337199051614834
0.007318276552448839
0.007389235924321323
0.007427080922653314
0.007427080922653314
0.007427080922653314
0.007483848420151301
0.007483848420151301
0.00770618778535175
0.0077251102845177465
0.0077251102845177465
0.007668342787019759
0.007668342787019759
0.008482010251157574
0.008737463989898516
0.00876584773864751
0.00876584773864751
0.008855729609685989
0.008950342105515968
0.008950342105515968
0.00902603210217995
0.00902603210217995
0.009328792088835882
0.009040223976554448
0.009040223976554448
0.009153758971550421
0.009219987718631407
0.009219987718631407
0.009219987718631407
0.009314600214461385
0.009622090825908815
0.010416835790880635
0.010492525787544617
0.010889898270030528
0.010795285774200549
0.010795285774200549
0.010795285774200549
0.011126429509605474
0.011074392636898986
0.012020517595198772
0.012115130091028749
0.01220028133727573
0.01224758758519072
0.012257048834773717
0.012219203836441726
0.010014732683603226
0.009915389562981748
0.010057308306726716
0.009991079559645732
0.010076230805892712
0.010643905780872584
0.011003433265026502
0.011003433265026502
0.011164274507937465
0.0114481119954274
0.011547455116048879
0.013619468774725408
0.013047063174954038
0.014688589977604164
0.014783202473434143
0.015823939927563906
0.016278079907547805
0.01643892115045877
0.016547725520663244
0.01660449301816123
0.016841024257736176
0.016850485507319175
0.016850485507319175
0.016850485507319175
0.01665179926607622
0.017110669870851615
0.01714378424439211
0.017181629242724098
0.01740396860792455
0.017375584859175557
0.017432352356673543
0.017432352356673543
0.01827913419435185
0.018250750445602856
0.018439975437262814
0.0184967429347608
0.018534587933092792
0.018605547304965275
0.0184967429347608
0.018553510432258787
0.018700159800795254
0.01907860978411517
0.019097532283281163
0.019703052256593027
0.020753250960305787
0.020824210332178274
0.020899900328842255
0.02096612907592324
0.021126970318834204
0.021126970318834204
0.021202660315498185
0.02127835031216217
0.021424999680698636
0.022129862774631977
0.027447085040276768
0.02748493003860876
0.027380856293195782
0.027319358170906298
0.027319358170906298
0.027338280670072292
0.027631579407145227
0.02766942440547722
0.027782959400473192
0.02832698125149557
0.028421593747325547
0.02854932061669602
0.02845470812086604
0.028520936867947023
0.028658124986900495
0.026713838197594434
0.02678952819425842
0.026581380703432467
0.026732760696760432
0.026836834442173406
0.026874679440505398
0.027120671929663342
0.027082826931331353
0.027395048167570282
0.027395048167570282
0.027905955645052164
0.02827967500358058
0.028506744993572527
0.028506744993572527
0.028601357489402505
0.028511475618364028
0.02850201436878103
0.028639202487734498
0.029623172444366276
0.029679939941864263
0.029750899313736746
0.029613711194783277
0.030124618672265163
0.03020503929372064
0.030328035538299616
0.029679939941864263
0.030503068655585074
0.030503068655585074
0.030427378658921093
0.03096193926036047
0.031203201124726916
0.031340389243680385
0.031155894876811925
0.031155894876811925
0.031174817375977923
0.031151164252020427
0.031170086751186425
0.031113319253688435
0.031245776747850406
0.031207931749518414
0.030337496787882612
0.030465223657253085
0.030195578044137646
0.03013881054663966
0.030100965548307667
0.030209769918512142
0.030247614916844134
0.030200308668929143
0.030011083677269186
0.030067851174767173
0.030280729290384625
0.0303989949101721
0.030313843663925116
0.031174817375977923
0.03125050737264191
0.03133565861888889
0.03146338548825936
0.03087678801411349
0.03087678801411349
0.030952478010777475
0.0312741604965994
0.03136404236763788
0.030290190539967624
0.030469954282044583
0.030621334275372548
0.030621334275372548
0.03047468490683608
0.0325703516894701
0.0325703516894701
0.03294407104799852
0.033085989791743486
0.0334786316494379
0.03353066852214439
0.03355905227089338
0.03355905227089338
0.033587436019642376
0.03373881601297034
0.03370570163942985
0.03374354663776184
0.0343537972358652
0.034467332230861174
0.034467332230861174
0.03459505910023165
0.03482212909022359
0.0348126678406406
0.03492147221084507
0.03499716220750906
0.035318844693330985
0.035318844693330985
0.03539453468999496
0.035754062174148886
0.03630754527475426
0.03630754527475426
0.03366785664109786
0.03388546538150681
0.03400846162608578
0.03409834349712426
0.034126727245873255
0.03408888224754126
0.03424972349045222
0.03458086722585715
0.034684940971270124
0.03465655722252113
0.035356689691662974
0.035659449678318904
0.03563106592956991
0.03559322093123792
0.03550806968499094
0.0356831028022764
0.03578244592289788
0.035754062174148886
0.03623658590288177
0.03633119839871175
0.03633592902350325
0.03155326735929784
0.03162895735596182
0.031610034856795824
0.03204052171282223
0.03205471358719672
0.03206417483677972
0.031926986717826254
0.031926986717826254
0.03235747357385265
0.03238585732260165
0.032447355444891135
0.03255615981509561
0.03252777606634662
0.03244262482009964
0.03267442543488308
0.0326034660630106
0.0325940048134276
0.0325940048134276
0.03287784230091754
0.03280688292904505
0.03275484605633856
0.03275484605633856
0.032650772310925585
0.0326034660630106
0.03123158487347591
0.03123158487347591
0.03132619736930589
0.030465223657253085
0.03044157053329559
0.031127511128062932
0.031127511128062932
0.031610034856795824
0.03166680235429381
0.0317141086022088
0.03168572485345981
0.03163841860554482
0.03163841860554482
0.03163841860554482
0.03160057360721283
0.03224393857885668
0.03212567295906921
0.032196632330941694
0.03262238856217659
0.0326129273125936
0.03225339982843968
0.03225339982843968
0.032447355444891135
0.03248993106801462
0.03272646230758957
0.03266023356050859
0.03268861730925758
0.033223177910696955
0.03338874977839942
0.03339821102798242
0.03352120727256139
0.033691509765055354
0.03339348040319092
0.03339348040319092
0.033374557904024924
0.033554321646101885
0.03366785664109786
0.033639472892348865
0.03363474226755737
0.03359689726922537
0.03359689726922537
0.033857081632757816
0.03418822536816274
0.03420714786732874
0.0343396053614907
0.03431122161274171
0.0343585278606567
0.03450990785398467
0.03452883035315066
0.0348079372158491
0.03443894848211218
0.03454302222752516
0.03432541348711621
0.034363258485448196
0.034561944726691156
0.03441056473336319
0.03431595223753321
0.034244992865660726
0.034282837863992714
0.03420714786732874
0.033942232879004795
0.033989539126919786
0.034065229123583764
0.033488092899020896
0.03406995974837527
0.034112535371498755
0.034178764118579744
0.034197686617745734
0.03425445411524372
0.03429229911357572
0.0343490666110737
0.0343679891102397
0.03443421785732068
0.0343490666110737
0.03442475660773769
0.034396372858988694
0.03451936910356766
0.034462601606069676
0.034481524105235674
0.034462601606069676
0.03448625473002717
0.03460452034981464
0.03459505910023165
0.03451936910356766
0.03409361287233276
0.034159841619413746
0.034197686617745734
0.034065229123583764
0.03400846162608578
0.034027384125251775
0.034065229123583764
0.0343585278606567
0.03512488907687952
0.03515800345042002
0.035101235952922034
0.03514381157604552
0.0352478853214585
0.035266807820624496
0.03573040905019139
0.035758792798940384
0.03573513967498289
0.03573513967498289
0.0356783721774849
0.035758792798940384
0.03588651966831085
0.035877058418727854
0.03427337661440972
0.03455721410189965
0.03461871222418914
0.03467547972168713
0.03484578221418109
0.035035007205841046
0.035205309698335005
0.035243154696667
0.035356689691662974
0.03540872656436946
0.03533303656770548
0.03561687405519542
0.035640527179152906
0.03584867466997886
0.037054983991811084
0.03709282899014308
0.036846836500985136
0.0369887552447301
0.0369887552447301
0.036931987747232116
0.03686102837535963
0.03680426087786164
0.03680426087786164
0.03677587712911265
0.03690833462327462
0.03690833462327462
0.0369887552447301
0.036950910246398114
0.037116482114100575
0.037116482114100575
0.03722055585951355
0.03723001710909655
0.037239478358679544
0.037135404613266566
0.03708809836535158
0.03702186961827059
0.037102290239726075
0.03713067398847507
0.03718271086118156
0.037168518986807064
0.03722528648430505
0.03720636398513905
0.03726313148263704
0.03737666647763301
0.037688887713871945
0.0378686514559489
0.037821345208033916
0.03780242270886792
0.037457087099088494
0.037457087099088494
0.037471278973462994
0.03769361833866344
0.03783553708240841
0.038090990821149355
0.038109913320315346
0.038109913320315346
0.03806733769719186
0.038076798946774855
0.03818087269218783
0.03818087269218783
0.03802003144927687
0.03806260707240036
0.03803422332365137
0.037958533326987384
0.03800583957490237
