0.0
0.0
0.0
0.0
0.0
0.0
0.0
0.0
5.676749749798711e-05
5.676749749798711e-05
7.095937187248389e-05
0.0005061768526903851
0.00047779310394139153
0.0007427080922653314
0.0007994755897633185
0.0012394236953727185
0.0014381099366156736
0.0017456005480631037
0.001792906795978093
0.001972670538055052
0.0021335117809660156
0.00224704677596199
0.002620766134490405
0.004612359171711453
0.0006007893485203636
0.0006575568460183508
0.00299448549301882
0.004068337320689076
0.004077798570272074
0.005208417895440317
0.00413929669256156
0.00550644725730475
0.005544292255636741
0.006433649716438539
0.007455464671402307
0.007729840909309245
0.008056254019922672
0.011646798236670355
0.012621306943719135
0.012843646308919585
0.010080961430684212
0.010128267678599201
0.011632606362295858
0.011159543883145967
0.01193536634895179
0.014040494381168812
0.01400738000762832
0.014504095610735707
0.013463358156605943
0.01053037078587661
0.015928013672976884
0.01598478117047487
0.016358500529003287
0.014702781851978663
0.01493458246676211
0.015208958704669047
0.01836901606539033
0.014508826235527206
0.010449950164421127
0.00815086651575265
0.009134836472384425
0.009305138964878388
0.014508826235527206
0.016192928661300825
0.013818155015968362
0.0149818887146771
0.010468872663587123
0.010861514521281534
0.010341145794216652
0.01017084330172269
0.010733787651911063
0.010771632650243055
0.01202524821999027
0.014546671233859198
0.05105763337464791
0.05125631961589086
0.05273227455083853
0.05310599390936695
0.03266023356050859
0.047235288543116774
0.04752858728018971
0.034500446604401665
0.03459032847544015
0.03363001164276586
0.03432541348711621
0.03402265350046028
0.034297029738367214
0.034855243463764084
0.03627443090121377
0.036667072758908174
0.037239478358679544
0.03823290956489432
0.04042318884335832
0.0339043878806728
0.03426864598961822
0.03593382591622584
0.03624604715246477
0.035607412805612415
0.035976401539349334
0.036212932778924276
0.03663395838536768
0.03750912397179498
0.03776930833532743
0.03503027658104955
0.03318060228757347
0.03423553161607773
0.030995053633900965
0.029348796206459336
0.03053145240433407
0.033190063537156464
0.03373408538817884
0.03417403349378824
0.035825021546021366
0.034126727245873255
0.034126727245873255
0.03421660911691173
0.0339375022542133
0.0343348747366992
0.035659449678318904
0.03617035715580079
0.036700187132448665
0.055395616308452425
0.0532952189010269
0.05343713764477187
0.05821033805939428
0.058385371176679746
0.059445031129975505
0.06158327353573302
0.06202322164134242
0.06243005537341133
0.062486822870909314
0.06275646848402475
0.06361271157128606
0.06320587783921715
0.06338564158129412
0.06410942717439344
0.06453991403041985
0.06489471088978227
0.06632335957681494
0.06418511717105743
0.06153596728781803
0.062046874765299916
0.06263347223944578
0.0634471397035836
0.06422769279418092
0.06489471088978227
0.06502716838394423
0.06672073205930085
0.06699037767241629
0.06717487203928475
0.068267646366121
0.06896777883526284
0.07049104001812549
0.0704626562693765
0.0713898587285103
0.07168788809037473
0.0722461018157716
0.07259143742555102
0.07347133363676982
0.07305503865511792
0.0748432148263045
0.07288946678741545
0.07318276552448838
0.0735706767573913
0.07473914108089154
0.0766124684983251
0.07640432100749915
0.0766503134966571
0.07703822472956001
0.08144716703523701
0.08212364638042136
0.08208107075729787
0.07994755897633185
0.07983402398133588
0.08246898199020078
0.0832306125816321
0.0832448044560066
0.08209526263167236
0.08274808885289922
0.08336307007579408
0.08348606632037305
0.08398278192348044
0.08520328311968715
0.08750236676835564
0.0889735910785118
0.08805111924416952
0.08787135550209255
0.08863771671831537
0.09002852040701606
0.09134363409905276
0.09211945656485859
0.09216676281277357
0.09243640842588902
0.08995283041035208
0.09084218787115388
0.09088949411906887
0.0920059215698626
0.09252155967213599
0.09273916841254494
0.09316019401898835
0.09354337462709976
0.09378936711625771
0.09409212710291363
0.0947165695753915
0.09455099770768903
0.09698726947531099
0.09698253885051948
0.09776782256590831
0.09803746817902374
0.0982408850450582
0.0986902944002506
0.09936204312064344
0.10037439682602421
0.09959857436021839
0.06314911034171916
0.06415200279751694
0.06437907278750889
0.0642986521660534
0.06438380341230038
0.06460614277750083
0.06471021652291381
0.06590706459516303
0.06597802396703552
0.06616251833390398
0.06645581707097692
0.06708025954345477
0.06805949887529505
0.0687028638469389
0.05211729332794367
0.04412726805510198
0.044661828656541364
0.04477536365153734
0.044728057403622346
0.044879437396950314
0.04545657362151318
0.04564106798838164
0.046005326097327055
0.046847377310213864
0.04774146539580716
0.05113805399610339
0.05133674023734634
0.052084178954403176
0.05221190582377365
0.05293569141687298
0.05349390514226986
0.05353648076539334
0.05396223699662825
0.05501716632513251
0.054960398827634524
0.04939245344804029
0.04943975969595528
0.04904238721346937
0.049955397798228655
0.05031965590717408
0.05051361152362553
0.05061295464424701
0.05081637151028146
0.051284703364639854
0.05184291709003673
0.052051064580862685
0.052051064580862685
0.05186183958920273
0.05219771394939915
0.052273403946063134
0.0524342451889741
0.05317222265644793
0.05310599390936695
0.053498635767061355
0.053886546999964265
0.05403792699329223
0.05448260572369313
0.054842133207847046
0.055348310060537434
0.055442922556367416
0.054151461988288206
0.05363582388601482
0.05513070132012848
0.055225313815958466
0.055225313815958466
0.052850540170626
0.05361217076205733
0.05412307823953921
0.053933853247879256
0.054842133207847046
0.054955668202843026
0.05547130630511641
0.05510704819617099
0.05649785188487167
0.05714121685651553
0.05764266308441442
0.05825764430730927
0.05867393928896118
0.058872625530204135
0.06104871293429364
0.061848188524056956
0.06227867538008336
0.06328156783588114
0.06339510283087711
0.06404319842731246
0.06407158217606146
0.06406212092647845
0.0643128440404279
0.0642939215412619
0.06421823154459792
0.06406212092647845
0.06419457842064043
0.06425134591813841
0.06524477712435318
0.06516908712768921
0.06556645961017511
0.06634701270077244
0.0669667245484588
0.06714175766574426
0.06730732953344672
0.06747763202594068
0.06795542512988208
0.06842848760903196
0.06839537323549147
0.06845687135778096
0.068258185116538
0.06868867197256441
0.06966318067961319
0.06968683380357069
0.06982402192252415
0.07010312878522258
0.07017881878188657
0.07023558627938456
0.07015989628272057
0.07015516565792908
0.07146081810038278
0.07128578498309732
0.07112494374018635
0.07138512810371879
0.07147974059954877
0.07148447122434028
0.07162638996808524
0.07216568119431611
0.07248263305534655
0.07301719365678593
0.0735801380069743
0.07359432988134879
0.07341929676406334
0.07354702363343381
0.07498986419484098
0.07497094169567498
0.07595491165230675
0.0775444015822504
0.0775207484582929
0.07761063032933138
0.07759170783016539
0.07776201032265935
0.07779985532099133
0.07860879216033766
0.07866555965783564
0.07826345655055823
0.07808842343327277
0.07849525716534168
0.07863717590908664
0.079294732755105
0.07980564023258688
0.08046319707860523
0.08121063579566207
0.08121063579566207
0.08141405266169652
0.081466089534403
0.08168842889960345
0.08170735139876945
0.0823743694943708
0.08226556512416633
0.08227029574895782
0.08245005949103479
0.0823696388695793
0.08307923258830414
0.08354283381787103
0.0836800219368245
0.08400170442264643
0.08397805129868893
0.08408212504410191
0.08561484747654756
0.08558646372779857
0.08558646372779857
0.08614940807798695
0.08621563682506793
0.0867360055521328
0.08661300930755383
0.08616833057715294
0.08755440364106212
0.08751655864273013
0.08808423361771
0.0880889642425015
0.08829711173332745
0.08837753235478293
0.08715230053378471
0.08708607178670373
0.08731314177669568
0.08738883177335965
0.08738883177335965
0.08812207861604199
0.0889499379545543
0.08895466857934581
0.08953653542870017
0.08972102979556863
0.09178831282945366
0.09215730156319057
0.09276282153650244
0.09330211276273331
0.09341564775772929
0.09351499087835077
0.09520382392891588
0.09536466517182685
0.09549239204119732
0.09541670204453334
0.09544981641807383
0.09561538828577629
0.09801854567985775
0.09821250129630921
0.0982266931706837
0.09811788880047922
0.09784351256257229
0.0982172319211007
0.09895994001336603
0.09929108374877096
0.09940461874376694
0.10078596118288462
0.1013252524091155
0.1013536361578645
0.10558754534625603
0.10546927972646855
0.10574365596437549
0.10566796596771151
0.10546927972646855
0.10545981847688556
0.10572000284041799
0.10576257846354149
0.10584299908499697
0.10611264469811241
0.10630660031456386
0.10628294719060637
0.10628767781539787
0.10589503595770346
0.105738925339584
0.10596599532957594
0.10620725719394239
0.10676074029454777
0.10676074029454777
0.10683643029121175
0.10669451154746677
0.1066235521755943
0.10680331591767125
0.10662828280038579
0.1066330134251773
0.10661409092601129
0.10775890212555403
0.10763590588097506
0.1083596914740744
0.10817992773199744
0.10803327836346098
0.10779674712388602
0.10795758836679699
0.10826980960303592
0.1083833445980319
0.10849687959302787
0.1087949089548923
0.10801435586429498
0.10794339649242249
0.10839280584761489
0.10833130772532541
0.1083975364724064
0.1083975364724064
0.10825088710386993
0.10823669522949543
0.10816100523283144
0.10804747023783547
0.10860095333844084
0.10894628894822027
0.1087570639565603
0.10954234767194913
0.1096748051661111
0.10915443643904622
0.10889425207551377
0.10897467269696925
0.10899359519613526
0.10894628894822027
0.10896521144738626
0.10899359519613526
0.1087854477053093
0.1087854477053093
0.10899359519613526
0.10905509331842474
0.10917335893821221
0.10901724832009276
0.10929162455799969
0.10926324080925069
0.10976468703714957
0.10949504142403414
0.1092395876852932
0.10844011209552988
0.1084117283467809
0.10890844394988827
0.10914497518946323
