0.0
0.0
0.0
0.0
5.676749749798711e-05
8.515124624698066e-05
8.515124624698066e-05
8.515124624698066e-05
6.622874708098497e-05
6.622874708098497e-05
6.622874708098497e-05
0.0
0.0
0.0
0.00014191874374496779
0.00048252372873289044
0.0008609737120528045
0.0009035493351762948
0.0008751655864273013
0.0009319330839252884
0.0009792393318402777
0.0010076230805892712
0.0018922499165995705
0.0028099911261503623
0.0018780580422250736
0.002370043020540962
0.0025072311394944307
0.002545076137826422
0.004664396044417941
0.004683318543583937
0.004702241042749932
0.005127997273984836
0.008969264604681964
0.009092260849260935
0.012488849449557164
0.011731949482917337
0.011306193251682433
0.0114481119954274
0.005918011614165156
0.005922742238956656
0.00938082896154237
0.009905928313398751
0.010180304551305688
0.010501987037127616
0.011523801992091383
0.011523801992091383
0.011438650745844403
0.013132214421201018
0.013605276900350911
0.015327224324456521
0.015961128046517375
0.015625253686320954
0.016538264271080245
0.01775876546728697
0.018487281685177805
0.018449436686845812
0.018922499165995706
0.019632092884720544
0.020322764104279387
0.024353256426636473
0.025479145127013214
0.02567783136825617
0.02802422126483964
0.028856811228143448
0.031288352370973896
0.0334833622742294
0.03738139710242451
0.03757535271887597
0.0383369833103073
0.03854513080113325
0.038781662040708195
0.041298354429785626
0.041454465047905086
0.042173520016212926
0.04678114856313288
0.04718798229520179
0.048876815345766905
0.048469981613698
0.048526749111195984
0.048810586598685916
0.048791664099519926
0.04827129537245504
0.05063660776820451
0.05234436331793561
0.05236801644189311
0.05233017144356112
0.053044495787077456
0.05361217076205733
0.05392439199829626
0.054454221974944136
0.05488943945576204
0.055580110675320885
0.05649312126008017
0.05735882559692448
0.056720191250072126
0.05788865557357236
0.05571729879427435
0.05646473751133118
0.050858947133404955
0.05092517588048594
0.05116643774485238
0.05437853197828015
0.05437853197828015
0.05476644321118307
0.05402373511891773
0.053361447648107886
0.05471440633847658
0.05275119705000452
0.05276065829958752
0.057363556221715975
0.058035304942108824
0.05855094304438221
0.059832942362878415
0.06054726670639476
0.058167762436270795
0.05804476619169182
0.060017436729746874
0.060367502964317796
0.060755414197220706
0.06131835854740908
0.061460277291154046
0.061460277291154046
0.06414727217272544
0.06418984779584892
0.062117834137172395
0.06214621788592139
0.06181034352572497
0.062255022256125864
0.06231178975362385
0.058957776776451115
0.05849417554688422
0.05862663304104619
0.0581583011866878
0.058508367421258714
0.0590240055235321
0.06100613731117015
0.061209554177204605
0.06131362792261758
0.061379856669698564
0.061342011671366575
0.06172046165468649
0.06180561290093347
0.06332414345900463
0.06395331655627398
0.06397696968023148
0.0643033827908449
0.06311126534338717
0.06400535342898046
0.06773308576468162
0.06788919638280108
0.06797434762904807
0.06862244322548341
0.06989498129439663
0.07156489184579576
0.0713520137301783
0.0718108843349537
0.07027343127771654
0.07026397002813355
0.07039169689750402
0.06975306255065167
0.07009366753563959
0.07103979249393937
0.07165004309204273
0.07156489184579576
0.07165950434162573
0.0678371595100946
0.07119117248726733
0.07184872933328569
0.07121955623601633
0.0699990550398096
0.0700132469141841
0.0704721175189595
0.06850890823048744
0.06845214073298946
0.07038223564792102
0.07063295876187047
0.06940299631608074
0.06796015575467357
0.06839537323549147
0.06910023632942482
0.06890155008818186
0.06975306255065167
0.07084110625269642
0.0713614749797613
0.07122901748559933
0.07182980683411969
0.07182980683411969
0.0717966924605792
0.07202376245057115
0.07202849307536265
0.07205687682411165
0.07283269928991747
0.07190549683078368
0.07195280307869867
0.07146554872517427
0.0713425524805953
0.07182034558453669
0.07124793998476532
0.07112494374018635
0.07206160744890314
0.07296042615928794
0.07295569553449643
0.0735754073821828
0.07368421175238728
0.07322061052282038
0.07301246303199442
0.07439380547111211
0.07523112605920743
0.07511759106421145
0.0757704172854383
0.07581299290856179
0.07652731725207812
0.07697199598247903
0.07904400964115556
0.07897778089407458
0.08009420834486831
0.08012259209361731
0.0801415145927833
0.08087949206025714
0.08251628823811577
0.0819675357623019
0.08202430325979988
0.08251155761332427
0.08239802261832829
0.08215203012917036
0.0832448044560066
0.08965953167327914
0.08910131794788227
0.08979198916744112
0.08914389357100576
0.0885478348472769
0.08916281607017176
0.08917700794454625
0.08564796185008805
0.08558646372779857
0.08684954054712879
0.08655151118526436
0.08572365184675204
0.08570945997237754
0.08569999872279455
0.08568580684842005
0.08553915747988358
0.08560065560217307
0.0854492756088451
0.08524112811801915
0.08530262624030864
0.08692996116858426
0.08377936505744597
0.08405847192014441
0.08461668564554128
0.08480591063720125
0.08531208748989164
0.08616833057715294
0.08624402057381692
0.0872232599056572
0.08832076485728495
0.08796123737313102
0.08788554737646705
0.08799908237146302
0.08796123737313102
0.088065311118544
0.08875598233810285
0.08930000418912523
0.08925269794121024
0.08867083109185588
0.08876544358768584
0.08899251357767779
0.08887897858268182
0.08888370920747332
0.08904455045038429
0.08995283041035208
0.09027451289617401
0.08758278738981112
0.08774835925751358
0.08806058049375251
0.08832076485728495
0.08827818923416146
0.08685427117192028
0.08694415304295876
0.08749763614356414
0.08815992361437398
0.08805111924416952
0.0885289123481109
0.08782404925417756
0.08822142173666347
0.08822615236145497
0.08838699360436593
0.08837753235478293
0.08904928107517579
0.08781931862938606
0.09041170101512748
0.09170316158320668
0.09174100658153868
0.09169370033362369
0.09311288777107336
0.09319803901732034
0.09304665902399238
0.09304665902399238
0.09313181027023935
0.09331157401231631
0.09448476896060805
0.09442800146311006
0.09508082768433691
0.09434758084165458
0.09423877647145011
0.0942056620979096
0.0942718908449906
0.09448476896060805
0.09445165458706756
0.0947165695753915
0.09546400829244833
0.09592287889722373
0.09622090825908816
0.09720014759092843
0.09720014759092843
0.09714338009343045
0.09692104072822999
0.0968784651051065
0.0973609888338394
0.09730422133634141
0.09755021382549936
0.09781985943861479
0.0978009369394488
0.09790028006007027
0.09809423567652173
0.09746506257925237
0.09785297381215528
0.09787662693611278
0.09836861191442867
0.09794758630798527
0.09946138624126492
0.0995465374875119
0.09976887685271235
0.09959857436021839
0.09966007248250787
0.09977360747750384
0.09983510559979333
0.09986821997333382
0.09992971809562332
0.09959384373542689
0.09947557811563941
0.10056835244247567
0.10055416056810117
0.10061092806559915
0.10081907555642511
0.10101303117287656
0.10097518617454458
0.10106506804558306
0.10110291304391504
0.10057308306726717
0.10045008682268819
0.10075757743413563
0.1008711124291316
0.10210107487492132
0.10277755422010566
0.10339253544300053
0.10375679355194595
0.10375679355194595
0.10521382598772762
0.10519017286377012
0.10491579662586319
0.10522328723731061
0.10537466723063858
0.10558754534625603
0.10554023909834104
0.10506717661919114
0.10583826846020547
0.10554023909834104
0.10472184100941173
0.10463195913837324
0.1040122472906869
0.10436231352525781
0.10435285227567481
0.10003852246582778
0.0999959468427043
0.09980199122625284
0.1026545579755267
0.10271132547302468
0.10274443984656517
0.1026829417242757
0.1026592886003182
0.1026214436019862
0.10267348047469269
0.10282012984322916
0.10270659484823318
0.10275863172093967
0.10225718549304079
0.1017462780155589
0.10237072048803676
0.1026403661011522
0.10275390109614817
0.1026687498499012
0.10288635859031015
0.10252210048136473
0.10240383486157725
0.10669924217225828
0.1066188215508028
0.10647690280705782
0.1061977959443594
0.10633025343852136
0.1061836040699849
0.10503879287044215
0.1047928003812842
0.10454207726733476
0.10452788539296026
0.10413524353526586
0.1039223654196484
0.10382775292381843
0.10312288982988509
0.10316546545300857
0.103501339813205
0.10250317798219873
0.10235652861366226
0.1030755835819701
0.10308504483155309
0.10326480857363006
0.10359595230903498
0.10349660918841351
0.103539184811537
0.10269240297385869
0.1026829417242757
0.10258832922844571
0.10243694923511774
0.10229976111616428
0.1022193404947088
0.10228556924178978
0.10207269112617233
0.10166585739410341
0.10177939238909939
0.10157124489827345
0.10160435927181394
0.1017273555163929
0.1017273555163929
0.10170843301722692
0.10159489802223093
0.1026687498499012
0.10321277170092356
0.10323169420008957
0.10319384920175757
0.10303773858363811
0.10301881608447211
0.10379936917506943
0.10363379730736698
0.10337361294383453
0.10329792294717055
0.10312288982988509
0.1026167129771947
0.10227137736741528
0.10240383486157725
0.10229029986658128
0.10217676487158531
0.10171789426680991
0.10211053612450431
0.10127321553640901
0.10125429303724301
0.10108872116954055
0.10142932615452847
0.10146244052806896
0.10059200556643316
0.10076230805892712
0.10083326743079961
0.1008521899299656
0.10302354670926361
0.10288635859031015
0.10288635859031015
0.10273497859698218
0.10286270546635265
0.10258832922844571
0.10252683110615622
0.10287216671593565
0.10279174609448016
0.1030282773340551
0.10269240297385869
0.10282486046802065
0.10251736985657323
0.10257413735407121
0.10346822543966451
0.10380883042465243
0.10370475667923945
0.10376152417673744
0.10373314042798845
0.10356283793549449
0.10381829167423542
0.10402643916506138
0.10411159041130837
0.10381829167423542
0.10380409979986094
0.10412578228568287
0.10376625480152894
0.10373787105277994
0.10388925104610791
0.1039223654196484
0.10415889665922336
0.10414470478484886
0.10342091919174952
0.10362906668257547
0.10372840980319695
0.1035155316875795
0.10359122168424348
0.10326007794883856
