0.0
0.0
0.0
0.0
0.0
0.0
0.0
0.0006717487203928475
0.0007001324691418411
0.0008042062145548174
0.0008420512128868088
0.0001466493685364667
0.0001466493685364667
0.00021287811561745168
0.00021287811561745168
8.042062145548174e-05
0.00043048685602640227
0.0005250993518563807
0.0005629443501883722
0.0005440218510223765
0.0011684643235002348
0.001343497440785695
0.0013387668159941962
0.0013293055664111981
0.0017314086736886069
0.001859135543059078
0.0025308842634519254
0.002616035509698906
0.0034912010961262075
0.01643892115045877
0.016798448634612686
0.013974265634087827
0.014177682500122281
0.012961911928707057
0.01330251691369498
0.013468088781397443
0.012441543201642176
0.01299975692703905
0.014196604999288277
0.014414213739697227
0.008652312743651535
0.009130105847592928
0.009607898951534318
0.009749817695279286
0.009442327083831857
0.00995796518610524
0.010312762045467659
0.011069662012107486
0.011419728246678407
0.011419728246678407
0.013203173793073503
0.014106723128249798
0.015483334942575986
0.01462236123052318
0.016140891788594337
0.01608412429109635
0.017995296706861914
0.018302787318309345
0.01844470606205431
0.02053091159510534
0.021335117809660156
0.021529073426111614
0.022744843997526836
0.022971913987518786
0.020161922861368423
0.020157192236576922
0.02048833597198185
0.020592409717394827
0.020379531601777374
0.022186630272129963
0.022971913987518786
0.022759035871901333
0.024641824538917907
0.02572986824096266
0.02692198568842039
0.027248398799033815
0.02788703314588617
0.02801949064004814
0.02665234007530495
0.026969291936335377
0.024164031434976516
0.022560349630658377
0.022934068989186793
0.024457330172049447
0.02615562447219756
0.02716324755278683
0.028170870633376106
0.028000568140882143
0.028965615598347923
0.029310951208127347
0.02992120180623071
0.030115157422682164
0.031709377977417304
0.03266969481009158
0.03262238856217659
0.032887303550500534
0.03413145787066475
0.03499716220750906
0.03465655722252113
0.03571621717581689
0.03596694028976633
0.03711175148930908
0.038143027693855844
0.039316222642147576
0.03916011202402811
0.03882423766383169
0.039794015746088963
0.03989335886671044
0.04017246572940888
0.041686265662688536
0.04259927624744783
0.04268442749369481
0.042528316875575345
0.04373935682219907
0.04483686177382682
0.044950396768822794
0.04648311920126845
0.05015881466426311
0.04708390854978881
0.04856459410952797
0.0489051990945159
0.0493593390744998
0.050324386531965574
0.05136039336130384
0.0519564520850327
0.05092044525569444
0.051696267721500266
0.05164423084879378
0.05167261459754277
0.051700998346291764
0.04598640359816106
0.046748034189592384
0.04641215982939596
0.04660138482105592
0.04819087475099956
0.04824764224849755
0.04981347905448369
0.05048049715008504
0.04984659342802418
0.05056091777154052
0.05032911715675707
0.05027708028405058
0.05177668834295575
0.049870246551981676
0.0510670946242309
0.050991404627566926
0.05172938209504076
0.05307761016061795
0.05453464259639962
0.05490363133013654
0.0554902288042824
0.0563985087642502
0.05696618373923007
0.05690468561694058
0.05706552685985154
0.05788865557357236
0.05907131177144709
0.058470522422926725
0.05834752617834776
0.058200876809811286
0.05873543741125067
0.05912334864415358
0.05957275799934598
0.05999851423058088
0.060755414197220706
0.061110211056583125
0.06060876482868424
0.060670262950973726
0.05780823495211688
0.05832387305439026
0.05879220490874865
0.05846106117334373
0.059009813649157604
0.05856513491875671
0.059359879883728525
0.05951599050184799
0.059482876128307494
0.05965317862080146
0.06131835854740908
0.06189549477197195
0.06480009839395229
0.06330049033504713
0.06381612843732051
0.06424661529334691
0.0643081134156364
0.06306395909547219
0.0638823571844015
0.06463452652624983
0.0647575227708288
0.0656752639803796
0.06560430460850711
0.0660726364628655
0.0656374189820476
0.06540088774247266
0.06556172898538362
0.0655995739837156
0.06546238586476213
0.06591652584474604
0.06661665831388788
0.06655989081638988
0.06658354394034738
0.06743032577802568
0.06762428139447715
0.06795069450509057
0.068286568865287
0.06852310010486194
0.0673924807796937
0.06688630392700332
0.06643216394701942
0.06593544834391203
0.06688630392700332
0.06682480580471382
0.06793177200592458
0.06807369074966954
0.06720798641282524
0.0673877501549022
0.06776146951343062
0.06721744766240824
0.06759116702093665
0.06769051014155814
0.06769051014155814
0.06709918204262076
0.06675384643284135
0.06698564704762479
0.0669336101749183
0.06641324144785342
0.06772362451509863
0.06702349204595678
0.06775200826384761
0.06852310010486194
0.06844267948340646
0.06892047258734785
0.06866028822381541
0.06660246643951338
0.06454464465521134
0.06462506527666682
0.06495147838728026
0.06269023973694376
0.060272890468487814
0.06007420422724486
0.059795097364546426
0.06009312672641086
0.06045738483535627
0.06024450671973882
0.05985186486204441
0.05994647735787439
0.06091625544013167
0.06118590105324711
0.06074122232284621
0.06053307483202026
0.06046211546014777
0.060197200471823836
0.06074122232284621
0.060017436729746874
0.05794069244627885
0.05942137800601801
0.05892939302770212
0.05906185052186409
0.05905238927228109
0.05888208677978713
0.05967683174475895
0.05886789490541264
0.05888681740457863
0.05930311238623054
0.059293651136647536
0.06010731860078535
0.06083583481867619
0.06135147292094957
0.06071756919888872
0.06083583481867619
0.06111494168137462
0.060774336696386703
0.05973359924225694
0.059492337377890496
0.058437408049386234
0.058300219930432766
0.05831441180480726
0.058385371176679746
0.058082611190023815
0.05838064055188825
0.05844686929896923
0.058655016789795185
0.058101533689189806
0.057935961821487345
0.05748182184150345
0.0568100731211106
0.05671546062528062
0.056975644988813065
0.056488390635288675
0.05659719500549315
0.05654988875757816
0.056526235633620664
0.05570783754469135
0.05547130630511641
0.055868678787602315
0.057027681861519554
0.05675330562361262
0.05580718066531283
0.05546184505553341
0.0554996900538654
0.05556118817615489
0.05566053129677637
0.055442922556367416
0.05515908506887748
0.05458667946910611
0.054908361954928035
0.05528681193824795
0.05495093757805152
0.05489890070534504
0.055348310060537434
0.055248966939915954
0.05541453880761842
0.055244236315124456
0.05523004444074996
0.05522058319116696
0.05537196318449493
0.055178007568043475
0.05515435444408598
0.055092856321796495
0.05444476072536114
0.054104155740373215
0.05342767639518887
0.05317695328123943
0.05309180203499245
0.05294515266645598
0.05274646642521302
0.05278904204833652
0.052174060825441654
0.05209364020398617
0.052320710193978125
0.05166315334795977
0.05175303521899825
0.05200848895773919
0.052036872706488185
0.051786149592538744
0.0515354264785893
0.0515259652290063
0.05165842272316827
0.05119009086880988
0.050892061506945446
0.050627146518621505
0.04961006218844924
0.04947760469428727
0.048928852218473394
0.04840848349140851
0.0488673540961839
0.048526749111195984
0.048895737844932896
0.04930730220179331
0.049264726578669815
0.04904238721346937
0.048626092231817464
0.047987457884965105
0.04797326601059061
0.04769415914789217
0.04775092664539016
0.04754750977935571
0.048001649759339605
0.04786446164038613
0.0480063803841311
0.047419782909985234
0.047235288543116774
0.04722109666874228
0.04737247666207024
0.04704133292666532
0.04752385665539821
0.047552240404147204
0.047320439789363754
0.047131214797703797
0.04665815231855391
0.046677074817719905
0.046156706090655024
0.0457971786065011
0.04577352548254361
0.04592963610066307
0.045754602983377614
0.04586813797837359
0.045972211723786564
0.045820831730458596
0.04556537799171766
0.04527680987943622
0.045333577376934206
0.0457971786065011
0.046142514216280524
0.04620401233857001
0.04613305296669753
0.04602424859649305
0.04572148860983712
0.04548968799505367
0.04549914924463667
0.04551334111901117
0.04511123801173376
0.04502608676548678
0.04471859615403935
0.044595599909460375
0.045115968636525255
0.044827400524243825
0.04469967365487335
0.0444915261640474
0.044411105542591915
0.044254994924472456
0.044122537430310485
0.044042116808855
0.04362582182720309
0.04379612431969706
0.04362582182720309
0.04332779246533866
0.04291149748368676
0.04295407310681025
0.04302030185389123
0.042916228108478255
0.04243370437974537
0.04197010315017847
0.04159638379165006
0.041506501920611574
0.041080745689376676
0.040848945074593225
0.040896251322508216
0.04075906320355475
0.04072121820522275
0.04065972008293327
0.04100978631750419
0.04092463507125721
0.040848945074593225
0.040863136948967725
0.04035222947148584
0.04020084947815787
0.040158273855034385
0.03991701199066794
0.03914118952486211
0.038866813286955175
0.03881004578945719
0.03871543329362721
0.038578245174673745
0.03847417142926077
0.038209256440936826
0.03740978085117351
0.03734355210409252
0.03752804647096098
0.03689414274890013
0.03679006900348715
0.03647784776724822
0.03602370778726432
0.035659449678318904
0.03532830594291398
0.035186387199169014
0.03473697784397661
0.035134350326462525
0.035049199080215546
0.03508231345375604
0.03516273407521152
0.03492620283563657
0.03459032847544015
0.03444367910690368
0.034415295358154685
0.034344335986282205
0.03398480850212828
0.033757738512136336
0.03360635851880837
0.03354959102131038
0.03329413728256944
0.03301029979507951
0.03273119293238107
0.032262861078022675
0.032097289210320214
0.032083097335945714
0.03218244045656719
0.03224393857885668
0.03221082420531619
0.03158638173283833
0.031572189858463835
0.031458654863467855
0.031591112357629826
0.03139715674117837
0.031307274870139894
0.03083421239099
0.03056456677787456
0.03043210928371259
0.03034695803746561
0.0299637774293542
0.029656286817906767
0.029443408702289314
0.02941502495354032
0.029273106209795355
0.029178493713965376
0.029211608087505867
0.02892777060001593
0.028360095625036063
0.028487822494406533
0.028270213753997582
0.02837428749941056
0.02809518063671212
0.0281897931325421
0.027915416894635163
0.027811343149222185
0.02765996315589422
0.027598465033604733
0.027541697536106746
0.0273098969213233
0.02713959442882934
