0.0
0.0
0.0
0.0
0.0
0.0
0.0
0.0
0.0
0.0
0.0
0.0
0.0
0.0
0.0
0.0
0.0
0.0
9.461249582997852e-05
9.461249582997852e-05
9.461249582997852e-05
9.461249582997852e-05
9.461249582997852e-05
9.461249582997852e-05
9.461249582997852e-05
9.461249582997852e-05
0.00013245749416196994
0.00013245749416196994
0.00013245749416196994
0.0001797637420769592
0.0001986862412429549
0.000638634346852355
0.0009224718343422906
0.0007710918410143249
0.0007805530905973227
0.0007805530905973227
0.0018402130438930821
0.0018922499165995705
0.002611304884907407
0.00268699488157139
0.002876219873231347
0.0025214230138689278
0.003581082967164687
0.0037230017109096546
0.0038034223323651366
0.004177141690893552
0.005085421650861345
0.005184764771482823
0.005279377267312801
0.005336144764810789
0.005672019125007212
0.005709864123339204
0.006670180956013486
0.008046792770339673
0.008075176519088666
0.008524585874281065
0.009669397073823804
0.010889898270030528
0.012611845694136137
0.010875706395656031
0.01097031889148601
0.017862839212699946
0.01946179039222658
0.020105155363870437
0.02123577468903868
0.021391885307158142
0.02167099216985658
0.022342740890249426
0.021249966563413176
0.021689914669022575
0.02276849712148433
0.02325102085021722
0.023170600228761738
0.023672046456660625
0.023539588962498657
0.024301219553929984
0.024542481418296427
0.02488781702807585
0.02617454697136356
0.027054443182582356
0.028913578725641435
0.0290649587189694
0.029481253700621306
0.03233382044989516
0.03123158487347591
0.031993215464907236
0.02660976445218146
0.027461276914651264
0.027428162541110773
0.02638742508698101
0.027144325053620837
0.02956167432207679
0.030635526149747044
0.03088624926369649
0.031184278625560922
0.031912794843451754
0.032868381051334536
0.03324683103465445
0.03511542782729653
0.03694617962160661
0.03777876958491042
0.040006893861706416
0.04048941759043931
0.04042318884335832
0.040290731349196356
0.04236747563266438
0.04233909188391539
0.04276484811515029
0.042930419982852755
0.040110967607119394
0.03994539573941693
0.03871070266883571
0.03967575012630149
0.03922634077110909
0.03956694575609702
0.039689942000675986
0.03989335886671044
0.039320953266939074
0.04016773510461738
0.042528316875575345
0.04420295805176597
0.0449220130200738
0.046227665462527504
0.04655880919793243
0.04431649304676194
0.0444678730400899
0.04478955552591183
0.04370151182386708
0.04373935682219907
0.044061039308020994
0.04552753299338566
0.04707444730020581
0.0493214940761678
0.04984186280323268
0.050409537778212554
0.050456844026127545
0.0506460690177875
0.05101978837631592
0.05192333771149221
0.0524153226898081
0.05250993518563808
0.05270389080208954
0.052973536415204976
0.053181683906030924
0.06583137459849905
0.06678696080638184
0.0674161339036512
0.0674161339036512
0.07611102227042622
0.07653677850166113
0.07674965661727857
0.07276173991804498
0.0687454394700624
0.06941718819045524
0.06940299631608074
0.06945030256399573
0.06575568460183508
0.06722690891199123
0.06762901201926864
0.06838118136111697
0.06944557193920424
0.07100667812039888
0.07204268494973715
0.07363690550447229
0.07468710420818504
0.0753210079302459
0.07556226979461235
0.07626240226375419
0.07613467539438372
0.07548184917315687
0.07272862554450449
0.07315911240053088
0.07378828549780025
0.07461614483631256
0.07499459481963247
0.0757704172854383
0.07589341353001727
0.07611102227042622
0.07683007723873406
0.0828001257256057
0.08336780070058557
0.08404428004576991
0.08204795638375738
0.08250209636374127
0.08257305573561376
0.08339145382454306
0.08362798506411802
0.08427135003576187
0.08387397755327596
0.0845835712720008
0.08289000759664418
0.08326372695517259
0.08209053200688086
0.0845977631463753
0.08510393999906568
0.08422404378784688
0.08273862760331621
0.08333941695183658
0.08430446440930237
0.08443692190346433
0.08575676622029253
0.08695361429254175
0.08654204993568135
0.08775782050709657
0.0881078867416675
0.08824034423582947
0.08895466857934581
0.0894135391841212
0.08976360541869212
0.08883167233476684
0.08938042481058071
0.09025085977221652
0.09033601101846349
0.08958857230140665
0.09089895536865186
0.09184034970216015
0.09032181914408899
0.090283974145757
0.09104087411239684
0.09213837906402458
0.09272497653817045
0.09242694717630602
0.09262563341754897
0.08875598233810285
0.0863197105704809
0.08777674300626258
0.08778147363105407
0.08789973925084155
0.08777674300626258
0.08841064672832342
0.08606425683173996
0.08698199804129075
0.08867083109185588
0.08927635106516774
0.08938988606016371
0.08926688981558474
0.08947976793120219
0.08974941354431762
0.08970210729640264
0.09013732477722054
0.08879382733643484
0.08665085430588583
0.08262509260832024
0.08253994136207327
0.08291366072060168
0.061091288557417134
0.06150285291427754
0.058517828670841716
0.058290758680849764
0.05838064055188825
0.058503636796467216
0.06019246984703233
0.060064742977661865
0.060235045470155825
0.05980928923892092
0.0603485804651518
0.06056618920556075
0.06216040976029589
0.0630024609731827
0.06413308029835094
0.0656232271076731
0.06588814209599704
0.06676803830721584
0.06687684267742032
0.06746817077635768
0.06806422950008655
0.06844741010819796
0.07994282835154035
0.08077541831484417
0.08153704890627549
0.08219933637708533
0.08227975699854082
0.08260143948436274
0.08278120322643971
0.08422404378784688
0.08436123190680035
0.08431865628367685
0.0850187887528187
0.08580407246820752
0.08572838247154353
0.08597910558549297
0.08638120869277038
0.0871996067816997
0.08771524488397309
0.0884910673497789
0.0885667573464429
0.08926688981558474
0.08908239544871628
0.08910131794788227
0.08919593044371225
0.08919593044371225
0.09008528790451405
0.08973995229473462
0.08959330292619816
0.09059619538199593
0.09107871911072882
0.09088949411906887
0.09103614348760533
0.09160381846258521
0.0915848959634192
0.09128213597676328
0.09057727288282993
0.09088476349427736
0.09171262283278968
0.09216676281277357
0.0938319427393812
0.09360487274938925
0.0942435070962416
0.0933872640089803
0.09331630463710781
0.09527951392557987
0.0938224814897982
0.09495310081496644
0.09502406018683893
0.09472130020018299
0.09489160269267696
0.09477806769768098
0.09544508579328233
0.09483483519517898
0.09515651768100089
0.09408739647812214
0.09430973584332258
0.0929756996521199
0.09192077032361563
0.09200119094507112
0.09210053406569259
0.0920579584425691
0.0920579584425691
0.09202484406902861
0.09109291098510332
0.09139094034696775
0.09171262283278968
0.0933494190106483
0.09360014212459775
0.09146663034363174
0.09170789220799817
0.092512098422553
0.0920721503169436
0.09196334594673912
0.09280066653483443
0.09412524147645412
0.09534574267266085
0.09590395639805772
0.09559173516181879
0.09576203765431276
0.09543089391890784
0.09627294513179464
0.09635809637804163
0.09695888572656199
0.09708188197114095
0.09692104072822999
0.09676966073490204
0.09630132888054364
0.09785770443694679
0.09803746817902374
0.09803273755423224
0.09826453816901569
0.0973893725825884
0.09772524694278481
0.09772524694278481
0.09814627254922823
0.09876125377212308
0.09876125377212308
0.09801854567985775
0.09787189631132127
0.09842064878713516
0.08904928107517579
0.08919119981892075
0.090331280393672
0.09088003286948587
0.09084218787115388
0.09016570852596953
0.09026032102179951
0.09085637974552838
0.09152812846592122
0.09122063785447379
0.09133890347426127
0.09103141286281384
0.09141459347092525
0.0916132797121682
0.09260671091838298
0.09228029780776956
0.09180723532861966
0.09109291098510332
0.09101249036364784
0.09126321347759728
0.09156597346425321
0.09174100658153868
0.09105033536197983
0.09120644598009929
0.09157543471383621
0.09197280719632211
0.09180250470382816
0.09175046783112167
0.09171262283278968
0.09179777407903666
0.09153285909071272
0.0916369328361257
0.09147609159321474
0.09139567097175925
0.09156124283946171
0.09125375222801428
0.09121590722968229
0.09178831282945366
0.0920343053186116
0.09184508032695164
0.09040223976554447
0.09152339784112973
0.09164166346091719
0.09177885157987066
0.09089895536865186
0.09084691849594538
0.09097937599010734
0.09110237223468631
0.09140040159655075
0.09068134662824291
0.09006636540534806
0.0898724097888966
0.08975414416910912
0.08988660166327109
0.0898487566649391
0.09037385601679548
0.0903076272697145
0.08999540603347557
0.09021301477388452
0.09011840227805454
0.08789027800125855
0.08973995229473462
0.0907617672496984
0.09106925786114582
0.09019882289951002
0.09089895536865186
0.09183561907736865
0.09229922030693555
0.09226610593339506
0.0924789840490125
0.0929615077777454
0.09348187650481028
0.09467399395226801
0.09487268019351096
0.09467399395226801
0.09448003833581656
0.0937940977410492
0.09376098336750871
0.09374206086834272
0.0942482377210331
0.09448003833581656
0.09428608271936509
0.09413470272603713
0.09453680583331454
0.09477333707288949
0.09491525581663446
0.09490579456705145
0.09490579456705145
0.09489160269267696
0.09503352143642192
0.09506190518517092
0.09465507145310201
0.09485375769434497
0.09474495332414049
0.0951754401801669
0.0951612483057924
0.09509501955871141
0.09509501955871141
0.09521328517849889
0.09549239204119732
0.09613575701284117
0.09611210388888368
0.0960458751418027
0.0955491595386953
0.09544035516849084
0.09627294513179464
0.09620671638471366
0.09524639955203938
0.09533155079828635
0.0956248495353593
0.09545454704286532
0.09533155079828635
0.09525586080162238
0.0947071083258085
0.09579042140306175
0.09530316704953737
0.09592760952201522
0.09588976452368322
0.09654259074491008
0.09657097449365908
0.09674600761094454
0.09656624386886757
0.0969257713530215
0.09698726947531099
0.09756913632466535
0.09785297381215528
0.09782932068819779
0.09787662693611278
0.09860514315400361
0.09845376316067565
0.09862406565316961
0.09780566756424029
0.0977772838154913
0.09772051631799332
