0.0
0.00018922499165995705
0.00020814749082595274
0.00020814749082595274
0.0002365312395749463
0.0002365312395749463
0.0007001324691418411
0.0002743762379069377
0.00028383748748993557
0.00032168248582192696
0.0005392912262308776
0.0013198443168282003
0.0019632092884720545
0.0020010542868040457
0.00585651349187567
0.006769524076634963
0.008306977133872115
0.009626821450700315
0.011296732002099436
0.01118792763189496
0.01092301264357102
0.006594490959349503
0.01902657291140868
0.01519949745508605
0.01661395426774423
0.01665652989086772
0.01694982862794065
0.024381640175385466
0.030550374903500065
0.031023437382649958
0.03140188736596987
0.037622658966790956
0.03487416596293008
0.039959587613791425
0.043015571229099735
0.046005326097327055
0.04824764224849755
0.044108345555935985
0.052084178954403176
0.04426918679884695
0.04528627112901922
0.04697037355479284
0.04599586484774406
0.04218298126579592
0.04253777812515834
0.044865245522575814
0.042968264981184744
0.04628443296002549
0.04629389420960849
0.04725421104228277
0.048574055359110975
0.044292839922804444
0.0453761530000577
0.04596748109899507
0.046454735452519456
0.052656584554174546
0.0537398976314278
0.056053173154470774
0.057462899342337455
0.058555673669173705
0.0709404493733179
0.07323007177240337
0.07549131042273986
0.07638066788354166
0.07952653336988845
0.06877855384360289
0.06383032031169501
0.06238274912549634
0.06516908712768921
0.06699037767241629
0.06365055656961804
0.06267604786256926
0.05968629299434195
0.061767767902601474
0.06262401098986278
0.06380193656294601
0.06070337732451422
0.0612142848019961
0.06283215848068874
0.06202795226613392
0.06245843912216032
0.06497040088644625
0.06735463578136171
0.06610575083640599
0.06919484882525478
0.07199537870182215
0.07450734046610809
0.06885897446505837
0.07065188126103646
0.07121009498643334
0.07292258116095594
0.07378355487300875
0.07568999666398282
0.0814802814087775
0.08161273890293948
0.08490052313303123
0.0863149799456894
0.08726583552878069
0.08835860985561694
0.08612575495402945
0.06111967230616613
0.062269214130500364
0.048999811590345874
0.05040007652862956
0.043852891817195046
0.04396169618739952
0.04571202736025412
0.042495202502034854
0.03528573031979049
0.035569567807280426
0.0361372427822603
0.03717798023639006
0.03863501267217173
0.038090990821149355
0.03775038583616143
0.03982713011962946
0.04070229570605676
0.04178087815851851
0.04667234419292841
0.047131214797703797
0.04839902224182551
0.0502345046609271
0.04742924415956823
0.04734409291332125
0.044141459929476476
0.04762793040081119
0.05008312466759913
0.0510907477481884
0.05138877711005283
0.050679183391327993
0.05209837082877767
0.05237747769147611
0.05294042204166448
0.05446368322452713
0.05520166069200097
0.0568148037459021
0.05782242682649137
0.05999851423058088
0.06263820286423728
0.06331941283421312
0.0638445121860695
0.06752020764906418
0.06928946132108477
0.06670180956013486
0.058338064928764755
0.05551861255303139
0.0625435903684073
0.06321533908880014
0.0643033827908449
0.0647480615212458
0.05315803078207343
0.053498635767061355
0.055698376295108355
0.05344186826956337
0.0541987682362032
0.058252913682517775
0.060774336696386703
0.060050551103287365
0.06143189354240505
0.06219825475862788
0.06345660095316659
0.06445476278417286
0.06582664397370755
0.06662611956347088
0.06829603011487
0.06888262758901587
0.07145608747559128
0.07300300178241143
0.07256778430159352
0.06973887067627717
0.07063295876187047
0.07170681058954072
0.07282796866512596
0.07589341353001727
0.07154596934662975
0.07275227866846198
0.07381193862175774
0.07364163612926378
0.07548184917315687
0.07657462349999311
0.07759643845495688
0.07867502090741864
0.07977725648383789
0.08172627389793545
0.08392601442598245
0.08697253679170776
0.08954126605349168
0.08956018855265767
0.09003798165659906
0.0902887047705485
0.09173627595674717
0.09530316704953737
0.09620671638471366
0.09673654636136154
0.09877071502170608
0.10017097995998976
0.09967426435688237
0.09672235448698704
0.0920958034409011
0.09235598780443353
0.09264928654150646
0.09356702775105726
0.09518490142974989
0.09449423021019104
0.09668924011344655
0.09710080447030696
0.09813208067485372
0.09839226503838616
0.09831184441693068
0.09860987377879511
0.09785770443694679
0.09882748251920406
0.10089949617788059
0.1022051486203343
0.10417781915838935
0.10625456344185738
0.10466980413670524
0.1075176402611876
0.10848741834344487
0.1083691527236574
0.1092064733117527
0.10898413394655226
0.10529897723397459
0.10714392090265917
0.11117914384980776
0.1118840069437411
0.11029924763858896
0.11199754193873708
0.1113920219654252
0.11174681882478762
0.11174208819999613
0.10948558017445115
0.10984983828339656
0.11042224388316793
0.11017625139400998
0.11072973449461536
0.10580042346187347
0.10710607590432718
0.10892736644905426
0.10947611892486815
0.11206850131060955
0.11246114316830397
0.1131801981366118
0.11500148868133889
0.11520490554737335
0.11380937123388116
0.1140884780965796
0.11555497178194427
0.11693631422106195
0.11799124354956621
0.11816154604206018
0.11918336099702394
0.11842646103038411
0.11976995847116981
0.12125537465570047
0.12238599398086872
0.12363014830103293
0.12383829579185889
0.12347403768291347
0.12449585263787724
0.12538994072347054
0.12569743133491795
0.12581569695470543
0.12706458189966116
0.1281904706000379
0.12840334871565534
0.1272585375161126
0.12799178435879494
0.1286398799552303
0.1312464542153462
0.13000703051997348
0.13110926609639273
0.13109034359722674
0.13108088234764373
0.13141675670784017
0.12995972427205849
0.13011110426538647
0.12921701617979317
0.12794920873567145
0.12358757267790944
0.12363960955061593
0.12429243577184278
0.12517233198306157
0.12469926950391169
0.125621741338254
0.12764171812422404
0.1281053193537909
0.12831346684461686
0.12839861809086384
0.12805328248108444
0.12719230876903162
0.12715446377069964
0.12654421317259626
0.1260049219463654
0.12653002129822177
0.12674289941383923
0.12738153376069158
0.12704092877570367
0.127670101872973
0.127802559367135
0.1273578806367341
0.12758022000193453
0.12708823502361866
0.1273294968879851
0.1272632681409041
0.12614211006531886
0.12635025755614482
0.12566904758616898
0.12477022887578418
0.12455735076016672
0.12456681200974971
0.12490268636994614
0.12480807387411616
0.12538994072347054
0.1250871807368146
0.1250304132393166
0.12487430262119716
0.12497364574181863
0.12483645762286516
0.1246614245055797
0.12283067271126961
0.12275971333939713
0.1237720670447779
0.12313816332271704
0.1233131964400025
0.12434920326934076
0.12327062081687902
0.12250899022544769
0.11898467475578099
0.11858257164850358
0.11914078537390045
0.11808585604539619
0.11816154604206018
0.11912659349952595
0.11895629100703199
0.1175560260687483
0.11638756174524807
0.1162976798742096
0.11662409298482303
0.11604695676026015
0.11650582736503555
0.11684643235002347
0.11654367236336755
0.1166855911071125
0.11738572357625435
0.11751345044562482
0.11611318550734114
0.11674235860461049
0.11623145112712861
0.11517179117383285
0.11476022681697244
0.11502987243008789
0.11481226368967894
0.11465142244676797
0.11404590247345611
0.11371475873805119
0.11316600626223731
0.11083380824002834
0.1105972770004534
0.11023774951629947
0.10988295265693705
0.10894628894822027
0.10901251769530125
0.10867191271031333
0.10959438454465562
0.10938150642903817
0.10980253203548157
0.10807112336179296
0.10728583964640415
0.10699727153412271
0.10697361841016521
0.10691212028787572
0.10472184100941173
0.10416835790880635
0.10437650539963231
0.1043906972740068
0.10419674165755534
0.10369056480486497
0.10334995981987703
0.10365271980653297
0.1026592886003182
0.10243694923511774
0.10234706736407927
0.1021341892484618
0.10229029986658128
0.10217676487158531
0.10150028552640096
0.10061565869039066
0.1008947655530891
0.1009042268026721
0.1000337918410363
0.10128267678599201
0.10124010116286851
0.10097991679933607
0.10051631556976919
0.10038858870039871
0.09960330498500988
0.09981618310062734
0.09917754875377498
0.0991065893819025
0.09922958562648147
0.09898359313732352
0.09853418378213114
0.09840172628796916
0.09863825752754411
0.09863825752754411
0.09846795503505014
0.09800908443027474
0.09796650880715126
0.09776782256590831
0.0977347081923678
0.0973515275842564
0.09632971262929263
0.0960222220178452
0.09614048763763268
0.09622090825908816
0.09656151324407608
0.09626821450700314
0.09593234014680672
0.09585665015014273
0.09542143266932483
0.09550185329078031
0.0951375951818349
0.09487268019351096
0.09398332273270917
0.09395020835916867
0.09339199463377179
0.09325007589002683
0.09342037838252079
0.09323588401565233
0.09246006154984651
0.09243167780109751
0.0920721503169436
0.09139094034696775
0.09096045349094135
0.09078542037365589
0.09073338350094941
0.09175046783112167
0.09114021723301831
0.09106925786114582
0.09058673413241293
0.09109291098510332
0.09111183348426931
0.09048266038699995
0.09046373788783396
0.09011367165326305
0.08945138418245319
0.08918646919412926
0.08827345860936996
0.08825453611020397
0.08785243300292656
0.08791866175000754
0.088103156116876
0.08785716362771806
0.08664139305630283
0.0862771349473574
0.08609737120528045
0.08605952620694846
0.08616359995236143
0.08565742309967106
0.08540196936093011
0.08552496560550908
0.08554388810467507
0.08489106188344822
0.08522693624364465
0.08513705437260617
0.08489579250823973
0.08466399189345628
0.0845646487728348
0.08428081128534487
0.08380774880619497
0.08266293760665223
0.0823791001191623
0.08219933637708533
0.08228921824812382
0.0823412551208303
0.08223245075062584
0.0810356026783766
0.08090787580900613
0.08058146269839271
0.08067607519422268
0.08001378772341283
0.07999959584903833
0.07956437836822043
0.07960222336655243
0.07969683586238241
0.0797346808607144
0.07953599461947145
0.07890682152220209
0.0783769915455542
0.07806003968452378
0.0779275821903618
0.07776674094745084
0.07791812094077881
0.0779275821903618
0.07729840909309245
0.07757278533099939
0.07738356033933944
0.07740721346329693
0.07732679284184145
