0.0
0.0
0.0
0.0
0.0
0.0
0.0
0.0
0.0
0.0
0.0
0.0
0.0
0.0
0.0
0.0
0.0
0.0
0.0
0.0
0.0
0.0
0.0
0.0
0.0
3.784499833199141e-05
0.0
0.0
0.0
0.0
3.784499833199141e-05
3.784499833199141e-05
3.784499833199141e-05
3.784499833199141e-05
3.784499833199141e-05
3.784499833199141e-05
3.784499833199141e-05
3.784499833199141e-05
3.784499833199141e-05
3.784499833199141e-05
3.784499833199141e-05
3.784499833199141e-05
3.784499833199141e-05
0.0004967156031073873
0.0004967156031073873
0.0005156381022733829
0.0010076230805892712
0.0011022355764192498
0.0005250993518563807
0.0006575568460183508
0.0008278593385123121
0.000960316832674282
0.0020578217843020326
0.007294623428491344
0.007294623428491344
0.0020152461611785424
0.0021382424057575147
0.0020152461611785424
0.002185548653672504
0.002895142372397343
0.0030843673640572997
0.0030843673640572997
0.003141134861555287
0.0031789798598872783
0.0031789798598872783
0.004054145446314579
0.005899089114999161
0.007403427798695819
0.007550077167232286
0.008023139646382179
0.008297515884289116
0.00832589963303811
0.00828332400991462
0.008392128380119095
0.008647582118860037
0.008794231487396503
0.012048901343947765
0.008775308988230509
0.008179250264501644
0.008032600895965176
0.008127213391795155
0.008113021517420658
0.00823128713720813
0.008789500862605005
0.008827345860936996
0.009413943335082864
0.009593707077159822
0.011121698884813975
0.010814208273366545
0.011258887003767443
0.011372421998763418
0.011476495744176394
0.011703565734168343
0.011746141357291833
0.01224758758519072
0.012318546957063203
0.012744303188298107
0.012791609436213096
0.013837077515134358
0.01400738000762832
0.01444259748844622
0.015038656212175086
0.015171113706337057
0.01598478117047487
0.015497526816950482
0.016065201791930352
0.015653637435069947
0.015880707425061896
0.016249696158798812
0.015667829309444443
0.015667829309444443
0.015705674307776436
0.01661395426774423
0.02000108161845746
0.018903576666829708
0.01902657291140868
0.01915903040557065
0.019196875403902643
0.018884654167663713
0.01889411541724671
0.0184967429347608
0.018624469804131273
0.019059687284949174
0.019258373526192127
0.017039710498979132
0.017162706743558104
0.017191090492307097
0.017517503602920523
0.017725651093746474
0.017782418591244464
0.012536155697472153
0.012602384444553139
0.012744303188298107
0.012791609436213096
0.012791609436213096
0.012876760682460077
0.013103830672452025
0.013614738149933909
0.013614738149933909
0.013662044397848898
0.014948774341136607
0.015081231835298576
0.017470197355005535
0.018208174822479366
0.018667045427254763
0.018615008554548274
0.026552996954683473
0.026430000710104498
0.02457559579183692
0.02470332266120739
0.025441300128681225
0.025289920135353257
0.025346687632851247
0.027106480055288845
0.027428162541110773
0.028151948134210108
0.02844997749607454
0.02844997749607454
0.02859189623981951
0.027853918772345675
0.02805733563838013
0.028440516246491545
0.028478361244823534
0.028478361244823534
0.028412132497742548
0.028393209998576554
0.028487822494406533
0.02844997749607454
0.02822290750608259
0.028251291254831588
0.02850201436878103
0.02871962310918998
0.03066864052328754
0.031387695491595376
0.03156745923367233
0.03182291297241328
0.031874949845119765
0.032584543563844603
0.03726786210742854
0.03771254083782944
0.03784026770719991
0.03789703520469789
0.038076798946774855
0.038161950193021835
0.03780242270886792
0.03784026770719991
0.03793488020302989
0.03717798023639006
0.038819507039040184
0.03725840085784554
0.036884681499317125
0.03720636398513905
0.03717798023639006
0.03717798023639006
0.037286784606594535
0.03810045207073235
0.038682318920086715
0.038516747052384254
0.03941083513797755
0.03990282011629344
0.03972778699900798
0.0387769314159167
0.038814776414248686
0.03849782455321826
0.03849309392842676
0.0387722007911252
0.03889046641091267
0.03894250328361916
0.04186129877997399
0.041705188161854534
0.041620036915607554
0.04202214002288496
0.04196064190059547
0.04237220625745588
0.04238166750703888
0.04276484811515029
0.04381031619407155
0.04530519362818521
0.045437651122347184
0.04692306730687785
0.04703660230187382
0.04722109666874228
0.047012949177916326
0.046232396087319
0.04645000482772795
0.046544617323557934
0.046506772325225945
0.04678587918792438
0.04839902224182551
0.04868285972931545
0.04884843159701791
0.04903765658867787
0.049349877824916795
0.048242911623706045
0.04987497717677318
0.05045211340133605
0.05061295464424701
0.050977212753192426
0.051161707120060886
0.0515212346042148
0.0515306958537978
0.051696267721500266
0.0524105920650166
0.052438975813765595
0.05253358830959557
0.052590355807093564
0.05271335205167253
0.0598897098603764
0.05984240361246142
0.06056618920556075
0.06066080170139073
0.06139877916886456
0.06159273478531602
0.06175357602822698
0.0620941810132149
0.062231369132168375
0.0625672434923648
0.06222663850737687
0.06228813662966636
0.06170626978031199
0.06273281536006725
0.06269497036173527
0.06268550911215227
0.06284161973027173
0.06277539098319075
0.06280377473193974
0.0634424090787921
0.06383032031169501
0.063896549058776
0.06394385530669099
0.06413781092314244
0.06427499904209591
0.06486159651624178
0.06528735274747668
0.06538669586809816
0.06551915336226012
0.06560430460850711
0.06567999460517109
0.0656232271076731
0.06523058524997868
0.06514543400373171
0.06510758900539972
0.06505082150790173
0.06508866650623372
0.06503662963352723
0.06507447463185922
0.06504609088311024
0.06500824588477824
0.06530154462185117
0.06578879897537557
0.0660726364628655
0.06719379453845074
0.06731679078302971
0.06720325578803374
0.0678513513844691
0.06792704138113308
0.06796961700425656
0.06813991949675054
0.06852310010486194
0.06902454633276082
0.06941245756566373
0.06985713629606465
0.06929892257066776
0.06941718819045524
0.06952126193586822
0.06943611068962123
0.06940772694087224
0.06969629505315368
0.06973414005148566
0.06976252380023466
0.0700416306629331
0.07018354940667806
0.07010312878522258
0.07033019877521453
0.07064242001145346
0.07083637562790492
0.07100667812039888
0.07106344561789686
0.07118644186247584
0.07106817624268837
0.07097829437164989
0.0709309881237349
0.0691144282037993
0.06905766070630132
0.07035858252396353
0.07045319501979351
0.07023085565459306
0.07034912127438053
0.07182034558453669
0.07184399870849419
0.07208052994806914
0.0722413711909801
0.07244005743222305
0.07261035992471701
0.07248736368013804
0.07245897993138906
0.07259143742555102
0.07229813868847809
0.07258197617596802
0.07280904616595997
0.07293204241053894
0.07290838928658144
0.07321114927323738
0.07340037426489733
0.07343821926322933
0.07317803489969689
0.07325372489636087
0.07321587989802888
0.07327264739552687
0.07343348863843784
0.07362744425488929
0.0735754073821828
0.0735706767573913
0.07361325238051479
0.07361325238051479
0.07301719365678593
0.07321114927323738
0.07292731178574745
0.07284689116429197
0.07283269928991747
0.07213729744556713
0.07208999119765214
0.07201903182577965
0.07188657433161769
0.07204741557452864
0.07259616805034252
0.07277593179241948
0.07272862554450449
0.07284689116429197
0.07308342240386691
0.07295569553449643
0.07256305367680202
0.07263874367346601
0.07242586555784855
0.07235490618597608
0.07251101680409554
0.07283269928991747
0.07287054428824946
0.07200010932661366
0.07200010932661366
0.07214202807035862
0.07217987306869061
0.07246371055618055
0.07244005743222305
0.07249209430492955
0.07243059618264006
0.07259143742555102
0.07243059618264006
0.07233125306201858
0.0726434742982575
0.0726813192965895
0.07369840362676176
0.07367948112759577
0.0735139092598933
0.07321114927323738
0.07334360676739934
0.07341929676406334
0.0735281011342678
0.0735706767573913
0.07378828549780025
0.07377409362342575
0.07367001987801278
0.07477698607922352
0.07467291233381054
0.0744127279702781
0.0757656866606468
0.07537777542774389
0.0758035316589788
0.07604952414813673
0.07593598915314076
0.07591706665397477
0.07578460915981279
0.07611102227042622
0.07602114039938775
0.0761630591431327
0.07642324350666516
0.07648001100416314
0.07723691097080297
0.07730787034267544
0.07736463784017343
0.07738829096413093
0.07719906597247098
0.07729367846830096
0.07731260096746695
0.07724637222038597
0.07744978908642042
0.07742140533767142
0.0775254790830844
0.07713756785018148
0.07700511035601952
0.07800800281181729
0.07805530905973228
0.07822088092743475
0.0780032721870258
0.07829184029930722
0.07823507280180923
0.07807423155889827
0.07811207655723026
0.07851891028929918
0.07853310216367367
0.07860879216033766
0.07860879216033766
0.07937042275176898
0.07934203900301999
0.07945557399801596
0.07948395774676495
0.07960695399134393
0.08000432647382984
0.08000432647382984
0.0806240383215162
0.0806334995710992
0.08134309328982403
0.08126267266836855
0.08188711514084641
0.08172154327314395
0.0846119550207498
0.08442273002908983
0.08446057502742182
0.08447476690179632
0.0845883018967923
0.08436596253159184
0.08435650128200885
0.08431392565888536
0.08425242753659587
0.0845504568984603
0.08465453064387328
0.08472075939095426
0.08482010251157575
0.08482956376115874
0.08467818376783078
0.08471129814137127
0.08479644938761825
0.08495729063052922
0.08488160063386523
0.08565269247487955
0.08592706871278649
0.0858703012152885
0.08595072183674399
0.08591287683841199
0.08538304686176412
0.0854729287328026
0.08534047123864062
0.0849998662536527
0.08497621312969521
0.0849951356288612
0.08479644938761825
0.08494782938094622
0.08548712060717709
0.08616359995236143
0.08612102432923795
0.08602641183340796
0.08610210183007196
0.08606898745653146
0.08601695058382497
0.08609264058048896
0.08608790995569746
0.08615886932756994
0.08613994682840394
0.08622036744985942
0.08592706871278649
