0.0
0.0
0.0
0.00042575623123490336
0.0007332468426823335
0.0007521693418483293
0.00032641311061342587
0.00032641311061342587
0.0006007893485203636
0.0006007893485203636
0.0006575568460183508
0.0007852837153888218
0.001977401162846551
0.0024031573940814545
0.012451004451225173
0.013013948801413546
0.013269402540154487
0.017347201110426563
0.018160868574564375
0.01863393105371427
0.01867177605204626
0.016552456145454742
0.01624496553400731
0.01665179926607622
0.016964020502315148
0.017039710498979132
0.01705390237335363
0.01744654423104804
0.017711459219371978
0.019371908521188103
0.019494904765767075
0.01934352477243911
0.02012880848782793
0.02092355345279975
0.022971913987518786
0.02325575147500872
0.023326710846881205
0.023336172096464203
0.023818695825197092
0.025086503269318806
0.02602316697803559
0.026751683195926426
0.025673100743464673
0.02660503382738996
0.026571919453849468
0.027461276914651264
0.02806206626317163
0.015563755564031466
0.01501973371300909
0.01616454491255183
0.016315924905879797
0.017848647338325446
0.018648122928088765
0.019674668507844034
0.019944314120959473
0.020057849115955446
0.020100424739078936
0.024291758304346985
0.02532303450889375
0.027120671929663342
0.05562268629844437
0.05635120251633521
0.05664450125340814
0.0581630318114793
0.05511650944575399
0.05618090002384125
0.05657827250632715
0.05707971873422604
0.05748182184150345
0.05864555554021218
0.058905739903744626
0.059979591731414886
0.06029654359244531
0.06041007858744128
0.06144135479198805
0.06294569347568471
0.06493255588811425
0.0647433308964543
0.06588814209599704
0.06611521208598899
0.06630916770244044
0.06496567026165476
0.06529681399705968
0.06287946472860373
0.06461087340229234
0.0647338696468713
0.05435014822953116
0.05689995499214908
0.05935041863414552
0.05964371737121846
0.060097857351202356
0.06105344355908514
0.06302138347234869
0.06615778770911249
0.061696808530728994
0.06193333977030394
0.06307815096984667
0.0638350509364865
0.06507920525665073
0.0673972114044852
0.06962060505648969
0.06910969757900781
0.06897724008484583
0.06978144629940065
0.07010312878522258
0.070495770642917
0.07724637222038597
0.07742613596246292
0.07495201919650898
0.07558592291856985
0.07366528925322127
0.07457829983798057
0.07498986419484098
0.07597383415147275
0.07627186351333719
0.07699091848164502
0.07718487409809648
0.07732679284184145
0.08204795638375738
0.07872232715533363
0.07881693965116361
0.07704768597914301
0.07441745859506961
0.07455464671402308
0.074857406700679
0.07448841796694208
0.0727097030453385
0.0730928836534499
0.0739964329886262
0.0744127279702781
0.07446949546777609
0.07427553985132464
0.0744316504694441
0.07387816736883873
0.0713898587285103
0.07432284609923963
0.07590760540439177
0.07499459481963247
0.07498040294525797
0.07502297856838147
0.07500405606921547
0.07578460915981279
0.0718061537101622
0.07165004309204273
0.07189603558120068
0.06131362792261758
0.06222663850737687
0.06224556100654287
0.06259562724111378
0.06721271703761673
0.06728367640948922
0.068267646366121
0.06506501338227623
0.06634228207598093
0.06658827456513888
0.06725056203594873
0.06681534455513083
0.06665923393701137
0.06664504206263687
0.06373097719107353
0.061696808530728994
0.06179142102655897
0.06518327900206371
0.06668761768576036
0.06805949887529505
0.07100194749560738
0.07171154121433222
0.0726340130486745
0.0731023449030329
0.07343348863843784
0.07291311991137295
0.07269078054617249
0.07249209430492955
0.06991863441835412
0.06945030256399573
0.06972467880190267
0.06988552004481363
0.0705005012677085
0.0713803974789273
0.07162165934329374
0.07238802055951657
0.07243532680743156
0.07227921618931209
0.07327264739552687
0.07409577610924768
0.07411469860841367
0.0735517542582253
0.07200010932661366
0.07299354053282843
0.06889208883859886
0.06845687135778096
0.07001797753897561
0.07018828003146957
0.07106817624268837
0.07112967436497786
0.07143243435163378
0.07241640430826556
0.06756278327218766
0.06727421515990623
0.06790338825717558
0.06807842137446105
0.06820141761904001
0.06743505640281719
0.0677993145117626
0.068286568865287
0.0700085162893926
0.07024504752896756
0.0687454394700624
0.07022139440501006
0.0700321694133501
0.0700605531620991
0.07158381434496175
0.07161692871850224
0.07252047805367853
0.0739775104894602
0.07728894784350945
0.07744032783683742
0.07760116907974839
0.07518381981129243
0.07516016668733494
0.0757893397846043
0.07596437290188976
0.07629551663729468
0.07720852722205397
0.07721325784684548
0.07729367846830096
0.07798434968785979
0.07869394340658463
0.07844795091742669
0.07851417966450767
0.07866555965783564
0.07966372148884192
0.08180669451939093
0.08078961018921865
0.08122482767003655
0.0810497945527511
0.08139986078732202
0.08217568325312784
0.08400643504743793
0.08307450196351264
0.08525058936760214
0.08290893009581017
0.0832589963303811
0.08337253132537707
0.08397332067389744
0.083703675060782
0.08462141627033279
0.0850329806271932
0.08511813187344018
0.08549185123196859
0.08390709192681645
0.083694213811199
0.08403008817139543
0.08377463443265448
0.0837178669351565
0.08394966754993995
0.0845409956488773
0.08261090073394574
0.08262036198352875
0.0823649082447878
0.0814708201591945
0.0828616238478952
0.08432338690846836
0.08574730497070954
0.08359960131536902
0.08419566003909788
0.0841341619168084
0.08417673753993189
0.08684007929754578
0.08687792429587778
0.08703403491399724
0.08789973925084155
0.08696780616691625
0.08654678056047285
0.08682115679837979
0.08669342992900932
0.0868116955487968
0.08692996116858426
0.08711918616024422
0.08683061804796278
0.08681642617358828
0.08798015987229703
0.08835860985561694
0.08816938486395698
0.08818357673833148
0.0630024609731827
0.06302138347234869
0.06233071225278985
0.06238274912549634
0.0616636941571885
0.06025396796932182
0.06014043297432585
0.06014043297432585
0.0598897098603764
0.05977617486538043
0.05915173239290257
0.05926999801269004
0.05936934113331152
0.05926999801269004
0.059530182376222485
0.05369259138351281
0.05426026635849268
0.05427918885765868
0.05470021446410208
0.053933853247879256
0.052538318934387075
0.05377301200496829
0.05574095191823185
0.05621401439738174
0.05601059753134728
0.05610994065196876
0.05665396250299114
0.05779404307774238
0.05819141556022829
0.05854621241959071
0.05861244116667169
0.058773282409582656
0.058990891149991606
0.060537805456811755
0.06075068357242921
0.06103452105991914
0.061961723519052936
0.06270916223610977
0.06293623222610172
0.06356067469857957
0.06491836401373977
0.06501770713436124
0.0651927402516467
0.06505555213269323
0.06512178087977422
0.06595437084307802
0.06621928583140196
0.0660347914645335
0.06615305708432098
0.06600640771578452
0.06614832645952948
0.06671127080971785
0.06685792017825432
0.06684372830387983
0.0669430714245013
0.06767631826718364
0.06776146951343062
0.06851836948007045
0.0691617344517143
0.06919957945004629
0.06940772694087224
0.06942664944003824
0.06971994817711118
0.06976252380023466
0.06899143195922033
0.06969156442836218
0.07021666378021856
0.0722366405661886
0.07320168802365438
0.07204741557452864
0.07204741557452864
0.07212310557119263
0.07204741557452864
0.0722129874422311
0.0722366405661886
0.07244005743222305
0.07301246303199442
0.07262928242388302
0.0731401899013649
0.0731354592765734
0.07212310557119263
0.07195753370349016
0.0722413711909801
0.07217041181910762
0.07201903182577965
0.07362744425488929
0.07379774674738325
0.07392074299196222
0.07287054428824946
0.07322534114761188
0.07380247737217474
0.07366055862842978
0.07382139987134075
0.07445530359340159
0.0748810598246365
0.07656516225041012
0.07814046030597926
0.07815465218035375
0.07927581025593901
0.07923323463281551
0.07918119776010903
0.079256887756773
0.08115859892295557
0.0810971008006661
0.08250209636374127
0.08242640636707729
0.0819344213887614
0.08207160950771487
0.0819154988895954
0.0819296907639699
0.08227502637374932
0.08230814074728982
0.08243113699186878
0.08273862760331621
0.08314546133538513
0.08289473822143568
0.08334887820141958
0.08321642070725761
0.08346241319641555
0.08374625068390548
0.08405374129535292
0.08420985191347238
0.08421931316305538
0.08421931316305538
0.08339145382454306
0.08344822132204105
0.08431392565888536
0.08449368940096232
0.08426188878617887
0.08490525375782272
0.0849998662536527
0.0854492756088451
0.0849714825049037
0.08495256000573771
0.08488160063386523
0.08476806563886925
0.08470183689178827
0.08465453064387328
0.08508501749989969
0.08534520186343213
0.08537831623697262
0.08547765935759409
0.08541143061051311
0.08526951186676814
0.08528370374114264
0.08529789561551714
0.08513705437260617
0.08510867062385717
0.0858419174665395
0.088055849868961
0.08886951733309882
0.08890263170663931
0.08879382733643484
0.08850998984894491
0.0884768754754044
0.08957438042703217
0.09090368599344337
0.09090368599344337
0.09300408340086888
0.09329738213794182
0.09353391337751676
0.09499567643808993
0.0955964657866103
0.09551131454036331
0.09490106394225996
0.09590395639805772
0.0960080301434707
0.09611210388888368
0.0964527088738716
0.09626348388221165
0.09610737326409217
0.09641959450033111
0.0968784651051065
0.09729476008675841
0.09685954260594051
0.09652839887053559
0.09655205199449308
0.09653786012011858
0.09637228825241612
0.09683115885719151
0.09668450948865505
0.09668924011344655
0.09641486387553962
0.09671289323740405
0.0964763619978291
0.09678858323406803
0.09772524694278481
0.09792393318402777
0.09763063444695484
0.09747452382883537
0.09786716568652978
0.0982456156698497
0.09918701000335799
0.09925323875043897
0.09891736439024254
0.09886059689274455
0.09884640501837005
0.09890317251586804
0.09901197688607252
0.09913497313065149
0.09898359313732352
0.09918701000335799
0.09919647125294098
0.09961749685938438
0.09919174062814948
0.09993917934520631
0.09993917934520631
0.09904982188440452
0.09808950505173022
0.09818884817235171
0.09809896630131323
0.0982550769194327
0.09884167439357856
0.09877544564649758
0.09934312062147745
