0.0
0.0
0.0
0.0
0.0
0.0
0.0
0.0
0.0
0.0
7.568999666398282e-05
7.568999666398282e-05
7.568999666398282e-05
0.0005582137253968733
0.0005582137253968733
0.0005582137253968733
0.0007001324691418411
0.0007001324691418411
0.0007001324691418411
0.0007758224658058238
0.0007379774674738324
0.0007379774674738324
0.00017030249249396133
0.00032168248582192696
0.0003784499833199141
0.0003784499833199141
0.00032168248582192696
0.00019395561645145596
0.0002696456131154388
0.001461763060573168
0.0015563755564031467
0.0017739842968120972
0.0006007893485203636
0.0006575568460183508
0.0012630768193302132
0.002426810518038949
0.002180818028881005
0.0021335117809660156
0.00030275998665593127
0.0004162949816519055
0.003207363608636272
0.0035337767192496978
0.0035337767192496978
0.0037277323357011536
0.003912226702569611
0.0069965940666269115
0.007053361564124899
0.00762103653910477
0.006920904069962929
0.0069965940666269115
0.007100667812039888
0.006499878463519525
0.006954018443503422
0.007143243435163378
0.007696726535768752
0.007843375904305219
0.003770307958824644
0.004115643568604065
0.005520639131679246
0.0056814803745902104
0.006007893485203636
0.005870705366250167
0.0060646609827016236
0.006107236605825113
0.00669383407997098
0.006901981570796933
0.007185819058286869
0.009078068974886439
0.009078068974886439
0.009153758971550421
0.015043386836966585
0.015544833064865472
0.016140891788594337
0.016249696158798812
0.01643892115045877
0.016448382400041765
0.016448382400041765
0.0171674373683496
0.02563525574513268
0.027759306276515697
0.028818966229811456
0.02897980747272242
0.02897980747272242
0.02890411747605844
0.02779715127484769
0.029533290573327795
0.02942448620312332
0.02973197681457075
0.029788744312068738
0.029840781184775227
0.027555889410481243
0.027811343149222185
0.028000568140882143
0.029140648715633384
0.029802936186443234
0.029793474936860236
0.03176614547491529
0.03182291297241328
0.03234328169947816
0.032797421679462056
0.032882572925709036
0.03286365042654304
0.03492147221084507
0.03697929399514711
0.03740031960159051
0.04032384572273685
0.04067391195730777
0.04155853879331806
0.03482685971501509
0.036496770266414215
0.03682318337702764
0.03748074022304599
0.0387769314159167
0.038966156407576655
0.037471278973462994
0.037537507720543976
0.04085840632417623
0.041520693794986074
0.042074176895591446
0.04175722503456102
0.04259454562265633
0.04259454562265633
0.04322371871992569
0.04284999936139727
0.04322844934471719
0.043753548696573566
0.043602168703245604
0.044595599909460375
0.04510177676215076
0.044174574303016974
0.044254994924472456
0.04513489113569125
0.04547549612067918
0.04554172486776016
0.046057362970033544
0.04689941418292035
0.049851324052815685
0.050225043411344095
0.050981943377983924
0.05103871087548191
0.05117589899443538
0.051734112719832255
0.05170572897108326
0.05201795020732219
0.05226394269648013
0.05229232644522913
0.052973536415204976
0.05356959513893384
0.05213148520231817
0.05443529947577814
0.054676561340144585
0.054421107601403645
0.055513881928239896
0.056743844374029614
0.05729732747463499
0.05728313560026049
0.05747236059192045
0.05817722368585379
0.05653096625841217
0.056942530615272574
0.057429784968796964
0.058484714297301225
0.05868340053854418
0.05985659548683591
0.060235045470155825
0.060854757317842186
0.06106290480866814
0.06360798094649456
0.06361744219607755
0.06380666718773752
0.06145554666636255
0.061465007915945544
0.05634174126675221
0.0497803646809432
0.049704674684279214
0.0515590796025468
0.05267077642854904
0.05274646642521302
0.05157327147692129
0.05117589899443538
0.05333779452415039
0.05348917451747836
0.05472859821285107
0.05470021446410208
0.0555091513034484
0.055698376295108355
0.057680508082746405
0.05792650057190435
0.0581393786875218
0.059563296749762976
0.06007893485203636
0.06200902976696792
0.06451626090646236
0.06464871840062432
0.0669383407997098
0.06850417760569595
0.06861771260069192
0.06884951321547537
0.06771889389030712
0.06776620013822211
0.06802165387696306
0.06893466446172235
0.06924215507316978
0.06978617692419216
0.070486309393334
0.06951180068628522
0.06966318067961319
0.06999432441501811
0.0700605531620991
0.07080326125436442
0.07053834626604048
0.07277120116762797
0.07305503865511792
0.07030181502646554
0.07062349751228747
0.07128105435830581
0.07119590311205884
0.07187711308203468
0.06445949340896437
0.0647811758947863
0.06499878463519525
0.06470075527333081
0.06506974400706773
0.06506501338227623
0.06505555213269323
0.0656421496068391
0.06584556647287355
0.06645108644618541
0.0669146876757523
0.06796488637946507
0.06859879010152592
0.0691570038269228
0.07007947566126509
0.06943611068962123
0.0696395275556557
0.06999432441501811
0.07037750502312952
0.07125740123434832
0.07042954189583601
0.07072757125770045
0.07150812434829777
0.07156489184579576
0.07192914995474117
0.07203795432494564
0.07239748180909956
0.07246844118097205
0.07251101680409554
0.07261509054950852
0.07304084678074342
0.07323007177240337
0.07345241113760383
0.07370786487634477
0.07375044049946826
0.07350917863510181
0.07437961359673761
0.07463506733547856
0.07474387170568303
0.074904712948594
0.07559538416815284
0.07509393794025396
0.07526897105753941
0.07540142855170139
0.07814046030597926
0.07834860779680522
0.07846214279180119
0.07862298403471216
0.07586502978126827
0.07624821038937969
0.07630497788687768
0.07628605538771169
0.07745925033600341
0.07742140533767142
0.07741667471287993
0.0771091841014325
0.0779890803126513
0.07814992155556226
0.07820668905306025
0.07780458594578284
0.0780032721870258
0.07886424589907859
0.07886424589907859
0.07971102773675691
0.0796779133632164
0.07950288024593095
0.08112075392462359
0.08380301818140347
0.08394966754993995
0.08396859004910594
0.08427135003576187
0.08429973378451086
0.08839172422915743
0.0885147204737364
0.08860933296956638
0.08875598233810285
0.08875598233810285
0.08889790108184782
0.0894466535576617
0.08963587854932165
0.08948449855599369
0.08936150231141471
0.08300827321643166
0.08302719571559765
0.08405847192014441
0.0841057781680594
0.0841341619168084
0.08433284815805135
0.08491944563219722
0.08485321688511624
0.0849951356288612
0.0849714825049037
0.08578988059383302
0.08577568871945852
0.08645689868943437
0.08654678056047285
0.08728948865273818
0.0876726692608496
0.08824507486062097
0.08886005608351583
0.08699618991566525
0.08686373242150328
0.08708134116191223
0.08713810865941021
0.08760170988897711
0.08768686113522409
0.0876064405137686
0.08747871364439815
0.08711918616024422
0.08704822678837174
0.08705768803795473
0.08734625615023617
0.08770578363439009
0.08771997550876459
0.08815519298958249
0.0880889642425015
0.08836807110519994
0.0885383735976939
0.08841064672832342
0.08798489049708852
0.08796123737313102
0.08817411548874848
0.08840591610353193
0.08913916294621427
0.08935204106183171
0.08994809978556058
0.09044481538866797
0.09054888913408095
0.09008528790451405
0.09054415850928944
0.0907428447505324
0.09091314724302636
0.09115440910739281
0.09165585533529169
0.09244113905068051
0.09239383280276553
0.092464792174638
0.09263982529192347
0.0933730721346058
0.09346295400564428
0.09361906462376375
0.09434758084165458
0.09437596459040358
0.09641959450033111
0.09659935824240808
0.09661355011678256
0.096939963227396
0.09626821450700314
0.09590868702284923
0.0959843770195132
0.09643851699949711
0.09657097449365908
0.09663720324074006
0.09674600761094454
0.09707242072155796
0.09570527015681478
0.09550185329078031
0.09564377203452529
0.09619252451033916
0.09488214144309395
0.09500513768767294
0.09493417831580045
0.09498148456371544
0.09504298268600492
0.09505717456037942
0.09267293966546396
0.09265401716629797
0.09265401716629797
0.0937940977410492
0.0942529683458246
0.09482537394559597
0.0951896320545414
0.09530316704953737
0.09545454704286532
0.09544981641807383
0.09643851699949711
0.09687373448031501
0.09687373448031501
0.094702377701017
0.0950997501835029
0.09509501955871141
0.09577149890389576
0.09586138077493424
0.09433811959207158
0.09449423021019104
0.09459357333081253
0.09453680583331454
0.0947544145737235
0.09474495332414049
0.09431446646811409
0.09448476896060805
0.09460303458039553
0.09460303458039553
0.09453680583331454
0.09445165458706756
0.09433338896728008
0.09423877647145011
0.09504771331079642
0.09496729268934094
0.09498148456371544
0.09527951392557987
0.09560592703619329
0.09676493011011053
0.09692104072822999
0.09692104072822999
0.09656151324407608
0.09534101204786935
0.0951423258066264
0.0951659789305839
0.09507136643475392
0.09529370579995436
0.09528424455037136
0.09536939579661835
0.09549712266598882
0.09623510013346265
0.09619725513513067
0.09619725513513067
0.09625402263262865
0.09614994888721567
0.09623510013346265
0.09640067200116512
0.09672235448698704
0.09700619197447698
0.096902118229064
0.09705349822239197
0.09717649446697094
0.09741302570654589
0.09751236882716736
0.09745560132966938
0.09749817695279286
0.09712445759426445
0.09718595571655393
0.0972994907115499
0.09723326196446892
0.0973373357098819
0.0978009369394488
0.09879436814566357
0.09894574813899154
0.09893628688940855
0.09913497313065149
0.09902616876044702
0.09902616876044702
0.0986950250250421
0.09843957128630115
0.09845849378546714
0.09839226503838616
0.09903563001003002
0.099092397507528
0.09961276623459289
0.0995891131106354
0.10070554056142914
0.10111710491828954
0.10141040365536248
0.10158543677264793
0.10163747364535443
0.10138675053140499
0.10136782803223898
0.10140094240577947
0.10157124489827345
0.10161855114618842
0.10163747364535443
0.10160435927181394
0.1022193404947088
0.1022098792451258
0.10247952485824123
0.10282959109281216
0.1030803142067616
0.10285797484156115
0.10285797484156115
0.10300935483488911
0.10293366483822514
0.10293366483822514
0.10287216671593565
0.10294785671259962
0.1030613917075956
0.10271605609781619
0.10273497859698218
0.10292893421343363
0.10301408545968062
0.1030661223323871
0.10374260167757145
0.10302354670926361
