0.0
0.0
0.0
0.0
0.0
0.0
0.0
0.0
9.461249582997852e-05
9.461249582997852e-05
0.00011353499499597422
0.00018922499165995705
0.00018922499165995705
0.00020814749082595274
0.00043048685602640227
0.0008467818376783078
0.0008467818376783078
0.0010360068293382649
0.0015705674307776435
0.0009130105847592928
0.002360581770957964
0.002455194266787943
0.0024078880188729535
0.005908550364582159
0.005908550364582159
0.005908550364582159
0.00647622533956203
0.006646527832055991
0.006646527832055991
0.006674911580804984
0.006717487203928475
0.006849944698090445
0.007190549683078367
0.007228394681410359
0.007242586555784856
0.00827859338512312
0.00868069649240053
0.010085692055475711
0.010350607043799651
0.010558754534625603
0.0110128945146095
0.01149068761855089
0.013846538764717356
0.014319601243867249
0.011150082633562968
0.011396075122720914
0.012214473211650227
0.012342200081020698
0.01193536634895179
0.012219203836441726
0.012275971333939713
0.013222096292239497
0.020687022213224805
0.020724867211556794
0.021831833412767544
0.022082556526716986
0.02228597339275144
0.022617117128156367
0.02197375215651251
0.02242789213649641
0.02399845956727405
0.02414983956060202
0.022446814635662404
0.022215014020878956
0.022177169022546964
0.022347471515040927
0.023667315831869127
0.023884924572278077
0.024301219553929984
0.026065742601159084
0.026798989443841417
0.026638148200930453
0.0277451144021412
0.02862501061336
0.02849255311919803
0.02955221307249379
0.027801881899639187
0.028672316861274992
0.028785851856270965
0.025682561993047668
0.025848133860750133
0.026018436353244093
0.027943800643384156
0.027106480055288845
0.027248398799033815
0.01783918608874245
0.018023680455610907
0.01784391671353395
0.018175060448938875
0.02409780268789553
0.025006082647863324
0.025223691388272275
0.024561403917462424
0.024958776399948333
0.0259805913549121
0.026406347586147006
0.026406347586147006
0.02739031754277878
0.029012921846262914
0.029481253700621306
0.029717784940196255
0.029982699928520193
0.030096234923516166
0.030384803035797603
0.029836050559983725
0.029959046804562697
0.030465223657253085
0.03092882488681998
0.031151164252020427
0.031184278625560922
0.03125050737264191
0.03230543670114617
0.03230543670114617
0.032447355444891135
0.033104912290909484
0.03331305978173544
0.03314748791403298
0.033190063537156464
0.032314897950729164
0.0321493260830267
0.03248993106801462
0.0326129273125936
0.03272646230758957
0.03343605602631441
0.03406995974837527
0.03455721410189965
0.034954586584385564
0.03502081533146655
0.034935664085219566
0.03503027658104955
0.0348126678406406
0.03520057907354351
0.03538034281562047
0.035522261559365435
0.035692564051859395
0.03898980953153415
0.0392121488967346
0.039302030767773076
0.039723056374216484
0.0400825838583704
0.040461033841690315
0.04191333565268048
0.04314329809847021
0.04355486245533061
0.043114914349721215
0.04346498058429213
0.04365893620074359
0.04314329809847021
0.04370151182386708
0.04352647870658162
0.043990079936148514
0.04518692800839774
0.045314654877768215
0.04488889864653331
0.04620401233857001
0.046894683558128855
0.047987457884965105
0.048025302883297094
0.04805841725683759
0.04791649851309262
0.04868285972931545
0.04753331790498121
0.04793542101225862
0.04789757601392663
0.049789825930526194
0.050272349659259086
0.05036696215508907
0.050357500905506065
0.050357500905506065
0.04991282217510517
0.04991755279989667
0.05017300653863761
0.05008312466759913
0.04996485904781166
0.05137458523567834
0.05048522777487654
0.053328333274567395
0.053366178272899384
0.05404265761808373
0.05368786075872131
0.05407577199162422
0.051734112719832255
0.05179561084212174
0.0519706439594072
0.04478482490112033
0.04525788738027023
0.043673128075118084
0.044377991169051424
0.04460033053425187
0.04495512739361429
0.04769888977268367
0.045399806124015195
0.04349809495783263
0.043857622441986543
0.04348390308345813
0.04334198433971316
0.04384343056761204
0.04395223493781652
0.0449030905209078
0.04517746675881475
0.045532263618177166
0.045555916742134654
0.046057362970033544
0.04777931039413915
0.04789284538913513
0.04869705160368994
0.050225043411344095
0.05014935341468012
0.05052780339800003
0.05040007652862956
0.05094882900444343
0.05139350773484433
0.051734112719832255
0.051767227093372746
0.0519753745841987
0.053361447648107886
0.05358851763809983
0.0541751151122457
0.057718353081078394
0.05776092870420189
0.057226368102762507
0.0572642131010945
0.05718852310443052
0.05708444935901754
0.057595356836499426
0.057983268069402336
0.058602979917088696
0.057850810575240365
0.057902847447946854
0.05736828684650747
0.056876301868191585
0.05688576311777459
0.05718852310443052
0.05707025748464304
0.0563843168898757
0.05645054563695669
0.05664923187819964
0.057983268069402336
0.05807788056523232
0.058134648062730304
0.06174884540343548
0.06197591539342743
0.061777229152184476
0.06192387852072094
0.06201849101655092
0.0621036422627979
0.0621131035123809
0.0625435903684073
0.06278012160798224
0.06366474844399254
0.063896549058776
0.06303557534672319
0.06313018784255317
0.061914417271137945
0.06205633601488291
0.061829266024890965
0.06335725783254512
0.06330995158463013
0.06379247531336302
0.06283688910548023
0.06286054222943772
0.06289838722776972
0.06276592973360776
0.06293150160131021
0.06306868972026368
0.06357013594816256
0.06701876142116528
0.06754386077302167
0.06712756579136976
0.06707079829387178
0.06728840703428073
0.06751547702427267
0.0678513513844691
0.06901981570796933
0.06805949887529505
0.06829129949007849
0.06836698948674248
0.06817303387029103
0.06813991949675054
0.06854675322881944
0.06949760881191072
0.0695874906829492
0.06955910693420021
0.06892520321213935
0.07124793998476532
0.07199537870182215
0.07255832305201053
0.07300300178241143
0.07260089867513402
0.07455937733881457
0.07468710420818504
0.07412889048278817
0.0713520137301783
0.07185819058286869
0.07187238245724319
0.07592179727876626
0.07587449103085127
0.07588395228043428
0.07741194408808842
0.07727002534434346
0.07777620219703384
0.07783296969453184
0.07808369280848128
0.07877436402804011
0.07892574402136808
0.07917173651052603
0.07920958150885801
0.07863244528429515
0.07814046030597926
0.07891155214699358
0.07881693965116361
0.07884059277512111
0.07915754463615153
0.07955491711863744
0.07910550776344503
0.07936096150218598
0.07632390038604367
0.07685373036269155
0.07730787034267544
0.07917646713531752
0.0792426958823985
0.07924742650719001
0.08013205334320031
0.08012259209361731
0.08021720458944728
0.0801746289663238
0.08043008270506474
0.0810308720535851
0.08128159516753455
0.08247844323978377
0.08199591951105088
0.08242167574228579
0.08178777202022493
0.08230341012249831
0.08221825887625134
0.08182088639376542
0.08332049445267059
0.083684752561616
0.08463560814470729
0.08448422815137932
0.08438961565554934
0.08401116567222942
0.08297042821809966
0.08289946884622718
0.08420985191347238
0.08255886386123926
0.08338672319975157
0.08339618444933457
0.08257305573561376
0.08321642070725761
0.0832448044560066
0.0832826494543386
0.08319276758330012
0.08466399189345628
0.08445111377783883
0.0840915862936849
0.08472075939095426
0.0850613643759422
0.08526951186676814
0.08554388810467507
0.0854445449840536
0.08555807997904957
0.08538304686176412
0.08480118001240974
0.08475860438928626
0.08432338690846836
0.0845977631463753
0.08516070749656367
0.08521747499406165
0.08534047123864062
0.08569053747321155
0.08657043368443035
0.08637174744318739
0.08639066994235339
0.08672181367775832
0.08684480992233728
0.08736517864940217
0.08744086864606615
0.08725164365440619
0.08727529677836368
0.08771997550876459
0.08619198370111043
0.08712864740982722
0.08728002740315519
0.08750709739314713
0.08866610046706437
0.08914862419579726
0.08917700794454625
0.0889972442024693
0.08903035857600979
0.0890019748272608
0.08653258868609835
0.08625821244819142
0.08623928994902542
0.08627240432256592
0.08646162931422587
0.08646635993901737
0.08679277304963079
0.0867833118000478
0.08774362863272207
0.0880416579945865
0.088065311118544
0.08812680924083349
0.08864717796789838
0.08871340671497936
0.08886478670830733
0.0894324616832872
0.08953653542870017
0.08953653542870017
0.0898298341657731
0.08868029234143887
0.08861879421914938
0.08841537735311493
0.08850998984894491
0.08872759858935386
0.08965480104848765
0.08960276417578115
0.09022247602346752
0.08999067540868406
0.09014678602680354
0.090340741643255
0.090331280393672
0.08990552416243709
0.09000013665826707
0.08970210729640264
0.08963587854932165
0.08979671979223261
0.08994336916076907
0.09014678602680354
0.09052996663491494
0.09043535413908498
0.090255590397008
0.09022720664825902
0.09017990040034403
0.08951288230474268
0.08972576042036012
0.09065769350428542
0.08969737667161114
0.08919119981892075
0.08936623293620621
0.08909658732309077
0.08881748046039234
0.08862825546873238
0.08862352484394088
0.08857148797123439
0.08857148797123439
0.08866136984227287
0.08899251357767779
0.08924796731641874
0.08949869043036818
0.08965480104848765
0.08977779729306662
0.09017990040034403
0.09086584099511137
0.09150920596675523
0.09173154533195567
0.09220933843589707
0.09237964092839103
0.09717649446697094
0.09773943881715931
0.09755967507508236
0.096930501977813
0.09639121075158212
0.09618779388554766
0.09684062010677451
0.09660408886719957
0.0968784651051065
0.09730422133634141
0.09723799258926043
0.09768267131966132
0.09810842755089623
0.0982408850450582
0.09808477442693873
0.09860987377879511
0.09871394752420809
0.09887951939191056
0.09945665561647342
0.09943773311730743
0.09928635312397946
0.09941881061814142
0.09957019061146939
0.09965534185771638
0.09961749685938438
0.09948976999001391
0.09945665561647342
0.0995465374875119
0.09934312062147745
0.09939988811897543
0.09965534185771638
0.09967426435688237
0.10009055933853428
0.10002906121624479
0.09999121621791279
0.10047373994664568
0.10126848491161751
0.10129686866036651
0.10136309740744749
0.10189765800888687
0.10197807863034235
0.10235179798887076
