0.0002365312395749463
0.00031695186103042805
0.0004872543535243894
0.0005156381022733829
0.0006291730972693572
0.0008089368393463163
0.001650988052233125
0.0018496742934760802
0.0025166923890774288
0.0029519098698953298
0.002625496759281904
0.002956640494686829
0.00312694298718079
0.003193171734261775
0.0030985592384317967
0.0032262861078022676
0.0033208986036322463
0.003845997955488627
0.003959532950484601
0.0019300949149315618
0.00017030249249396133
0.0009461249582997852
0.0009555862078827831
0.001088043702044753
0.0013151136920367015
0.002866758623648349
0.002956640494686829
0.003003946742601818
0.00312694298718079
0.003325629228423745
0.0035952748415391837
0.0027390317542778783
0.0028525667492738526
0.0029187954963548375
0.0029519098698953298
0.0031647879855127817
0.0033540129771727385
0.004981347905448369
0.008065715269505669
0.011126429509605474
0.026193469470529553
0.03296299354716452
0.0348079372158491
0.044543563036753886
0.053049226411868954
0.05350336639185285
0.05897669927561711
0.061058174183876636
0.06246316974695182
0.0599275548587084
0.058101533689189806
0.06162111853406501
0.06355121344899657
0.07161692871850224
0.07427080922653313
0.07853310216367367
0.08196280513751039
0.08350498881953904
0.09194442344757313
0.09634863512845862
0.10063931181434815
0.09873760064816559
0.10153813052473294
0.10857256958969184
0.11072027324503236
0.1136343381165957
0.11499202743175589
0.11559281678027626
0.11766956106374428
0.11817573791643467
0.11942462286139038
0.11962803972742485
0.12149190589527542
0.12405590453226784
0.12402279015872734
0.12699362252778867
0.1308585429824433
0.13246222478676142
0.1410151944097915
0.13721177207742635
0.13941151260547335
0.14443543613404522
0.14703727976936962
0.15880707425061893
0.14614792230856782
0.14420363551926177
0.14694266727353963
0.1457883948244139
0.14689063040083314
0.14242965122244966
0.13969535009296327
0.14425094176717676
0.14560390045754545
0.1470845860172846
0.14939786154032758
0.15098735147027123
0.1506845914836153
0.15361757885434463
0.1502115290044654
0.15029194962592088
0.15383518759475356
0.1558551643807236
0.15686278746131288
0.15613427124342205
0.1572317761950498
0.15778998992044668
0.16465885711770312
0.16392087965022928
0.16592666456182484
0.16359446653961585
0.1629747546919295
0.1590057604918619
0.16148933850739883
0.14614319168377632
0.1501689533813419
0.15384937946912808
0.15350877448414016
0.154114294457452
0.15469143068201488
0.15743046243629277
0.15906252798935988
0.15893953174478093
0.1598478117047487
0.15248222890438487
0.1533432026164377
0.15228354266314192
0.15225988953918443
0.15360338697997014
0.15765753242628472
0.15797921491210665
0.16437501963021317
0.16154610600489683
0.16203336035842122
0.16261049658298407
0.16306936718775947
0.1634052415479559
0.1656664801982924
0.16235977346903463
0.16305990593817649
0.16318763280754695
0.16307409781255097
0.15698105308110036
0.15708512682651335
0.1577710674212807
0.15872665362916347
0.15877395987707846
0.15973900733454424
0.16131430539011338
0.16136634226281987
0.16144203225948384
0.16305044468859348
0.16183467411717825
0.16057632792263954
0.16067567104326103
0.15872665362916347
0.15928013672976885
0.158513775513546
0.15827251364917957
0.15518814628512226
0.15591666250301311
0.1560018137492601
0.15537264065199072
0.15526856690657775
0.15371692197496611
0.15788933304106814
0.1558788175046811
0.15616265499217105
0.15648906810278448
0.15477658192826185
0.1531918226231097
0.15321074512227573
0.14809693972266538
0.14917079155033564
0.14548563483775798
0.1457552804508734
0.1361000752514241
0.1338956040985856
0.1326136047800894
0.13300151601299232
0.1334509253681847
0.1330393610113243
0.13249060853551042
0.13321912475340125
0.13341308036985272
0.1352674852881203
0.1334556559929762
0.1317147860697046
0.13103830672452024
0.13765172018303576
0.13621361024642006
0.13571216401852118
0.1356932415193552
0.13600073213080263
0.13706039208409837
0.1382572401563476
0.13839442827530107
0.13714554333034537
0.13717865770388585
0.1369042814659789
0.13847957952154807
0.13534790590957577
0.13449166282231448
0.1290230605633417
0.12922174680458468
0.1285641899585663
0.1281810093504549
0.1290514443120907
0.1289994074393842
0.1299408017728925
0.12473238387745218
0.12486484137161415
0.12453842826100073
0.12450531388746024
0.12495945386744413
0.12706458189966116
0.12558862696471348
0.12652056004863876
0.1268753569080012
0.12574000695804147
0.1251202951103551
0.12504460511369112
0.12531898135159805
0.12556024321596448
0.12400386765956135
0.12165747776297788
0.12170951463568437
0.12395656141164636
0.12429243577184278
0.12433974201975777
0.12060727905926512
0.12044170719156265
0.1193962391126414
0.11925905099368793
0.11797232105040022
0.1175560260687483
0.11795339855123423
0.11479807181530444
0.11238072254684849
0.11390871435450264
0.11345930499931024
0.11270713565746192
0.1135917624934722
0.11370056686367669
0.1128112094028749
0.11296732002099436
0.11288689939953887
0.11348768874805923
0.11351134187201672
0.1136816443645107
0.11285378502599838
0.11209215443456705
0.11173735757520463
0.11159543883145967
0.11406955559741361
0.11356810936951471
0.11261725378642343
0.11418782121720107
0.11402697997429011
0.11350661124722523
0.1136154156174297
0.11332684750514826
0.1127355194062109
0.11243749004434647
0.11293893627224535
0.1123144937997675
0.1131801981366118
0.11159543883145967
0.11083380824002834
0.1096416907925706
0.1088043702044753
0.10735679901827663
0.10723380277369765
0.1061362978220699
0.10614102844686141
0.10581461533624797
0.10762171400660056
0.10756494650910257
0.10598964845353344
0.10539358972980457
0.10386086729735892
0.1039838635419379
0.10406901478818488
0.1026687498499012
0.10143878740411147
0.10190238863367837
0.1004690093218542
0.09961749685938438
0.09904982188440452
0.09831184441693068
0.09685481198114901
0.0965189376209526
0.0956011964114018
0.09658516636803358
0.09414889460041162
0.09353864400230827
0.09340618650814629
0.09318857776773734
0.09299935277607739
0.0929425852785794
0.09068607725303442
0.09051577476054046
0.09055361975887244
0.08921485294287824
0.08886951733309882
0.08866136984227287
0.08802273549542051
0.0872469130296147
0.08164585327647997
0.08172627389793545
0.08114440704858107
0.08096937393129562
0.08025978021257078
0.08041116020589874
0.08023612708861329
0.07985294648050187
0.07964006836488442
0.07950761087072244
0.07878382527762312
0.07858986966117165
0.07770997344995285
0.07726056409476045
0.07719433534767947
0.07695307348331303
0.07572311103752331
0.07482429232713851
0.07425188672736714
0.07412889048278817
0.07446476484298459
0.07186292120766019
0.07164531246725124
0.07160746746891924
0.07129051560788882
0.0713662056045528
0.07099248624602439
0.07128105435830581
0.07120536436164183
0.07057146063958097
0.07011732065959708
0.06929892257066776
0.06882112946672637
0.06794596388029907
0.06767631826718364
0.06728840703428073
0.06716068016491025
0.06746344015156619
0.06761008952010265
0.06709445141782927
0.06646054769576841
0.0661010202116145
0.06609155896203149
0.06558538210934112
0.06536304274414066
0.06594017896870354
0.06566580273079659
0.0652258546251872
0.06543400211601315
0.06362217282086906
0.06324845346234063
0.06290311785256122
0.06290784847735272
0.06288892597818672
0.0625672434923648
0.06234490412716435
0.06217460163467038
0.06269023973694376
0.06215567913550439
0.06192860914551244
0.06174884540343548
0.06110548043179163
0.06083583481867619
0.060334388590777305
0.06027762109327932
0.05884897240624664
0.05889627865416163
0.05881112740791465
0.058101533689189806
0.05838064055188825
0.05844213867417773
0.058049496816483324
0.05803057431731733
0.05804476619169182
0.05784134932565737
0.057727814330661396
0.057500744340669444
0.05735882559692448
0.05720271497880501
0.05737301747129898
0.05752912808941844
0.05672965249965512
0.05706552685985154
0.057429784968796964
0.05705133498547705
0.05743451559358846
0.05696618373923007
0.057074988109434545
0.05700402873756206
0.056805342496319106
0.056067365028845274
0.05570310691989985
0.05518746881762647
0.0550739338226305
0.05609101815280276
0.05537196318449493
0.05498405195159202
0.054203498860994695
0.05381085700330028
0.05361217076205733
0.05316749203165643
0.05319114515561393
0.05261873955584256
0.0524295145641826
0.052069987080028676
0.05175776584378975
0.0515590796025468
0.05159219397608729
0.051417160858801825
0.05172465147024926
0.050877869632570946
0.050906253381319946
0.05123266649193337
0.05101505775152442
0.050759604012783476
0.05046157465091904
0.05005947154364163
0.04984186280323268
0.04959587031407474
0.04946814344470427
0.048928852218473394
0.04840375286661701
0.048451059114532
0.04840375286661701
0.048223989124540054
0.048436867240157506
0.04853621036077898
0.0484652509889065
0.04818141350141656
0.047637391650394184
0.04727313354144877
0.04664869106897091
0.04681899356146487
0.04662030732022192
0.04673384231521789
0.046038440470867546
0.045825562355250093
0.04606682421961654
0.04563160673879864
0.04545657362151318
0.04496931926798879
0.044780094276328834
0.044713865529247845
0.04467602053091586
0.04455302428633689
0.04391912056427603
0.043351445589296156
0.04343186621075164
0.043370368088462154
0.04305814685222323
0.042878383110146266
0.04292568935806126
0.04293515060764425
0.042575623123490336
0.042093099394757444
0.04179980065768451
0.041690996287480034
0.041790339408101514
0.04153488566936057
0.04068810383168226
0.0405414544631458
0.04035222947148584
0.039926473240250934
0.039302030767773076
0.038814776414248686
0.03887154391174667
0.03840794268217978
0.03854986142592475
0.03811937456989835
0.037859190206365904
0.03779769208407642
0.037655773340331454
0.03750912397179498
0.037300976480969035
0.03697456337035561
0.03667180338369967
0.0365724602630782
0.0365393458895377
0.03664815025974218
0.036449464018499224
0.0365771908878697
0.036264969651630764
0.03606628341038781
0.03608047528476231
0.03573513967498289
0.03571148655102539
0.035739870299774386
0.03616562653100929
0.035640527179152906
0.035640527179152906
0.035233693447084
0.035153272825628516
0.035437110313118456
