0.0
0.0
0.0
0.0
0.0
0.0
0.0
0.0
0.0
0.0
0.0
0.0
0.0
0.0
0.0
0.0
0.0
0.0
0.0
0.0
0.0
0.0
0.0
5.676749749798711e-05
5.676749749798711e-05
0.0
0.0
1.8922499165995704e-05
1.8922499165995704e-05
1.8922499165995704e-05
1.8922499165995704e-05
1.8922499165995704e-05
1.8922499165995704e-05
1.8922499165995704e-05
1.8922499165995704e-05
1.8922499165995704e-05
0.0
3.784499833199141e-05
3.784499833199141e-05
3.784499833199141e-05
0.0002932987370729334
0.00035006623457092053
0.0006055199733118625
0.00046360122956689475
0.00048252372873289044
0.00048252372873289044
0.00048252372873289044
0.0005203687270648818
0.0005629443501883722
0.0006764793451843464
0.0008183980889293142
0.0008183980889293142
0.0008562430872613056
0.0008751655864273013
0.00044940935519239796
0.0005061768526903851
0.000577136224562869
0.0006244424724778583
0.0006244424724778583
0.0006244424724778583
0.0007190549683078368
0.0007190549683078368
0.0008136674641378153
0.0015043386836966586
0.0015043386836966586
0.0015611061811946455
0.0015611061811946455
0.0015611061811946455
0.0016746411761906198
0.0017692536720205984
0.0017787149216035962
0.0017976374207695918
0.0021477036553405123
0.002166626154506508
0.0023321980222089705
0.002360581770957964
0.002360581770957964
0.002478847390745437
0.002478847390745437
0.0025829211361584137
0.0031884411094702764
0.0032262861078022676
0.0032262861078022676
0.0032357473573852652
0.0037324629604926526
0.0037466548348671492
0.0038223448315311322
0.003836536705905629
0.0038034223323651366
0.004408942305676999
0.004749547290664922
0.004749547290664922
0.005132727898776335
0.005246262893772309
0.005761900996045692
0.005761900996045692
0.0064809559643535285
0.005865974741458668
0.005865974741458668
0.0059038197397906595
0.006585029709766505
0.006585029709766505
0.006178195977697597
0.006178195977697597
0.006178195977697597
0.005913280989373658
0.005875435991041666
0.0059558566124971474
0.005941664738122651
0.00598897098603764
0.006670180956013486
0.006807369074966954
0.0069161734451714295
0.0069161734451714295
0.0069161734451714295
0.007285162178908346
0.007464925920985305
0.007464925920985305
0.009111183348426932
0.009120644598009929
0.009120644598009929
0.009461249582997853
0.00951801708049584
0.009484902706955347
0.009659935824240807
0.009849160815900765
0.009896467063815754
0.009896467063815754
0.010331684544633655
0.010449950164421127
0.0105729464090001
0.01065809765524708
0.01105547013773299
0.011159543883145967
0.01206782384311376
0.012219203836441726
0.012313816332271705
0.012294893833105709
0.012294893833105709
0.012294893833105709
0.012323277581854702
0.012673343816425623
0.012711188814757614
0.012938258804749563
0.012890952556834574
0.01299502630224755
0.013269402540154487
0.013326170037652475
0.013529586903686929
0.013780310017636372
0.01396480438450483
0.014106723128249798
0.014220258123245772
0.01431487061907575
0.014097261878666799
0.014097261878666799
0.01422971937282877
0.014286486870326756
0.01422971937282877
0.014996080589051596
0.015052848086549582
0.01652407239670575
0.016727489262740203
0.017432352356673543
0.017985835457278918
0.01795745170852992
0.015686751808610438
0.01545968181861849
0.01612669991421984
0.0162970024067138
0.016235504284424315
0.016197659286092323
0.016363231153794785
0.017034979874187634
0.01704444112377063
0.015407644945912001
0.015497526816950482
0.015497526816950482
0.015620523061529454
0.01567255993423594
0.015644176185486948
0.015833401177146905
0.016330116780254294
0.017162706743558104
0.01752223422771202
0.017555348601252515
0.017687806095414486
0.01757427110041851
0.017626307973124998
0.017815532964784955
0.017815532964784955
0.01788176171186594
0.01809937045227489
0.01828859544393485
0.01828386481914335
0.01828386481914335
0.018387938564556325
0.019532749764099064
0.019627362259929042
0.019712513506176026
0.020114616613453432
0.02008623286470444
0.020190306610117417
0.020360609102611376
0.020284919105947395
0.020284919105947395
0.020474144097607352
0.020455221598441355
0.020455221598441355
0.02022815160844941
0.02022815160844941
0.020237612858032404
0.020157192236576922
0.020138269737410928
0.020422107224900864
0.020819479707386773
0.02073905908593129
0.02093301470238275
0.020734328461139793
0.020937745327174247
0.020852594080927267
0.02096612907592324
0.02123104406424718
0.021685184044231077
0.016278079907547805
0.016315924905879797
0.016372692403377784
0.016457843649624763
0.016533533646288748
0.016628146142118726
0.0167416811371147
0.01712486174522611
0.017370854234384055
0.01730462548730307
0.01722893549063909
0.01722893549063909
0.01722893549063909
0.01713432299480911
0.017295164237720075
0.017172167993141103
0.01726204986417958
0.017347201110426563
0.01736139298480106
0.017460736105422536
0.017536426102086517
0.0176215773483335
0.018156137949772878
0.018156137949772878
0.018231827946436862
0.018345362941432835
0.018345362941432835
0.018477820435594806
0.018477820435594806
0.01842105293809682
0.018610277929756776
0.018610277929756776
0.01929148789973262
0.01929148789973262
0.01933879414764761
0.019433406643477587
0.019357716646813607
0.0193766391459796
0.020024734742414955
0.020242343482823905
0.020422107224900864
0.02057348721822883
0.020942475951965744
0.02162368592194159
0.021614224672358594
0.021652069670690586
0.021557457174860607
0.021590571548401098
0.02259346400419887
0.022536696506700885
0.022536696506700885
0.02264077025211386
0.0229056852404378
0.022971913987518786
0.023113832731263752
0.02315640835438724
0.02315640835438724
0.02330778834771521
0.023629470833537135
0.023700430205409618
0.02374300582853311
0.023634201458328636
0.023657854582286128
0.023733544578950112
0.023752467078116107
0.023288865848549212
0.023397670218753688
0.023397670218753688
0.023761928327699106
0.02383761832436309
0.023894385821861076
0.023884924572278077
0.023624740208745637
0.023624740208745637
0.023757197702907608
0.023795042701239597
0.023724083329367113
0.023766658952490603
0.023842348949154588
0.02413091706143602
0.024438407672883453
0.02453302016871343
0.02453302016871343
0.024561403917462424
0.02479320453224587
0.02475535953391388
0.025247344512229767
0.025214230138689276
0.025185846389940283
0.02523315263785527
0.025228422013063773
0.025162193265982787
0.025143270766816793
0.025095964518901802
0.025162193265982787
0.02519057701473178
0.025228422013063773
0.025294650760144758
0.025379802006391738
0.02537034075680874
0.025526451374928205
0.025535912624511204
0.025611602621175185
0.025639986369924178
0.025436569503889724
0.02550279825097071
0.025516990125345206
0.025516990125345206
0.02593801573178861
0.02602789760282709
0.02634011883906602
0.02660503382738996
0.027153786303203836
0.0273051662965318
0.027324088795697796
0.0281803318829591
0.02805260501358863
0.028194523757333598
0.02832698125149557
0.028308058752329574
0.02850201436878103
0.028516206243155526
0.028393209998576554
0.028520936867947023
0.028440516246491545
0.028610818738985504
0.028572973740653512
0.02858243499023651
0.028511475618364028
0.02841686312253405
0.028606088114194007
0.028615549363777002
0.028733814983564476
0.028695969985232484
0.02859189623981951
0.028643933112525995
0.028643933112525995
0.028823696854602957
0.028795313105853964
0.02876692935710497
0.028733814983564476
0.028733814983564476
0.02876219873231347
0.02872908435877298
0.02911699559167589
0.02911699559167589
0.030025275551643683
0.03004419805080968
0.03013881054663966
0.030176655544971648
0.030148271796222655
0.030365880536631605
0.030328035538299616
0.03030438241434212
0.030124618672265163
0.03007731242435017
0.030030006176435184
0.03026653741601013
0.03017192492018015
0.03008677367393317
0.03026653741601013
0.030280729290384625
0.030332766163091114
0.030332766163091114
0.030294921164759122
0.03043683990850409
0.03047468490683608
0.030488876781210577
0.03090990238765398
0.030980861759526468
0.030900441138070986
0.03104709050660745
0.03129781362055689
0.03136404236763788
0.03136404236763788
0.03134511986847188
0.031505961111382846
0.03134511986847188
0.031458654863467855
0.031458654863467855
0.03153907548492334
0.03167153297908531
0.03168099422866831
0.03175668422533229
0.03179925984845578
0.03187021922032827
0.03189860296907726
0.031860757970745265
0.03241897169614214
0.03241897169614214
0.03241897169614214
0.03245208606968263
0.03244262482009964
0.03244262482009964
0.032414241071350644
0.03248993106801462
0.03266023356050859
0.03253723731592961
0.032579812939053106
0.032518314816763615
0.03247573919364013
0.0326081966878021
0.032617657937385094
0.032617657937385094
0.03270753980842357
0.032783229805087556
0.032717001058006574
0.032698078558840576
0.03274065418196407
0.03271227043321508
0.032849458552168545
0.032565621064678606
0.03277376855550456
0.03270753980842357
0.032797421679462056
0.03269334793404908
0.032735923557172565
0.03283053605300255
0.03297245479674751
0.03300083854549651
0.03287784230091754
0.033005569170288004
0.0330386835438285
0.0330386835438285
0.03307179791736899
0.033100181666117987
0.03312856541486698
0.03316167978840747
0.03316167978840747
0.03351647664776989
0.033592166644433874
0.03356378289568488
0.03356378289568488
0.03360162789401687
0.03371516288901284
0.03371516288901284
0.033691509765055354
0.03361581976839137
0.03355905227089338
0.03361581976839137
0.03355905227089338
0.033672587265889356
0.03374354663776184
0.033857081632757816
0.033639472892348865
0.03360162789401687
0.03382869788400882
0.033771930386510836
0.03383342850880032
0.03385235100796632
0.03395642475337929
0.03395642475337929
0.034079420997958264
0.03411726599629025
0.03424972349045222
0.03420241724253723
0.03439164223419719
0.0343727197350312
0.034145649745039246
0.034164572244205244
0.03430176036315871
0.03432068286232471
0.0343585278606567
0.034344335986282205
0.034382180984614194
0.03440110348378019
0.03439164223419719
0.03447206285565267
0.033894926631089804
0.03402265350046028
0.03396115537817079
0.03396115537817079
0.03396115537817079
0.03395169412858779
0.03395169412858779
0.03395169412858779
