0.0
0.0
0.0
0.0
0.0
0.0005676749749798711
0.0005676749749798711
0.0005676749749798711
0.0005676749749798711
0.0006433649716438539
0.0006528262212268517
0.0006528262212268517
0.0006528262212268517
0.0006717487203928475
0.0006717487203928475
0.0006717487203928475
0.0006717487203928475
0.0006717487203928475
0.0028099911261503623
0.0027059173807373856
0.0027768767526098696
0.0027768767526098696
0.002814721750941861
0.002956640494686829
0.0031553267359297837
0.0031553267359297837
0.003382396725921732
0.003439164223419719
0.0038081529571566356
0.00400683919839959
0.0048110454129544076
0.005496986007721752
0.006670180956013486
0.007673073411811258
0.007848106529096718
0.008131944016586654
0.008131944016586654
0.008131944016586654
0.008562430872613056
0.008751655864273013
0.009054415850928945
0.010412105166089137
0.01047833391317012
0.01070540390316207
0.010653367030455581
0.010937204517945517
0.010937204517945517
0.01097504951627751
0.011561646990423375
0.011769794481249329
0.011883329476245302
0.011897521350619798
0.011973211347283783
0.0114528426202189
0.011651528861461855
0.01092301264357102
0.011112237635230978
0.011348768874805924
0.011679912610210848
0.012238126335607722
0.013013948801413546
0.013084908173286029
0.01325521066577999
0.01941921476910309
0.020677560963641806
0.02065863846447581
0.02061133221656082
0.023397670218753688
0.023137485855221247
0.02362000958395414
0.024078880188729532
0.02502027452223782
0.025162193265982787
0.025961668855746106
0.0237903120764481
0.024471522046423944
0.024708053285998892
0.024324872677887476
0.022494120883577395
0.024991890773488828
0.025521720750136707
0.02619820009532105
0.02619820009532105
0.024859433279326857
0.0251148870180678
0.02523788326264677
0.025252075137021268
0.027934339393801157
0.02924945308583786
0.028724353733981477
0.029405563703957326
0.02967520931707276
0.030011083677269186
0.03163841860554482
0.03180872109803878
0.03180872109803878
0.03154853673450634
0.03271227043321508
0.034027384125251775
0.03462344284898064
0.03373881601297034
0.03339348040319092
0.03454302222752516
0.03474170846876811
0.02752750566173225
0.027631579407145227
0.028837888728977454
0.030417917409338094
0.031193739875143917
0.032177709831775696
0.032395318572184646
0.03341713352714842
0.033492823523812394
0.03418349474337124
0.03410307412191576
0.03325156165944595
0.03419295599295424
0.03458086722585715
0.03442475660773769
0.0356783721774849
0.037201633360347555
0.03731043773055203
0.0374476258495055
0.038833698913414684
0.0405367238383543
0.041298354429785626
0.03482685971501509
0.035839213420395866
0.036264969651630764
0.03766050396512295
0.03849309392842676
0.03910334452653012
0.03910334452653012
0.038327522060724296
0.040058930734412905
0.04055564633752029
0.04350755620741562
0.043370368088462154
0.04432122367155344
0.045082854262984765
0.04530519362818521
0.045267348629853224
0.04567891298671363
0.04602424859649305
0.0466818054425114
0.04572621923462862
0.04396642681219102
0.04431649304676194
0.0449409355192398
0.047348823538112754
0.04813410725350157
0.04874908847639643
0.04955329469095125
0.050679183391327993
0.05144554460755082
0.05364055451080632
0.053848702001632276
0.05480428820951506
0.05362636263643183
0.054373801353488654
0.0554949594290739
0.05557538005052938
0.05565580067198486
0.05665396250299114
0.05704660436068555
0.05796434557023634
0.05891520115332762
0.05918484676644306
0.06002689797932987
0.060537805456811755
0.06063241795264174
0.06243951662299432
0.06260508849069679
0.06428919091647041
0.06425607654292992
0.06332414345900463
0.06145554666636255
0.06173938415385248
0.06301192222276569
0.06412834967355945
0.06537723461851516
0.06687684267742032
0.06708972079303777
0.06817776449508252
0.06810207449841854
0.06791758013155008
0.06779458388697111
0.06847106323215546
0.06847106323215546
0.06842375698424047
0.06942191881524674
0.07112494374018635
0.07141824247725928
0.07200957057619665
0.0718014230853707
0.07130943810705481
0.07113913561456085
0.07232652243722708
0.07287054428824946
0.07295096490970494
0.07349498676072731
0.0735139092598933
0.07462087546110406
0.07568526603919132
0.07562376791690183
0.07565215166565083
0.07748763408475241
0.08000905709862134
0.07945084337322446
0.08228448762333232
0.08359014006578602
0.0832211513320491
0.08421931316305538
0.08466399189345628
0.08425242753659587
0.08376990380786298
0.0836705606872415
0.08403008817139543
0.08380774880619497
0.08380301818140347
0.0823412551208303
0.08246425136540927
0.08251155761332427
0.0827953951008142
0.07975833398467189
0.07902508714198955
0.08001851834820434
0.0797536033598804
0.07891628277178508
0.07844322029263519
0.07917173651052603
0.07943192087405847
0.08074703456609517
0.07971102773675691
0.07913862213698554
0.07822561155222624
0.07876490277845712
0.07940353712530947
0.08006582459611933
0.08009893896965982
0.08123428891961956
0.08042062145548175
0.08091733705858913
0.08081799393796765
0.08111129267504058
0.08230341012249831
0.08306031008913814
0.08335360882621108
0.08372732818473949
0.08422877441263837
0.08609264058048896
0.08490052313303123
0.0854587368584281
0.08606898745653146
0.08714283928420172
0.08808423361771
0.08818830736312298
0.08839172422915743
0.08876544358768584
0.08866610046706437
0.08881274983560083
0.08860933296956638
0.08863298609352388
0.08903981982559278
0.08906347294955028
0.08944192293287019
0.08980145041702411
0.08967372354765364
0.09145716909404873
0.09245060030026352
0.09243167780109751
0.0911496784826013
0.09032181914408899
0.09038331726637848
0.0907381141257409
0.09087057161990288
0.09108344973552032
0.09023193727305051
0.08956018855265767
0.08929054293954222
0.09021301477388452
0.0889877829528863
0.08899251357767779
0.08737463989898517
0.08720433740649121
0.0867501974265073
0.08745979114523214
0.08735098677502767
0.08709553303628673
0.08701511241483124
0.0867360055521328
0.08652785806130686
0.08752601989231312
0.08770105300959859
0.08837280172999144
0.08806058049375251
0.08768686113522409
0.08794704549875654
0.08789500862605004
0.08787135550209255
0.08791393112521605
0.08694888366775026
0.08729894990232118
0.08779566550542857
0.08771997550876459
0.08781458800459456
0.08561957810133906
0.08553442685509208
0.08054834832485222
0.0806476914454737
0.0806051158223502
0.07998540397466385
0.07989552210362535
0.08006582459611933
0.0801604370919493
0.07964479898967591
0.07948395774676495
0.0802030127150728
0.08021720458944728
0.0805767320736012
0.08091733705858913
0.0810214108040021
0.08124848079399405
0.08096937393129562
0.08172627389793545
0.0836989444359905
0.08300827321643166
0.0827859338512312
0.0823743694943708
0.08231760199687281
0.08316911445934262
0.08348133569558155
0.08265820698186073
0.08284270134872919
0.08259197823477975
0.08245005949103479
0.08249263511415827
0.08218987512750234
0.0819344213887614
0.08208580138208936
0.08156070203023298
0.08179250264501643
0.08155124078064999
0.08217095262833635
0.08241221449270279
0.08251155761332427
0.08244532886624328
0.08249736573894977
0.08353810319307954
0.0827859338512312
0.08357121756662003
0.08262509260832024
0.08299408134205716
0.08272916635373322
0.08384559380452697
0.0832826494543386
0.08357594819141152
0.08397332067389744
0.08489106188344822
0.08505190312635919
0.08534993248822362
0.08508974812469118
0.08556281060384108
0.08496675188011221
0.08537358561218111
0.08434704003242585
0.0845741100224178
0.08383613255494397
0.08387870817806746
0.08378409568223748
0.08363271568890951
0.08350498881953904
0.08289000759664418
0.08495729063052922
0.08562903935092206
0.08555807997904957
0.08459303252158379
0.08468291439262228
0.08464033876949878
0.08485321688511624
0.08483902501074174
0.08446057502742182
0.08383140193015247
0.08386924692848446
0.08375571193348849
0.08346241319641555
0.08346714382120705
0.0832826494543386
0.08264401510748624
0.08260617010915425
0.08263928448269474
0.08214729950437885
0.08223718137541733
0.08249263511415827
0.08263928448269474
0.08228448762333232
0.08160327765335647
0.08125321141878555
0.08108763955108308
0.0810687170519171
0.08076595706526117
0.08031654771006877
0.08041116020589874
0.08154651015585848
0.08123428891961956
0.0801557064671578
0.08008474709528532
0.07980090960779539
0.07983875460612737
0.07957857024259493
0.07964479898967591
0.07960222336655243
0.0796779133632164
0.07996175085070635
0.07990971397799985
0.07950761087072244
0.07911496901302804
0.07916227526094302
0.0788074784015806
0.07900616464282356
0.07937515337656048
0.07937515337656048
0.07935150025260299
0.07941772899968397
0.07967318273842491
0.07961641524092693
0.07958330086738644
0.07952180274509695
0.07897305026928307
0.0788547846494956
0.07799854156223429
0.07802692531098329
0.0779133903159873
0.07864190653387815
0.07860879216033766
0.07852364091409067
0.07859933091075466
0.07867029028262713
0.07866082903304414
0.07869867403137613
0.07811680718202177
0.07787081469286382
0.07770524282516136
0.0779275821903618
0.07767685907641236
0.07720379659726247
0.07702403285518551
0.07677330974123607
0.07734571534100744
0.07745451971121192
0.07727475596913495
0.07697672660727052
0.07697672660727052
0.07673073411811258
0.07685846098748306
0.07680642411477656
0.074885790449428
0.07520274231045843
0.07547238792357387
0.07518381981129243
0.07479117795359802
0.07501824794358997
0.07517908918650093
0.07529735480628841
0.074847945451096
0.07434176859840562
0.07460668358672956
0.07458776108756357
0.07451207109089958
0.07456410796360607
0.07420458047945215
0.07422823360340965
0.07385451424488124
0.07333887614260785
0.0731543817757394
0.07337199051614834
0.0731401899013649
0.07362744425488929
0.07339564364010584
0.07311180615261591
0.07424715610257564
0.07462560608589555
0.07423769485299264
0.07393493486633672
0.07398224111425171
0.07347606426156132
0.0735706767573913
0.07338145176573134
0.07363690550447229
0.07402008611258369
0.0740248167373752
0.07373624862509376
0.07364636675405528
0.07394439611591971
0.07368894237717877
0.0740390086117497
0.07387343674404723
0.07316384302532239
0.0744505729686101
0.0744600342181931
