0.0
0.0
0.0
9.461249582997852e-05
9.461249582997852e-05
9.461249582997852e-05
9.461249582997852e-05
0.0002176087404089506
0.00046360122956689475
0.0003879112329029119
0.00046360122956689475
0.0003689887337369162
0.0004162949816519055
0.00044467873040089905
0.0014381099366156736
0.0016462574274416263
0.003060714240099805
0.00339185797550473
0.0035621604679986914
0.0036615035886201686
0.0018165599199355875
0.0020057849115955447
0.0021287811561745166
0.002365312395749463
0.020843132831344268
0.024395832049759963
0.022049442153176495
0.0259805913549121
0.02616508572178056
0.0246702082876669
0.025270997636187262
0.024220798932474502
0.024329603302678977
0.013382937535150461
0.014206066248871274
0.014201335624079776
0.014305409369492752
0.014277025620743759
0.024736437034747885
0.025758251989711652
0.025313573259310752
0.025166923890774285
0.026505690706768482
0.019934852871376474
0.0229151464900208
0.02435798705142797
0.02391803894581857
0.024216068307683
0.01426756437116076
0.014991349964260096
0.01814667670018988
0.019300949149315617
0.021458114054239127
0.021954829657346516
0.01665179926607622
0.016670721765242216
0.017162706743558104
0.017744573592912472
0.020502527846356346
0.020327494729070885
0.020450490973649857
0.020431568474483863
0.020441029724066858
0.01264022944288513
0.019537480388890565
0.03035168866225711
0.021775065915269558
0.024159300810185014
0.024419485173717455
0.025706215117005164
0.02634011883906602
0.026131971348240066
0.025389263255974737
0.0295096374493703
0.02967520931707276
0.024944584525573837
0.02546022262784722
0.025843403235958632
0.025346687632851247
0.02634011883906602
0.02664287882572195
0.023326710846881205
0.026141432597823065
0.025261536386604264
0.025791366363252143
0.02625496759281904
0.02672803007196893
0.026907793814045892
0.028554051241487518
0.029504906824578802
0.030446301158087087
0.0308294817661985
0.031084935504939442
0.030895710513279485
0.03086732676453049
0.030536183029125568
0.028752737482730474
0.029679939941864263
0.031018706757858457
0.03101397613306696
0.031023437382649958
0.03749966272221199
0.038209256440936826
0.03820452581614533
0.03983659136921246
0.03991228136587644
0.04517746675881475
0.04065498945814177
0.04061714445980978
0.040796908201886736
0.04068337320689076
0.03933041451652207
0.03947706388505854
0.038814776414248686
0.038951964533202155
0.041605845041233054
0.04423607242530646
0.045333577376934206
0.0497614421817772
0.0497945565553177
0.04945868219512127
0.04967629093553022
0.04967156031073872
0.04530992425297671
0.04547549612067918
0.048592977858276966
0.04838483036745102
0.04910388533575885
0.049496527193453266
0.049737789057819705
0.04981347905448369
0.04902346471430337
0.04928364907783581
0.04531938550255971
0.045617414864424145
0.0458066398560841
0.04861663098223446
0.04819087475099956
0.04828075662203804
0.04849363473765549
0.048597708483068464
0.04858824723348547
0.04640269857981297
0.04664869106897091
0.04661557669543042
0.046880491683754355
0.04387654494115254
0.04554172486776016
0.045787717356918105
0.04293515060764425
0.04329940871658967
0.041790339408101514
0.041705188161854534
0.041922796902263484
0.042528316875575345
0.04267023561932031
0.04224447938808541
0.04298718748035074
0.045049739889444274
0.04512542988610826
0.045617414864424145
0.04584448485441609
0.045920174851080076
0.046142514216280524
0.0436163605776201
0.044373260544259926
0.04467128990612436
0.04495512739361429
0.04505920113902727
0.04506393176381877
0.04695618168041834
0.047599546652062195
0.041118590687708664
0.04115643568604065
0.04169572691227153
0.041955911275803975
0.041213203183538646
0.04136458317686661
0.03894723390841066
0.0392121488967346
0.03976563199733997
0.0440279249344805
0.04428337867322145
0.04629862483439999
0.04692306730687785
0.04942556782158078
0.04957221719011724
0.04565999048754763
0.04564106798838164
0.04572621923462862
0.04571202736025412
0.044557754911128386
0.044912551770490805
0.04472332677883085
0.044983511142363285
0.045049739889444274
0.04559849236525815
0.046005326097327055
0.04665815231855391
0.04685683855979686
0.04696091230520984
0.04720690479436778
0.049955397798228655
0.05011150841634812
0.05016354528905461
0.050991404627566926
0.051478658981091316
0.05234909394272712
0.0524200533145996
0.05249574331126358
0.05262820080542555
0.05273227455083853
0.052869462669792
0.05317222265644793
0.051128592746520395
0.052174060825441654
0.05234436331793561
0.05187603146357722
0.050726489639242985
0.05075014276320048
0.050844755259030455
0.05172465147024926
0.05185710896441123
0.052169330200650156
0.05217879145023315
0.05224028957252264
0.05282215642187701
0.05277485017396202
0.053049226411868954
0.053281027026652404
0.05356013388935084
0.053919661373504756
0.05397642887100275
0.05406158011724973
0.05426026635849268
0.0541845763618287
0.05465290821618709
0.05807788056523232
0.05690468561694058
0.057093910608600536
0.05796434557023634
0.057917039322321354
0.058371179302305246
0.05861244116667169
0.057983268069402336
0.058134648062730304
0.058304950555224264
0.05612413252634326
0.05656881125674416
0.057344633722549984
0.05782242682649137
0.05777512057857638
0.05760481808608242
0.056758036248404115
0.05675330562361262
0.05928418988706454
0.05987551798600191
0.059761982991005935
0.060386425463483794
0.0599086323595424
0.06020666172140683
0.05936461050852002
0.05958221924892897
0.05977617486538043
0.05984240361246142
0.05876382115999966
0.058990891149991606
0.059274728637481545
0.05933622675977103
0.0594734148787245
0.05963898674642696
0.05987551798600191
0.058919931778119126
0.05968629299434195
0.05970521549350795
0.059979591731414886
0.05881112740791465
0.058215068684185786
0.059307843011022036
0.059128079268945075
0.060187739222240834
0.06013097172474285
0.06057565045514375
0.06065607107659923
0.06073649169805471
0.061512314163860535
0.06190968664634645
0.06134674229615807
0.06180088227614197
0.06181980477530796
0.06202322164134242
0.06277539098319075
0.06367894031836704
0.06379247531336302
0.06447368528333887
0.06484267401707577
0.06644635582139391
0.06625240020494245
0.06666869518659436
0.06630916770244044
0.06641797207264492
0.06656935206597289
0.06660719706430487
0.06614832645952948
0.06626659207931695
0.06628551457848295
0.06855148385361094
0.06877855384360289
0.06900562383359483
0.06940299631608074
0.06993282629272862
0.07008420628605659
0.07022139440501006
0.06983821379689864
0.0700274387885586
0.07028289252729955
0.07114859686414385
0.07139458935330179
0.07164058184245974
0.07162165934329374
0.07172573308870672
0.07166423496641723
0.07188184370682618
0.07206633807369464
0.07239275118430806
0.07241167368347406
0.07252047805367853
0.072667127422215
0.07245424930659755
0.07252520867847004
0.07232179181243559
0.07271443367012999
0.07406266173570719
0.07406266173570719
0.07395858799029421
0.07410050673403917
0.07410523735883068
0.07418092735549466
0.07165477371683424
0.07175884746224721
0.07170207996474923
0.07172100246391522
0.07169261871516622
0.07252993930326153
0.07249682492972104
0.07217987306869061
0.07277120116762797
0.07321587989802888
0.07314965115094789
0.07472967983130853
0.07479590857838953
0.07481483107755552
0.07508920731546245
0.07522639543441592
0.07500878669400697
0.07548657979794836
0.07591233602918326
0.07607317727209423
0.07644216600583115
0.07651312537770363
0.0766077378735336
0.07615359789354971
0.07601640977459624
0.07616778976792421
0.07603533227376223
0.07614886726875822
0.07630497788687768
0.07631443913646067
0.07636647600916717
0.07639959038270766
0.07639485975791616
0.07684899973790005
0.07695780410810453
0.07727948659392646
0.0775160178335014
0.07772889594911886
0.0783959140447202
0.07877909465283162
0.07889262964782759
0.07899197276844906
0.07901562589240656
0.079332577753437
0.0792426958823985
0.07926161838156451
0.07918119776010903
0.07951234149551395
0.07963533774009292
0.07992390585237436
0.07986713835487637
0.07989079147883386
0.07924742650719001
0.07918119776010903
0.0792900021303135
0.07949814962113945
0.07967318273842491
0.07966372148884192
0.07962587649050992
0.07964479898967591
0.07959276211696943
0.07943665149884997
0.079332577753437
0.07920958150885801
0.07951707212030545
0.07965899086405041
0.0797157583615484
0.08006109397132782
0.08123428891961956
0.08043481332985623
0.08040169895631574
0.08042535208027324
0.0810592558023341
0.0810592558023341
0.08136201578899002
0.08139039953773902
0.0814708201591945
0.08194861326313589
0.08046319707860523
0.0805956545727672
0.08166477577564596
0.08179250264501643
0.08118225204691307
0.08119644392128757
0.08099302705525312
0.08045846645381373
0.08034020083402627
0.0802030127150728
0.08035439270840075
0.08041589083069024
0.08023612708861329
0.07999486522424684
0.08029289458611127
0.08035439270840075
0.07986713835487637
0.0797536033598804
0.07995702022591485
0.0801888208406983
0.07991917522758285
0.08033073958444326
0.0801746289663238
0.08027870271173677
0.08035912333319226
0.08036858458277525
0.08126267266836855
0.08129578704190904
0.08123428891961956
0.08125321141878555
0.08146135890961151
0.08183980889293142
0.08184453951772291
0.08212364638042136
0.08251628823811577
0.08250209636374127
0.0823412551208303
0.0823365244960388
0.08203376450938288
0.0824027532431198
0.08257305573561376
0.08291366072060168
0.08299408134205716
0.0832542657055896
0.0832448044560066
0.08346241319641555
0.08297988946768266
0.08296096696851667
0.08246425136540927
0.08298462009247416
0.08268659073060973
0.08269605198019273
0.0828190482247717
0.08271497447935872
0.08269605198019273
0.08282850947435469
0.08286635447268668
0.08301773446601465
0.08315965320975963
0.08299881196684866
0.0824027532431198
0.08228921824812382
0.08222772012583433
0.08228448762333232
0.08211891575562985
0.08179250264501643
0.08179250264501643
0.08177358014585044
0.08183507826813992
0.08241694511749428
0.0823696388695793
0.08261563135873724
0.08273862760331621
0.08311707758663613
0.0832495350807981
0.08362798506411802
0.08341983757329206
0.08393074505077394
0.08397805129868893
0.08435650128200885
0.08444638315304732
0.08429973378451086
0.08429973378451086
0.08448422815137932
