0.0
0.0
0.0
0.0
0.0
7.095937187248389e-05
0.00016557186770246242
0.0010123537053807702
0.0012867299432877078
0.0015090693084881574
0.0018685967926420758
0.0018969805413910693
0.002355851146166465
0.003197902359053274
0.003197902359053274
0.0029708323690613254
0.0030843673640572997
0.003410780474670726
0.0039216879521526095
0.0040825291950635735
0.004120374193395565
0.004252831687557535
0.004238639813183038
0.004300137935472524
0.004924580407950382
0.00040683373206890766
0.0007758224658058238
0.0018070986703525897
0.0020672830338850307
0.003396588600296229
0.0036615035886201686
0.0016888330505651166
0.0018875192918080715
0.0038980348281951152
0.004323791059430019
0.006026815984369631
0.018132484825815382
0.018719082299961252
0.02197375215651251
0.023104371481680756
0.02223393652004495
0.025133809517233794
0.02678006694467542
0.02976982181290274
0.030011083677269186
0.03256089043988711
0.033989539126919786
0.03265550293571708
0.03292514854883252
0.035186387199169014
0.030342227412674113
0.03573040905019139
0.03882423766383169
0.04126524005624513
0.04348390308345813
0.03411726599629025
0.03528573031979049
0.03824237081447732
0.03914118952486211
0.03954802325693102
0.042140405642672435
0.04452937116237939
0.04566472111233913
0.03904184640424064
0.04378193244532256
0.04440164429300892
0.04749547290664922
0.047940151637050114
0.05221190582377365
0.05283161767146
0.05514016256971148
0.05617616939904975
0.04384816119240355
0.04631281670877448
0.04796853538579911
0.048422675365783006
0.05180034146691324
0.05363582388601482
0.04904238721346937
0.042575623123490336
0.0431764124720107
0.04505447051423577
0.04752385665539821
0.04914173033409085
0.07452626296527408
0.06381139781252901
0.06621928583140196
0.06712283516657826
0.08617779182673593
0.08296096696851667
0.08696780616691625
0.0828095869751887
0.08469710626699677
0.08564323122529656
0.08713337803461872
0.08419092941430639
0.08569526809800304
0.08757332614022811
0.08933311856266572
0.0894135391841212
0.0894466535576617
0.08651839681172385
0.08844849172665542
0.09629186763096063
0.09752183007675036
0.09832603629130518
0.1030519304580126
0.10279174609448016
0.1039365572940229
0.1048826822523227
0.12224407523712374
0.12457154263454122
0.12444381576517075
0.12527640572847457
0.1224238389792007
0.12102830466570852
0.12043697656677116
0.12122226028215997
0.12165274713818638
0.12220623023879175
0.11801962729831521
0.11887113976078502
0.11180831694707712
0.08780039613022007
0.08972576042036012
0.09019409227471853
0.09239856342755702
0.09617833263596466
0.09888425001670205
0.10019936370873875
0.10065823431351414
0.1000337918410363
0.10236125923845377
0.10203484612784033
0.10064877306393115
0.10189765800888687
0.1022335323690833
0.10349660918841351
0.10225718549304079
0.10260252110282021
0.10365745043132446
0.1043575829004663
0.10453261601775177
0.10492998850023767
0.10539358972980457
0.10593761158082694
0.10665193592434329
0.10808058461137596
0.10428189290380233
0.10443800352192179
0.10464142038795625
0.10448057914504529
0.0994992312395969
0.1021578423724193
0.10592815033124395
0.10647217218226633
0.10637755968643635
0.1074797952628556
0.10699727153412271
0.10646271093268334
0.1065715153028878
0.10624983281706588
0.10649109468143232
0.10620252656915088
0.10679385466808826
0.1075176402611876
0.10917335893821221
0.11000594890151602
0.11002487140068203
0.10797178024117149
0.1075034483868131
0.10729530089598714
0.10385140604777593
0.10383721417340143
0.10468872663587123
0.10677020154413076
0.1065904378020538
0.10606060782540593
0.10607006907498892
0.10509556036794014
0.10459884476483275
0.10406428416339338
0.10504352349523365
0.10522328723731061
0.10237545111282825
0.10405482291381038
0.10579096221229048
0.10553077784875804
0.10574838658916699
0.10753656276035359
0.10779674712388602
0.10744668088931511
0.10881383145405829
0.10826034835345293
0.10799543336512898
0.10872868020781132
0.10794339649242249
0.10859149208885785
0.10870502708385382
0.10871448833343682
0.10855364709052585
0.10783932274700951
0.10762644463139207
0.10687900591433523
0.10664247467476029
0.10626875531623188
0.1070587696564122
0.0920059215698626
0.09147609159321474
0.0929142015298304
0.09276282153650244
0.09313181027023935
0.09372786899396822
0.09372786899396822
0.09435231146644608
0.0934251090073123
0.0929425852785794
0.09222826093506306
0.09169370033362369
0.09123956035363978
0.09052523601012345
0.09084691849594538
0.08914389357100576
0.0885147204737364
0.08861406359435789
0.0872611049039892
0.0867880424248393
0.08684954054712879
0.08620617557548493
0.08551077373113458
0.08479644938761825
0.08482483313636724
0.08419092941430639
0.08319749820809161
0.08268659073060973
0.08279066447602271
0.08373678943432249
0.0832448044560066
0.08315492258496812
0.08358540944099452
0.0841152394176424
0.08402535754660392
0.08397332067389744
0.08333941695183658
0.08242167574228579
0.08166950640043746
0.08178304139543344
0.08135255453940703
0.08143770578565401
0.08069972831818018
0.07999959584903833
0.07920485088406652
0.07812626843160476
0.07762009157891438
0.0775444015822504
0.07714229847497299
0.07666450537103159
0.07644216600583115
0.07612048352000922
0.07563322916648484
0.07500878669400697
0.07553861667065485
0.07596437290188976
0.07528316293191391
0.07433230734882262
0.07382613049613224
0.0731685736501139
0.07271443367012999
0.07203795432494564
0.0718108843349537
0.07154596934662975
0.07176830871183021
0.07116278873851835
0.07061876688749597
0.0700274387885586
0.06941245756566373
0.06889208883859886
0.06832441386361898
0.06625713082973396
0.06538669586809816
0.06281323598152273
0.06278012160798224
0.06283215848068874
0.06257670474194779
0.06291730972693571
0.06285108097985473
0.06280850535673124
0.06218879350904488
0.06285581160464623
0.06333360470858762
0.06379720593815452
0.06453045278083686
0.06436015028834288
0.06447368528333887
0.06381139781252901
0.06350390720108158
0.06303557534672319
0.06248209224611782
0.06246316974695182
0.06113859480533212
0.06076487544680371
0.06063241795264174
0.06138458729449006
0.061195362302830104
0.06222663850737687
0.06231178975362385
0.06337618033171111
0.06328156783588114
0.06333360470858762
0.0629740772244337
0.06316803284088517
0.06339510283087711
0.06377355281419703
0.06367894031836704
0.06356540532337107
0.06400535342898046
0.06422769279418092
0.06374043844065654
0.06361744219607755
0.06246316974695182
0.06303084472193168
0.06312545721776167
0.06308288159463818
0.06287946472860373
0.06240640224945383
0.0616920779059375
0.0612142848019961
0.06143189354240505
0.061649502282814
0.0612190154267876
0.0607790673211782
0.06113859480533212
0.06047630733452227
0.060637148577433235
0.06056618920556075
0.06066080170139073
0.06054726670639476
0.06053307483202026
0.06024450671973882
0.06007420422724486
0.0603249273411943
0.06046211546014777
0.06030127421723681
0.05999851423058088
0.06016408609828334
0.060031628604121375
0.05963425612163546
0.05976671361579743
0.059057119897072595
0.058971968650825615
0.058740168036042165
0.05801165181815133
0.0576994305819124
0.05767104683316341
0.0576946999571209
0.05739193997046497
0.05760008746129092
0.056535696883203666
0.05603898128009628
0.05616670814946675
0.05617616939904975
0.05620455314779874
0.05523950569033296
0.05541926943240992
0.05532465693657994
0.055248966939915954
0.05517327694325198
0.05535304068532893
0.05523477506554146
0.05501716632513251
0.05450152822285913
0.05469548383931058
0.054738059462434076
0.05536723255970343
0.05527735068866495
0.05520166069200097
0.054775904460766064
0.05427918885765868
0.05380612637850878
0.05382031825288328
0.053366178272899384
0.05289784641854099
0.05405684949245823
0.054842133207847046
0.054638716341812596
0.05412307823953921
0.054104155740373215
0.05393858387267075
0.05352228889101885
0.053181683906030924
0.05324791265311191
0.05309180203499245
0.053110724534158445
0.05249574331126358
0.05223082832293964
0.05205579520565418
0.05173884334462375
0.051696267721500266
0.05155434897775529
0.051398238359635834
0.051431352733176325
0.05107182524902241
0.050929906505277435
0.050357500905506065
0.05032911715675707
0.05009258591718213
0.0497756340561517
0.049349877824916795
0.04924107345471232
0.049061309712635365
0.048020572258505596
0.04743870540915123
0.047320439789363754
0.047098100424163306
0.04687103043417136
0.04647365795168545
0.046440543578144956
0.046454735452519456
0.04590125235191408
0.04557956986609215
0.04528627112901922
0.0449362048944483
0.04486997614736731
0.04444895054092391
0.04422188055093196
0.044340146170719436
0.044207688676557465
0.04394750431302502
0.04386235306677804
0.04362582182720309
0.04393331243865053
0.04382923869323755
0.043417674336377145
0.04328994746700667
0.04351701745699862
0.04350755620741562
0.04307706935138922
0.04245735750370286
0.042428973754953865
0.04232016938474939
0.041989025649344466
0.04175249440976952
0.041421350674364595
0.04004946948482991
0.03969467262546749
0.04004946948482991
0.03989335886671044
0.03946760263547554
0.03946287201068404
0.039231071395900596
0.03917430389840261
0.03886208266216368
0.03884789078778918
0.038999270781117146
0.038899927660495666
0.03886208266216368
0.0387532782919592
0.03862082079779723
0.03892831140924466
0.03866812704571222
0.03868704954487822
0.038649204546546224
0.03828021581280931
0.039037115779449134
0.039018193280283144
0.03856878392509074
0.038308599561558306
0.03815248894343884
0.03775511646095293
0.03769834896345494
0.037386127727216015
0.03670964838203167
0.036411619020167235
0.03621766340371578
0.036548807139120704
0.036496770266414215
0.03649203964162272
0.03625077777725627
0.035858135919561857
0.03549860843540794
0.035403995939577965
0.035304652818956485
0.035621604679986915
0.035744600924565884
0.035403995939577965
0.03510596657771353
0.034718055344810615
0.034211878492120235
0.03409834349712426
0.03409361287233276
0.0339185797550473
0.03388546538150681
0.0334739010246464
0.033355635404858926
0.03330832915694394
0.033237369785071455
0.03359689726922537
0.03362055039318287
0.033421864151939915
0.03352120727256139
