0.0
0.0
0.0
0.0
0.0
0.0
0.0
0.0
0.0
0.0
0.0
0.0
0.0
0.0
0.0
0.0
0.0
0.0
0.0
0.0
0.0
0.0
0.0
0.0
0.0
0.0
0.0
0.0
0.0
0.0
0.0
0.0
2.8383748748993554e-05
2.8383748748993554e-05
2.8383748748993554e-05
0.00019395561645145596
0.00019395561645145596
0.00019395561645145596
0.0005913280989373658
0.0006102505981033614
0.0006102505981033614
0.0005818668493543679
0.0007710918410143249
0.0007710918410143249
0.0007710918410143249
0.0007710918410143249
0.0009130105847592928
0.0010549293285042605
0.0030134079921848157
0.003060714240099805
0.004252831687557535
0.005019192903780361
0.005075960401278347
0.005151650397942331
0.005279377267312801
0.0055490228804282405
0.005520639131679246
0.00546387163418126
0.005577406629177234
0.005577406629177234
0.005057037902112352
0.005113805399610339
0.005170572897108326
0.005170572897108326
0.005156381022733829
0.005071229776486849
0.005090152275652844
0.005127997273984836
0.005269916017729803
0.005407104136683273
0.0071479740599548775
0.007360852175572329
0.008297515884289116
0.008340091507412606
0.00863339024448554
0.010095153305058708
0.010208688300054683
0.010331684544633655
0.010587138283374596
0.010606060782540592
0.010606060782540592
0.01061552203212359
0.01061552203212359
0.010691212028787573
0.010634444531289585
0.010653367030455581
0.01071013452795357
0.010766902025451556
0.010899359519613525
0.011017625139400999
0.011093315136064982
0.011093315136064982
0.011178466382311961
0.012086746342279756
0.012086746342279756
0.01246992695039117
0.012488849449557164
0.011561646990423375
0.01123523387980995
0.011050739512941492
0.011060200762524489
0.011599491988755366
0.01153799386646588
0.011689373859793847
0.011651528861461855
0.011660990111044853
0.011831292603538815
0.012039440094364766
0.012115130091028749
0.012323277581854702
0.012526694447889156
0.012696996940383117
0.012914605680792068
0.013676236272223394
0.013751926268887379
0.017333009236052063
0.017432352356673543
0.017470197355005535
0.01757427110041851
0.017441813606256542
0.017517503602920523
0.017952721083738424
0.017981104832487417
0.01815140732498138
0.018198713572896368
0.015057578711341082
0.015171113706337057
0.015208958704669047
0.01515219120717106
0.015246803703001039
0.015298840575707526
0.015393453071537505
0.015894899299436393
0.015946936172142878
0.014523018109901703
0.014863623094889625
0.014721704351144657
0.01475954934947665
0.01575771118048292
0.015587408687988961
0.01606993241672185
0.015980050545683373
0.015956397421725877
0.015956397421725877
0.015946936172142878
0.016017895544015365
0.01608412429109635
0.01608412429109635
0.016490958023165254
0.017200551741890096
0.017195821117098595
0.017318817361677567
0.017508042353337524
0.019669937883052536
0.019717244130967523
0.019717244130967523
0.019840240375546495
0.020029465367206453
0.020147730986993927
0.021240505313830177
0.021732490292146064
0.021732490292146064
0.021699375918605573
0.021727759667354567
0.021793988414435552
0.02180818028881005
0.02065863846447581
0.020601870966977822
0.02119319906591519
0.021117509069251205
0.021264158437787672
0.021784527164852553
0.021916984659014524
0.02188860091026553
0.02188860091026553
0.021869678411099536
0.0220210584044275
0.022172438397755467
0.022153515898589472
0.022054172777967992
0.022323818391083432
0.02228597339275144
0.02228597339275144
0.022522504632326388
0.022612386503364865
0.02260292525378187
0.02254615775628388
0.02259819462899037
0.022749574622318334
0.02272119087356934
0.022692807124820347
0.02325102085021722
0.023326710846881205
0.0229056852404378
0.022924607739603794
0.024244452056431994
0.024249182681223495
0.02441002392413446
0.02408834143831253
0.024107263937478526
0.024107263937478526
0.02299083648668478
0.02308544898251476
0.023369286470004694
0.023274673974174716
0.023402400843545185
0.023549050212081653
0.023728813954158615
0.02408834143831253
0.024126186436644523
0.024159300810185014
0.02414037831101902
0.025091233894110304
0.025048658270986814
0.02506758077015281
0.025171654515565786
0.02519530763952328
0.025166923890774285
0.025422377629515228
0.025171654515565786
0.025252075137021268
0.025223691388272275
0.02532776513368525
0.025412916379932232
0.025464953252638717
0.025673100743464673
0.025266267011395765
0.02523788326264677
0.025758251989711652
0.025739329490545658
0.026240775718444544
0.02666180132488795
0.0268604875661309
0.026851026316547903
0.026851026316547903
0.026851026316547903
0.026907793814045892
0.026988214435501374
0.025304112009727757
0.025346687632851247
0.02441002392413446
0.024353256426636473
0.024556673292670923
0.024693861411624395
0.024750628909122382
0.02484524140495236
0.024632363289334908
0.024849972029743858
0.02523788326264677
0.02527572826097876
0.025214230138689276
0.025176385140357284
0.02523788326264677
0.025133809517233794
0.025247344512229767
0.02520003826431478
0.025247344512229767
0.025228422013063773
0.025341957008059746
0.025422377629515228
0.025441300128681225
0.025403455130349233
0.025611602621175185
0.02568729261783917
0.02651042133155998
0.02638269446218951
0.026193469470529553
0.02617454697136356
0.025961668855746106
0.025914362607831115
0.025933285106997113
0.025933285106997113
0.025942746356580112
0.026008975103661094
0.026103587599491072
0.026013705728452595
0.025994783229286597
0.02603735885241009
0.0259995138540781
0.026018436353244093
0.025961668855746106
0.026680723824053943
0.026538805080308973
0.026321196339900023
0.026179277596155057
0.026401616961355505
0.026420539460521503
0.026534074455517476
0.026619225701764455
0.026675993199262445
0.027480199413817262
0.02748493003860876
0.02757954253443874
0.027551158785689745
0.027589003784021737
0.027589003784021737
0.02762684878235373
0.027598465033604733
0.02757954253443874
0.027541697536106746
0.027551158785689745
0.027300435671740304
0.027716730653392207
0.027631579407145227
0.027589003784021737
0.027461276914651264
0.027499121912983256
0.02734774191965529
0.02744235441548527
0.027603195658396234
0.027555889410481243
0.027555889410481243
0.027636310031936725
0.02756535066006424
0.027697808154226213
0.027622118157562228
0.027286243797365807
0.027101749430497347
0.0268794100652969
0.02682264256779891
0.026709107572802936
0.02677533631988392
0.026832103817381908
0.02681791194300741
0.02690306318925439
0.026978753185918376
0.026992945060292872
0.02704025130820786
0.02655772757947497
0.026500960081976985
0.026321196339900023
0.026321196339900023
0.026529343830725978
0.02607993447553358
0.02580555823762664
0.025715676366588162
0.02546022262784722
0.025682561993047668
0.02572040699137966
0.025867056359916128
0.02581028886241814
0.02590490135824812
0.025843403235958632
0.025843403235958632
0.026193469470529553
0.026188738845738056
0.02617454697136356
0.026179277596155057
0.026273890091985035
0.026354310713440517
0.026354310713440517
0.026396886336564007
0.026576650078640966
0.02665234007530495
0.027011867559458867
0.026974022561126878
0.02603262822761859
0.02621712259448705
0.026188738845738056
0.026188738845738056
0.026136701973031567
0.026098856974699575
0.02616508572178056
0.02616508572178056
0.026236045093653043
0.02678952819425842
0.026732760696760432
0.02673749132155193
0.026680723824053943
0.026690185073636942
0.026765875070300923
0.02664287882572195
0.02670437694801144
0.026798989443841417
0.026936177562794886
0.026798989443841417
0.026770605695092424
0.026846295691756405
0.0268604875661309
0.026803720068632915
0.02678479756946692
0.02674695257113493
0.026846295691756405
0.026846295691756405
0.0268652181909224
0.02665234007530495
0.026623956326555957
0.02664760945051345
0.026751683195926426
0.026675993199262445
0.026718568822385935
0.026813181318215914
0.0268699488157139
0.026832103817381908
0.026718568822385935
0.026770605695092424
0.026619225701764455
0.026595572577806963
0.02666180132488795
0.026614495076972958
0.026552996954683473
0.026794258819049916
0.02677533631988392
0.026898332564462894
0.026926716313211887
0.0268604875661309
0.026888871314879895
0.02694563881237788
0.026803720068632915
0.02641580883573
0.026368502587815014
0.02641580883573
0.026463115083644993
0.026425270085313
0.02646784570843649
0.026505690706768482
0.026524613205934477
0.026680723824053943
0.026633417576138952
0.02664760945051345
0.026699646323219937
0.026675993199262445
0.026675993199262445
0.02681791194300741
0.02691252443883739
0.026893601939671396
0.026841565066964907
0.0268699488157139
0.02694563881237788
0.0268794100652969
0.026761144445509425
0.026742221946343427
0.02656245820426647
0.026675993199262445
0.02670437694801144
0.026723299447177433
0.026638148200930453
0.02668545444884544
0.026680723824053943
0.026756413820717924
0.027343011294863794
0.027546428160898247
0.02757481190964724
0.027584273159230236
0.0277545756517242
0.027915416894635163
0.028000568140882143
0.028114103135878116
0.02778769002526469
0.02783499627317968
0.027768767526098696
0.027853918772345675
0.027948531268175654
0.028142486884627112
0.027716730653392207
0.02757481190964724
0.027730922527766703
0.027872841271511673
0.027948531268175654
0.02806206626317163
0.02853512874232152
0.028781121231479467
0.028691239360440986
0.028691239360440986
0.028516206243155526
0.02854932061669602
0.02854932061669602
0.028648663737317497
0.028520936867947023
0.028303328127538073
0.028308058752329574
0.028270213753997582
0.02824183000524859
0.028336442501078567
0.028464169370449037
0.02853512874232152
0.02858716561502801
0.02853985936711302
0.02880477435543696
0.028757468107521972
0.028724353733981477
0.028856811228143448
0.028790582481062463
0.02880004373064546
0.02876219873231347
0.028866272477726447
0.028866272477726447
0.029017652471054412
0.029098073092509894
0.02920214683792287
0.02929202870896135
0.02923999183625486
0.029566404946868286
0.029741438064153747
0.02968467056665576
0.02969413181623876
0.029750899313736746
0.029883356807898716
0.029481253700621306
0.029500176199787304
