0.0
0.0
0.0
0.0
0.0
0.0
0.0
0.0
0.0
0.0
0.0
0.0
0.0
0.0
0.0
0.0
0.0
0.0
0.0
0.0
4.730624791498926e-05
4.730624791498926e-05
4.730624791498926e-05
4.730624791498926e-05
4.730624791498926e-05
0.00010407374541297637
0.00017503311728546026
0.00019395561645145596
0.00019395561645145596
0.00020341686603445383
0.00020341686603445383
0.00020341686603445383
0.00020341686603445383
0.00020341686603445383
0.0002601843635324409
0.0002601843635324409
0.0002601843635324409
0.0002365312395749463
0.0002365312395749463
0.0002365312395749463
0.0002365312395749463
0.0002365312395749463
0.0002176087404089506
0.00024599248915794413
0.00024599248915794413
0.00024599248915794413
0.00024599248915794413
0.00024599248915794413
0.00024599248915794413
0.0002885681122814345
0.0006575568460183508
0.0007001324691418411
0.0007001324691418411
0.0007190549683078368
0.0007190549683078368
0.0007190549683078368
0.0006480955964353528
0.0007427080922653314
0.0007427080922653314
0.0008278593385123121
0.0008278593385123121
0.0008278593385123121
0.0008278593385123121
0.0008278593385123121
0.0008278593385123121
0.0008278593385123121
0.0008278593385123121
0.0008278593385123121
0.0008278593385123121
0.0008278593385123121
0.0008278593385123121
0.0008136674641378153
0.0008562430872613056
0.0009697780822572798
0.0009697780822572798
0.0010738518276702561
0.0011684643235002348
0.0011684643235002348
0.0011116968260022476
0.0011779255730832326
0.001281999318496209
0.001281999318496209
0.0013245749416196993
0.0011495418243342391
0.0011495418243342391
0.0011495418243342391
0.0011495418243342391
0.0012488849449557166
0.0013529586903686928
0.0013908036887006843
0.0013908036887006843
0.0013718811895346887
0.0013718811895346887
0.0014002649382836821
0.0014002649382836821
0.001414456812658179
0.001527991807654153
0.001527991807654153
0.0015469143068201489
0.0015469143068201489
0.0015469143068201489
0.0015847593051521401
0.0018023680455610909
0.0018023680455610909
0.00198213178763805
0.0020199767859700414
0.00211458928180002
0.0025119617642859297
0.0031600573607212827
0.0031600573607212827
0.0036283892150796764
0.0036662342134116677
0.0036047360911221817
0.003812883581948134
0.003812883581948134
0.004030492322357085
0.0040730679454805754
0.0036236585902881774
0.0035243154696666997
0.0035243154696666997
0.0035526992184156934
0.003647311714245672
0.0036851567125776633
0.0036662342134116677
0.0037892304579906395
0.003439164223419719
0.0028431054996908545
0.002616035509698906
0.002616035509698906
0.0025971130105329103
0.002488308640328435
0.0038318060811141303
0.003926418576944109
0.0040730679454805754
0.004106182319021068
0.004167680441310554
0.004385289181719505
0.0045272079254644725
0.0045887060477539585
0.00457924479817096
0.00471170229233293
0.004806314788162909
0.004948233531907877
0.005170572897108326
0.0055301003812622445
0.006665450331221987
0.006665450331221987
0.006722217828719974
0.006793177200592458
0.006963479693086419
0.00700132469141841
0.0072189334318273615
0.007280431554116847
0.008037331520756676
0.008349552756995605
0.008519855249489566
0.008557700247821556
0.008571892122196055
0.008538777748655562
0.00898345647905646
0.009324061464044383
0.009361906462376375
0.008822615236145496
0.008936150231141471
0.009063877100511942
0.008732733365107017
0.008751655864273013
0.008855729609685989
0.008860460234477488
0.008803692736979502
0.008936150231141471
0.009120644598009929
0.00999581018443723
0.010066769556309715
0.010549293285042605
0.01092301264357102
0.010885167645239028
0.011046008888149992
0.011216311380643953
0.01114535200877147
0.011140621383979971
0.011282540127724939
0.011036547638566995
0.011372421998763418
0.011651528861461855
0.011547455116048879
0.011367691373971919
0.01140553637230391
0.01154272449125738
0.011485956993759393
0.011798178229998322
0.011779255730832326
0.011656259486253354
0.012086746342279756
0.013042332550162539
0.013751926268887379
0.013733003769721383
0.013619468774725408
0.013908036887006843
0.01422498874803727
0.014281756245535258
0.01554956368965697
0.015596869937571959
0.015644176185486948
0.015256264952584036
0.015246803703001039
0.015918552423393885
0.016065201791930352
0.01607939366630485
0.016003703669640868
0.015885438049853394
0.014163490625747784
0.015085962460090075
0.015123807458422067
0.015440759319452494
0.01471224310156166
0.014858892470098127
0.015544833064865472
0.015923283048185386
0.017172167993141103
0.01911172415765566
0.019452329142643585
0.019622631635137545
0.01969832163180153
0.01977874225325701
0.01978347287804851
0.020275457856364396
0.020455221598441355
0.02052145034552234
0.02047887472239885
0.020554564719062834
0.02057348721822883
0.020668099714058807
0.02087624720488476
0.02105128032217022
0.021164815317166196
0.02119319906591519
0.021306734060911162
0.02142026905590714
0.021647339045899085
0.021647339045899085
0.021779796540061055
0.021467575303822126
0.023246290225425723
0.02418295393414251
0.023799773326031098
0.0237855814516566
0.024551942667879426
0.024977698899114328
0.024641824538917907
0.024906739527241845
0.024991890773488828
0.02523315263785527
0.025252075137021268
0.02524261388743827
0.02524261388743827
0.025488606376596213
0.026619225701764455
0.026675993199262445
0.026959830686752378
0.027253129423825313
0.027238937549450816
0.027641040656728226
0.02765996315589422
0.02797218439213315
0.0281803318829591
0.028265483129206084
0.028606088114194007
0.028672316861274992
0.0286297412381515
0.028445246871283043
0.028256021879623085
0.025696753867422165
0.025649447619507177
0.02581028886241814
0.025933285106997113
0.0259900526044951
0.02603262822761859
0.026127240723448568
0.026098856974699575
0.026221853219278547
0.026212391969695548
0.026278620716776533
0.026146163222614566
0.0259900526044951
0.026188738845738056
0.025176385140357284
0.025389263255974737
0.025573757622843193
0.025559565748468696
0.025569026998051695
0.026245506343236042
0.026202930720112552
0.026046820101993086
0.025781905113669148
0.025829211361584135
0.026042089477201588
0.025786635738460646
0.026013705728452595
0.026084665100325078
0.02637323321260651
0.026425270085313
0.026307004465525526
0.026307004465525526
0.026586111328223964
0.02651042133155998
0.026169816346572058
0.026018436353244093
0.026368502587815014
0.026363771963023516
0.026534074455517476
0.026448923209270496
0.026595572577806963
0.02717270880236983
0.02721528442549332
0.027201092551118824
0.02745181566506827
0.02739031754277878
0.02743289316590227
0.027470738164234263
0.027480199413817262
0.027418701291527774
0.02801949064004814
0.02814721750941861
0.02876692935710497
0.0290696893437609
0.029126456841258887
0.028941962474390428
0.02850201436878103
0.02866758623648349
0.028705431234815483
0.027806612524430688
0.027863380021928674
0.02692198568842039
0.027447085040276768
0.027551158785689745
0.02753696691131525
0.02762684878235373
0.028142486884627112
0.028823696854602957
0.02898453809751392
0.02894669309918193
0.028918309350432936
0.030242884292052633
0.030290190539967624
0.03011988804747366
0.030375341786214604
0.029353526831250837
0.029523829323744796
0.030067851174767173
0.030375341786214604
0.030536183029125568
0.03011988804747366
0.03026180679121863
0.031160625501603426
0.03141607924034437
0.03151542236096584
0.03196956234094974
0.032433163570516635
0.03308125916695199
0.033085989791743486
0.03289676480008353
0.03304341416862
0.03321371666111396
0.03343132540152291
0.03349755414860389
0.03423553161607773
0.034377450359822696
0.03443421785732068
0.03445787098127818
0.03430649098795021
0.03427337661440972
0.034330144111907705
0.034481524105235674
0.034467332230861174
0.03432541348711621
0.03443421785732068
0.032400049196976144
0.03242843294572514
0.032480469818431626
0.03283999730258554
0.032717001058006574
0.032882572925709036
0.03321371666111396
0.03310964291570098
0.03325156165944595
0.033204255411530964
0.033204255411530964
0.0334597091502719
0.03383815913359182
0.033876004131923806
0.033776661011302334
0.03374354663776184
0.03383815913359182
0.03383815913359182
0.03383815913359182
0.03420714786732874
0.03415038036983075
0.03424026224086923
0.03422133974170323
0.03420714786732874
0.03413145787066475
0.03408415162274976
0.034178764118579744
0.03400846162608578
0.0339185797550473
0.033890196006298307
0.03396115537817079
0.03416930286899674
0.03410307412191576
0.033554321646101885
0.033592166644433874
0.03374354663776184
0.03388073475671531
0.03381923663442582
0.03397061662775379
0.03396115537817079
0.03410780474670726
0.03402265350046028
0.034178764118579744
0.033894926631089804
0.03386654288234081
0.03421660911691173
0.033573244145267876
0.03361108914359987
0.03395642475337929
0.03394696350379629
0.03394696350379629
0.033842889758383315
0.033928041004630295
0.03512488907687952
0.03510596657771353
0.03517692594958601
0.03512961970167103
0.03528573031979049
0.03528573031979049
0.035243154696667
0.03529992219416499
0.03536615094124597
0.0348126678406406
0.03500662345709205
0.0347937453414746
0.03492147221084507
0.034902549711679075
0.03505392970500704
0.03505866032979854
0.03499243158271756
0.03501135408188355
0.03512488907687952
0.03541345718916096
0.035403995939577965
0.035403995939577965
0.034561944726691156
0.034500446604401665
0.03444367910690368
0.0343585278606567
0.03432068286232471
0.034197686617745734
0.03466128784731263
0.034732247219185115
0.03466128784731263
0.03497823970834306
0.03499716220750906
0.035035007205841046
0.035120158452088025
0.03508231345375604
0.034954586584385564
0.034500446604401665
0.03451936910356766
0.034467332230861174
0.03430649098795021
0.0343679891102397
0.03431595223753321
0.033994269751711284
0.03395169412858779
0.03400846162608578
0.03422133974170323
0.03432068286232471
0.03418822536816274
0.034164572244205244
0.034547752852316656
0.03463763472335513
0.034230800991286225
0.03426864598961822
0.034112535371498755
0.03408888224754126
0.03386654288234081
0.03380031413525983
0.03380031413525983
0.033980077877336784
0.03402265350046028
0.03381923663442582
0.03380031413525983
0.033795583510468324
0.034112535371498755
0.033890196006298307
0.034382180984614194
0.0343679891102397
0.034684940971270124
0.03519584844875201
