0.0
0.0
0.0
0.0
0.0
0.0
0.0
0.0
0.0
0.0
0.0
7.568999666398282e-05
7.568999666398282e-05
0.0006906712195588432
0.0007190549683078368
0.0007190549683078368
0.0007474387170568303
0.0007474387170568303
0.0007852837153888218
0.0005582137253968733
0.0005582137253968733
0.0005582137253968733
0.0006528262212268517
0.0006906712195588432
0.0006764793451843464
0.0007237855930993357
0.0007237855930993357
0.0007237855930993357
0.0007427080922653314
0.0007616305914313271
0.0008751655864273013
0.000894088085593297
0.0010076230805892712
0.0007521693418483293
0.0006622874708098497
0.0006622874708098497
0.0007001324691418411
0.0008515124624698067
0.0010123537053807702
0.0013718811895346887
0.0013908036887006843
0.0016462574274416263
0.00171721679931411
0.0017739842968120972
0.001967939913263553
0.0021240505313830176
0.0022706998999194846
0.002284891774293981
0.002053091159510534
0.0020672830338850307
0.0020672830338850307
0.0022139324024214972
0.0022990836486684782
0.00330197610446625
0.00339185797550473
0.00343443359862822
0.003472278596960212
0.0036094667159136807
0.003770307958824644
0.0038696510794461215
0.003926418576944109
0.0040210310727740875
0.00409672106943807
0.004276484811515029
0.004319060434638519
0.00448936292713248
0.004735355416290425
0.004905657908784386
0.005227340394606313
0.005473332883764257
0.005492255382930253
0.007389235924321323
0.007649420287853763
0.007677804036602757
0.007185819058286869
0.007341929676406333
0.007389235924321323
0.007658881537436761
0.008183980889293141
0.008794231487396503
0.008850998984894491
0.008907766482392478
0.009106452723635432
0.009314600214461385
0.009361906462376375
0.010610791407332091
0.010591868908166095
0.010677020154413077
0.01043575829004663
0.01043575829004663
0.010473603288378623
0.010568215784208601
0.010681750779204574
0.009593707077159822
0.009607898951534318
0.009991079559645732
0.00995796518610524
0.010057308306726716
0.01039318266692314
0.010620252656915088
0.01061552203212359
0.01075271015107706
0.01149068761855089
0.017389776733550053
0.017427621731882042
0.017635769222707997
0.018458897936428808
0.018657584177671764
0.018572432931424784
0.017720920468954977
0.017635769222707997
0.017640499847499495
0.01440475249011423
0.014646014354480675
0.01471697372635316
0.015256264952584036
0.015407644945912001
0.015516449316116477
0.01563944556069545
0.0158570543011044
0.01524207307820954
0.015535371815282473
0.015544833064865472
0.015573216813614465
0.015596869937571959
0.014593977481774188
0.014589246856982688
0.014835239346140632
0.014896737468430118
0.01515219120717106
0.015341416198831018
0.014944043716345107
0.015085962460090075
0.01524207307820954
0.015265726202167035
0.015265726202167035
0.01562998431111245
0.016571378644620736
0.01664706864128472
0.01677952613544669
0.01682210175857018
0.017243127365013586
0.01731408673688607
0.015677290559027442
0.01598478117047487
0.0162970024067138
0.01638215365296078
0.017422891107090544
0.017635769222707997
0.016997134875855642
0.016722758637948705
0.017157976118766606
0.017157976118766606
0.017597924224376005
0.017645230472290992
0.017730381718537976
0.017701997969788982
0.017853377963116947
0.017853377963116947
0.017853377963116947
0.01832170981747534
0.018345362941432835
0.018515665433926798
0.01854404918267579
0.018780580422250736
0.019040764785783176
0.019154299780779153
0.010941935142737017
0.010932473893154018
0.010989241390652006
0.011003433265026502
0.011003433265026502
0.010932473893154018
0.011396075122720914
0.011424458871469907
0.011381883248346415
0.011665720735836351
0.011660990111044853
0.011831292603538815
0.011850215102704809
0.011850215102704809
0.012119860715820248
0.011150082633562968
0.011864406977079307
0.011864406977079307
0.012105668841445752
0.012441543201642176
0.012356391955395195
0.012663882566842624
0.012872030057668578
0.012890952556834574
0.012928797555166564
0.0149818887146771
0.015000811213843094
0.015256264952584036
0.015213689329460546
0.015393453071537505
0.015360338697997012
0.015483334942575986
0.01562998431111245
0.01602735679359836
0.016055740542347353
0.016060471167138855
0.017034979874187634
0.017020787999813138
0.016765334261072195
0.016940367378357656
0.016803179259404184
0.016722758637948705
0.017385046108758552
0.01736139298480106
0.01815140732498138
0.01833117106705834
0.01885153979412322
0.019064417909740672
0.01951382726493307
0.019693591007010028
0.019802395377214503
0.019693591007010028
0.01993958349616797
0.018567702306633283
0.018728543549544247
0.018738004799127246
0.018865731668497716
0.019059687284949174
0.021652069670690586
0.021699375918605573
0.021864947786308035
0.02185075591193354
0.02210620965067448
0.022262320268793948
0.02240896963733041
0.02153853467569461
0.021590571548401098
0.021864947786308035
0.021926445908597523
0.022039980903593496
0.022224475270461955
0.022224475270461955
0.022432622761287907
0.02300029773626778
0.022900954615646302
0.02286310961731431
0.02312802460563825
0.0233456333460472
0.023449707091460176
0.02346862959062617
0.023534858337707156
0.023634201458328636
0.02382815707478009
0.02388019394748658
0.024059957689563538
0.024287027679555487
0.024774282033079877
0.025531181999719703
0.025777174488877647
0.026042089477201588
0.026065742601159084
0.0259805913549121
0.02625023696802754
0.02625496759281904
0.026458384458853495
0.02681791194300741
0.027210553800701823
0.02743289316590227
0.02924945308583786
0.029211608087505867
0.029448139327080815
0.029306220583335846
0.029211608087505867
0.029211608087505867
0.029831319935192228
0.030630795524955547
0.03079636739265801
0.030725408020785525
0.030715946771202526
0.031841835471579275
0.03198375421532424
0.03282580542821105
0.032835266677794045
0.033374557904024924
0.033554321646101885
0.03368204851547235
0.03386181225754931
0.0339043878806728
0.034112535371498755
0.034197686617745734
0.034396372858988694
0.03452883035315066
0.03460452034981464
0.03445314035648668
0.034566675351482654
0.03494039471001107
0.03499716220750906
0.03459505910023165
0.03558849030644642
0.0356831028022764
0.0356878334270679
0.03589598091789385
0.03539453468999496
0.035489147185824944
0.03571621717581689
0.03779769208407642
0.037821345208033916
0.038124105194689846
0.038176142067396335
0.037821345208033916
0.037736193961786936
0.037556430219709974
0.03791122707907239
0.03828967706239231
0.038261293313643314
0.03791595770386389
0.037892304579906395
0.03803422332365137
0.037939610827821386
0.038176142067396335
0.03819033394177083
0.039221610146317594
0.0391979570223601
0.03931149201735608
0.03933041451652207
0.03986024449316995
0.03995485698899993
0.03986970574275295
0.03987916699233594
0.04013462073107689
0.040394805094609326
0.040579299461477786
0.04124158693228764
0.04131727692895162
0.041383505676032606
0.0413929669256156
0.04101451694229569
0.040915173821674214
0.04026234760044736
0.03976563199733997
0.03973251762379948
0.03983659136921246
0.040073122608787405
0.03981766887004646
0.03994539573941693
0.03990282011629344
0.0401015063575364
0.040125159481493894
0.03934933701568807
0.03957640700568001
0.039623713253595004
0.039794015746088963
0.03978455449650597
0.039472333260267035
0.03947706388505854
0.039571676380888515
0.03969940325025899
0.03991228136587644
0.039874436367544445
0.04004473886003841
0.03976090137254847
0.0396473663775525
0.038951964533202155
0.03888573578612117
0.038781662040708195
0.03863974329696323
0.03865866579612923
0.03887627453653818
0.03907496077778113
0.039316222642147576
0.039652097002344
0.039718325749424986
0.03953383138255653
0.04005420010962141
0.04031911509794535
0.04043265009294132
0.04079217757709524
0.04087732882334222
0.041033439441461685
0.04100505569271269
0.04105709256541918
0.04146392629748809
0.04164842066435655
0.041700457537063036
0.041686265662688536
0.041690996287480034
0.041672073788314036
0.041620036915607554
0.04165788191393954
0.04178087815851851
0.04214513626746393
0.04215459751704693
0.042093099394757444
0.042310708135166394
0.04246208812849436
0.04243370437974537
0.042296516260791894
0.04191333565268048
0.041842376280808
0.04249993312682635
0.04250466375161785
0.0427270031168183
0.042878383110146266
0.04314329809847021
0.043218988095134185
0.0431574899728447
0.043185873721593694
0.04323791059430018
0.04294934248201875
0.04298718748035074
0.04331360059096417
0.04342713558596014
0.04324264121909168
0.043271024967840674
0.04321425747034269
0.04334671496450466
0.04353120933137312
0.043436596835543136
0.043469711209083634
0.04338929058762815
0.04338929058762815
0.04346498058429213
0.0436305524519946
0.0436305524519946
0.043114914349721215
0.04330413934138117
0.04340821308679414
0.04329467809179817
0.04261819874661382
0.04299191810514224
0.042410051255787874
0.04259927624744783
0.042528316875575345
0.04255670062432434
0.042514125001200845
0.04241478188057937
0.042481010627660354
0.042376936882247376
0.04234855313349838
0.04254723937474134
0.04258981499786483
0.04267496624411181
0.04281688498785678
0.04287365248535477
0.042878383110146266
0.042376936882247376
0.0422823243864174
0.04293988123243575
0.042916228108478255
0.04301084060430824
0.04280742373827378
0.04280742373827378
0.04290203623410376
0.04277430936473329
0.04290676685889526
0.04284999936139727
0.042660774369737316
0.0427364643664013
0.0427364643664013
0.04292568935806126
0.04220663438975342
0.04231543875995789
0.04306760810180622
0.04307233872659772
0.04322371871992569
0.043280486217423676
0.04332779246533866
0.0435974380784541
0.044061039308020994
0.044108345555935985
0.04417930492780847
0.04423607242530646
0.04421714992614046
0.04424553367488945
0.04438272179384292
0.04435433804509393
0.04434960742030243
0.04436852991946843
0.04453883241196239
0.044661828656541364
0.04458613865987738
0.044259725549263954
0.0444820649144644
0.04443002804175791
0.044472603664881406
0.04444421991613241
0.0444915261640474
0.04463817553258387
0.04460033053425187
0.04477536365153734
0.04478482490112033
0.04469021240529036
0.04474697990278834
0.0449172823952823
0.045115968636525255
0.04514435238527425
0.04528627112901922
0.04532411612735121
0.04547549612067918
0.04569310486108813
0.045702566110671125
0.04517746675881475
0.04544238174713868
