0.0
0.0
0.0
0.0
0.0
0.0
0.00034060498498792265
0.0006244424724778583
0.0006244424724778583
0.00016084124291096348
0.00022233936520044953
0.00022233936520044953
0.00029802936186443236
0.00024126186436644522
0.0003879112329029119
0.0003879112329029119
0.004513016051089975
0.004513016051089975
0.005364528513559782
0.005364528513559782
0.0056199822523007245
0.007550077167232286
0.007791339031598731
0.004162949816519055
0.004181872315685051
0.004787392288996913
0.01122577263022695
0.012493580074348663
0.012720650064340613
0.012786878811421596
0.013222096292239497
0.011064931387315988
0.012753764437881105
0.005123266649193337
0.010071500181101213
0.01255507819663815
0.010800016398992049
0.010544562660251106
0.010714865152745067
0.010918282018779521
0.011930635724160291
0.012782148186630099
0.011386613873137915
0.011443381370635903
0.011590030739172369
0.012356391955395195
0.014873084344472624
0.014986619339468597
0.013860730639091854
0.014092531253875301
0.011292001377307936
0.012455735076016673
0.012209742586858727
0.012919336305583567
0.013075446923703032
0.01229016320831421
0.01317005941953301
0.013978996258879326
0.020639715965309814
0.020204498484491913
0.020242343482823905
0.020672830338850305
0.01875692729829324
0.019002919787451184
0.019012381037034183
0.016174006162134828
0.01612196928942834
0.016131430539011338
0.016755873011489196
0.01739923798313305
0.017318817361677567
0.017474927979797033
0.019007650412242685
0.01912118540723866
0.019215797903068637
0.023544319587290155
0.02391803894581857
0.024036304565606043
0.024428946423300454
0.018823156045374226
0.021562187799652105
0.023690968955826622
0.024305950178721482
0.023369286470004694
0.023984267692899554
0.02673749132155193
0.014641283729689177
0.015123807458422067
0.015123807458422067
0.015393453071537505
0.015752980555691423
0.015838131801938403
0.02119319906591519
0.020904630953633756
0.018648122928088765
0.020710675337182297
0.02101343532383823
0.02101343532383823
0.021339848434451657
0.022196091521712962
0.022257589644002446
0.022257589644002446
0.023274673974174716
0.023137485855221247
0.023676777081452126
0.023170600228761738
0.029060228094177902
0.029060228094177902
0.029490714950204305
0.030540913653917066
0.030924094262028478
0.03119847049993542
0.03134985049326338
0.03122685424868441
0.031293082995765394
0.03378139163609383
0.03382869788400882
0.033857081632757816
0.0339375022542133
0.032702809183632074
0.033024491669454
0.033421864151939915
0.033540129771727385
0.03203579108803073
0.032092558585528716
0.03250885356718062
0.03250885356718062
0.03445787098127818
0.029268375585003854
0.029760360563319745
0.029907009931856212
0.029916471181439207
0.02912172621646739
0.02937717995520833
0.025129078892442296
0.025223691388272275
0.025521720750136707
0.024689130786832894
0.025389263255974737
0.025479145127013214
0.025412916379932232
0.02566837011867317
0.027598465033604733
0.025796096988043644
0.026619225701764455
0.02694563881237788
0.027376125668404284
0.028748006857938973
0.02876692935710497
0.0290791505933439
0.0295190986989533
0.03061187302578955
0.030687563022453533
0.030895710513279485
0.030914633012445483
0.031997946089698734
0.03247100856884863
0.030630795524955547
0.03065917927370454
0.034297029738367214
0.03442475660773769
0.03465182659772963
0.034779553467100106
0.03408415162274976
0.03411726599629025
0.034278107239201216
0.03459505910023165
0.0379017658294894
0.03810045207073235
0.038327522060724296
0.03848836330363526
0.03800583957490237
0.03823290956489432
0.04043265009294132
0.04102397819187869
0.04112332131250016
0.040210310727740874
0.040210310727740874
0.04018192697899188
0.037722002087412436
0.03900873203070014
0.039656827627135495
0.04047995634085631
0.04136458317686661
0.04202687064767646
0.04216405876662993
0.04253304750036684
0.04265604374494582
0.04334198433971316
0.044292839922804444
0.04462398365820937
0.0453950754992237
0.046104669217948535
0.046090477343574035
0.04690887543250335
0.04728732541582326
0.04730151729019776
0.047329901038946756
0.04730624791498926
0.04764685289997718
0.04791176788830112
0.04991755279989667
0.05012570029072262
0.05203214208169669
0.053328333274567395
0.049699944059487716
0.0497709034313602
0.0502345046609271
0.05030546403279958
0.05073595088882598
0.050773795887157976
0.05082110213507296
0.053399292646439875
0.053413484520814375
0.05338983139685688
0.05721217622838801
0.05793123119669585
0.058049496816483324
0.05809680306439831
0.058215068684185786
0.05832387305439026
0.05877801303437415
0.05836171805272225
0.05846579179813523
0.060003244855372374
0.060220853595781325
0.06027762109327932
0.06038169483869229
0.06141770166803056
0.061644771658022506
0.061696808530728994
0.06202322164134242
0.06420403967022342
0.06109601918220863
0.06192860914551244
0.06260508849069679
0.06279904410714825
0.06304976722109769
0.06243005537341133
0.06263820286423728
0.06256251286757329
0.06278012160798224
0.06291730972693571
0.06333360470858762
0.06394385530669099
0.06385397343565251
0.0638823571844015
0.06397696968023148
0.06411888842397645
0.06420877029501493
0.06502716838394423
0.06512178087977422
0.06577933772579257
0.06622874708098496
0.04667234419292841
0.04695618168041834
0.04752858728018971
0.04762319977601969
0.047684697898309175
0.048432136615366
0.0484652509889065
0.04872543535243894
0.04868285972931545
0.048522018486404486
0.04875381910118793
0.04954383344136825
0.05075487338799198
0.04855513285994498
0.04943975969595528
0.04962898468761523
0.05003581841968414
0.050338578406340075
0.051469197731508314
0.05162057772483628
0.0524153226898081
0.052708621426881035
0.05380612637850878
0.054052118867666726
0.05435960947911416
0.05479482695993206
0.05518273819283497
0.05527735068866495
0.0555233431778229
0.05580718066531283
0.055797719415729835
0.055684184420733855
0.05567945379594236
0.05579298879093833
0.056138324400717754
0.055665261921567864
0.055783527541355335
0.05581191129010433
0.06368840156795004
0.06498932338561225
0.0651974708764382
0.06544346336559614
0.06843794885861497
0.06820141761904001
0.06829129949007849
0.06946449443837023
0.07059984438832997
0.07149866309871476
0.07287527491304095
0.07286581366345796
0.07291785053616445
0.07305503865511792
0.07321587989802888
0.07325845552115237
0.07342875801364633
0.0739964329886262
0.07410996798362217
0.07430392360007364
0.07454991608923157
0.0753210079302459
0.07528316293191391
0.07717541284851348
0.07784243094411483
0.07799381093744279
0.07799381093744279
0.07892574402136808
0.0788453233999126
0.0788453233999126
0.07916227526094302
0.07916227526094302
0.07921904275844102
0.08047738895297973
0.08051523395131172
0.08091260643379763
0.08045846645381373
0.0806382301958907
0.08073284269172067
0.0814708201591945
0.08173100452272694
0.08155124078064999
0.08177358014585044
0.08165531452606296
0.08183507826813992
0.08182561701855692
0.08189657639042941
0.08186819264168041
0.08221825887625134
0.08221825887625134
0.08246898199020078
0.08294677509414217
0.0827953951008142
0.08277647260164821
0.08274335822810772
0.08292312197018467
0.08293731384455917
0.08292785259497618
0.0850471725015677
0.08517016874614666
0.08611629370444646
0.08610210183007196
0.0863670168183959
0.08634809431922989
0.08703876553878874
0.08729421927752969
0.08794231487396503
0.08792812299959053
0.08797542924750552
0.08638120869277038
0.08651366618693236
0.08530735686510013
0.08553442685509208
0.08555334935425808
0.08551077373113458
0.08454572627366881
0.08335360882621108
0.08392128380119095
0.08393547567556545
0.08406793316972741
0.08420039066388939
0.08431865628367685
0.08433757878284286
0.08441326877950683
0.08518909124531265
0.08541616123530461
0.08552023498071759
0.08546346748321959
0.08555334935425808
0.08564323122529656
0.08586083996570551
0.08586083996570551
0.08606425683173996
0.08776728175667957
0.08833495673165945
0.08834441798124244
0.08846741422582141
0.08844849172665542
0.08846741422582141
0.08848160610019591
0.08864717796789838
0.08916754669496325
0.08910131794788227
0.08919119981892075
0.08921012231808674
0.0902413985226335
0.0907901509984474
0.0929283934042049
0.09311761839586485
0.09408266585333064
0.0942813520945736
0.09446584646144206
0.09448949958539955
0.09462195707956152
0.09483956581997047
0.09496256206454944
0.09510921143308591
0.09435704209123758
0.09450842208456554
0.09439961771436108
0.09491525581663446
0.09537412642140984
0.09550185329078031
0.09563904140973378
0.09571000078160627
0.09563431078494229
0.09602695264263669
0.08095991268171263
0.08101668017921061
0.08204795638375738
0.08332049445267059
0.08375098130869699
0.08388343880285895
0.08400643504743793
0.08423350503742988
0.08418619878951489
0.08394966754993995
0.08511813187344018
0.08490998438261423
0.08493836813136321
0.08498094375448671
0.0850471725015677
0.08521274436927015
0.08526951186676814
0.08618252245152744
0.0867785811752563
0.08761590176335161
0.08770578363439009
0.08815046236479099
0.08855729609685989
0.08904928107517579
0.08907766482392478
0.08925742856600173
0.08932838793787422
0.08914389357100576
0.08973995229473462
0.0898345647905646
0.08991498541202009
0.08999540603347557
0.08996702228472657
0.09003798165659906
0.09015624727638653
0.09006636540534806
0.09016097790117802
0.09017990040034403
0.0902981660201315
0.0902413985226335
0.090331280393672
0.09037858664158697
0.0916322022113342
0.09222353031027156
0.0920059215698626
0.09191130907403264
0.09184034970216015
0.09187819470049215
0.09187819470049215
0.09222353031027156
0.09193969282278162
0.09229448968214404
0.09214310968881607
0.09344403150647829
0.09351499087835077
0.0951612483057924
0.0951375951818349
0.09582826640139375
0.09598910764430471
0.0960127607682622
0.09595599327076422
0.09590868702284923
0.09658043574324207
0.09643851699949711
0.09607898951534319
0.09591341764764072
0.09594653202118122
0.09591814827243222
0.09587084202451723
0.09657570511845058
0.09657570511845058
0.09664193386553156
0.09707242072155796
0.09760698132299735
0.09798070068152576
0.09798543130631726
0.09831184441693068
0.09861460440358662
0.09959857436021839
0.09983037497500184
0.10011894308728327
