0.0
0.0
0.0
0.0
0.0
0.0
0.0
0.0
0.0
0.0
0.0
0.0
0.0
0.0
0.0
0.0
0.0
0.0
0.0
3.784499833199141e-05
3.784499833199141e-05
3.784499833199141e-05
3.784499833199141e-05
6.622874708098497e-05
9.461249582997852e-05
9.461249582997852e-05
9.461249582997852e-05
0.00011353499499597422
0.00011353499499597422
0.00020814749082595274
0.0003926418576944109
0.0004967156031073873
0.0005582137253968733
0.0005960587237288647
0.0007427080922653314
0.0008562430872613056
0.002857297374065351
0.0030843673640572997
0.003122212362389291
0.0031505961111382846
0.0032120942334277706
0.0033161679788407472
0.0031458654863467856
0.0032310167325937666
0.003382396725921732
0.0038270754563226313
0.002691725506362889
0.0030512529905168074
0.0030890979888487987
0.0025687292617839167
0.002611304884907407
0.0025734598865754157
0.00281945237573336
0.0029093342467718395
0.0030938286136402977
0.0023227367726259725
0.002625496759281904
0.002795799251775865
0.002966101744269827
0.0030938286136402977
0.003060714240099805
0.003065444864891304
0.003273592355717257
0.00343443359862822
0.0034959317209177065
0.0033634742267557366
0.0036993485869521604
0.004196064190059547
0.0036662342134116677
0.003845997955488627
0.0039406104513186055
0.004167680441310554
0.0050144622789888614
0.005066499151695349
0.005203687270648819
0.005303030391270296
0.005250993518563808
0.005742978496879696
0.0061166978554081115
0.0061261591049911095
0.006334306595817062
0.0069965940666269115
0.007630497788687768
0.007691995910977254
0.007696726535768752
0.007720379659726247
0.007871759653054212
0.007384505299529823
0.007516962793691793
0.007526424043274791
0.006258616599153079
0.0058233991183351775
0.0061166978554081115
0.006050469108327126
0.006050469108327126
0.0066417972072644925
0.0066417972072644925
0.00700132469141841
0.007157435309537875
0.007252047805367853
0.008027870271173677
0.007810261530764727
0.007762955282849738
0.007720379659726247
0.007748763408475241
0.007919065900969201
0.008127213391795155
0.00819817276366764
0.009078068974886439
0.009650474574657808
0.009745087070487787
0.010090422680267209
0.01071013452795357
0.010038385807560722
0.01030803142067616
0.010866245146073032
0.009929581437356247
0.011150082633562968
0.01141026699709541
0.01150014886813389
0.011859676352287808
0.0114481119954274
0.01198267259686678
0.014031033131585815
0.014570324357816692
0.014778471848642645
0.014641283729689177
0.014778471848642645
0.015317763074873522
0.0154123755707035
0.016055740542347353
0.0163017330315053
0.016311194281088296
0.016358500529003287
0.016788987385029687
0.016902522380025663
0.017129592370017613
0.017072824872519623
0.01696875112710665
0.017063363622936627
0.017110669870851615
0.017214743616264593
0.017370854234384055
0.017593193599584507
0.017782418591244464
0.017474927979797033
0.017985835457278918
0.018198713572896368
0.019187414154319644
0.016292271781922302
0.015823939927563906
0.0158617849258959
0.015975319920891875
0.016192928661300825
0.016997134875855642
0.017214743616264593
0.017323547986469068
0.01770672859458048
0.018023680455610907
0.01801894983081941
0.018302787318309345
0.018160868574564375
0.02012880848782793
0.020753250960305787
0.021188468441123688
0.021718298417771568
0.02221028339608746
0.023317249597298206
0.024216068307683
0.024225529557266
0.02427283580518099
0.02431068080351298
0.02427756642997249
0.02449517517038144
0.024812127031411866
0.025053388895778312
0.02519057701473178
0.02532303450889375
0.025498067626179212
0.02611304884907407
0.026420539460521503
0.027560620035272744
0.02580555823762664
0.025867056359916128
0.026193469470529553
0.02629281259115103
0.02546968387743022
0.026245506343236042
0.026680723824053943
0.02756535066006424
0.027716730653392207
0.028516206243155526
0.02880950498022846
0.029315681832918845
0.029306220583335846
0.02976982181290274
0.029940124305396703
0.030096234923516166
0.02726732129819981
0.028076258137546127
0.028293866877955078
0.029320412457710342
0.030091504298724668
0.030318574288716617
0.030328035538299616
0.030621334275372548
0.030706485521619527
0.031070743630564945
0.031387695491595376
0.031472846737842355
0.03161949610637882
0.03197902359053274
0.03221082420531619
0.03315694916361597
0.033289406657777944
0.033322521031318435
0.03374354663776184
0.034561944726691156
0.03449571597961017
0.03457140597627415
0.034230800991286225
0.034448409731695176
0.03426391536482672
0.03495931720917706
0.034599789725023145
0.034377450359822696
0.034916741586053575
0.03509650532813053
0.03509650532813053
0.03521477094791801
0.03561687405519542
0.03643527214412473
0.03717798023639006
0.037551699594918476
0.03800583957490237
0.03848836330363526
0.038696510794461215
0.038914119534870166
0.03900400140590864
0.038999270781117146
0.03903238515465764
0.04153961629415207
0.041700457537063036
0.04164369003956504
0.04180453128247601
0.041738302535395025
0.04205998502121695
0.04258508437307333
0.042514125001200845
0.04322371871992569
0.0431669512224277
0.043266294343049176
0.04299191810514224
0.0431574899728447
0.04367785869990958
0.04401373306010601
0.044411105542591915
0.044964588643197294
0.04685683855979686
0.04731097853978076
0.04740559103561074
0.0467007279416774
0.04685210793500536
0.047079177924997315
0.04680480168709037
0.04641689045418746
0.04663922981938791
0.04671491981605189
0.047131214797703797
0.04749547290664922
0.04744816665873423
0.04937826157366579
0.049496527193453266
0.04953910281657675
0.04946814344470427
0.04963844593719823
0.04958640906449174
0.05001689592051815
0.04991282217510517
0.05006420216843313
0.050225043411344095
0.05031019465759108
0.05013516154030562
0.051346201486929345
0.05100559650194142
0.050929906505277435
0.05101505775152442
0.05136039336130384
0.05165842272316827
0.0519611827098242
0.05211729332794367
0.05271808267646403
0.05276538892437902
0.05268969892771504
0.052656584554174546
0.05283161767146
0.052850540170626
0.05280323392271101
0.0537304363818448
0.053281027026652404
0.05321479827957142
0.054742790087225573
0.054894170080553535
0.05466710009056159
0.05449679759806763
0.054605601968272105
0.054809018834306555
0.05475698196160007
0.05540980818282692
0.05533411818616294
0.05470967571368508
0.05467183071535309
0.054558295720357114
0.05483740258305555
0.05500297445075801
0.05513543194491998
0.05226394269648013
0.052306518319603625
0.05265185392938305
0.05259508643188506
0.05271335205167253
0.052964075165621974
0.053195875780405424
0.053702052633095805
0.053702052633095805
0.05406158011724973
0.05368786075872131
0.05378247325455129
0.05379193450413429
0.05412307823953921
0.053834510127257776
0.05396223699662825
0.05383924075204928
0.05338983139685688
0.05356013388935084
0.0533046801506099
0.05357432576372534
0.05357432576372534
0.05357432576372534
0.053716244507470305
0.05378247325455129
0.054104155740373215
0.05405684949245823
0.054118347614747715
0.05411361698995622
0.05399535137016874
0.05408996386599872
0.05396696762141975
0.05385816325121527
0.054553565095565616
0.05458667946910611
0.05472859821285107
0.05484686383263855
0.054809018834306555
0.05597748315780679
0.056318088142794716
0.05719798435401351
0.05776092870420189
0.05782715745128287
0.058338064928764755
0.05836644867751375
0.05846106117334373
0.058773282409582656
0.05885370303103814
0.058702323037710176
0.05911388739457058
0.059227422389566554
0.05928892051185604
0.05928892051185604
0.05936934113331152
0.05923688363914955
0.05952072112663949
0.05980455861412942
0.059563296749762976
0.05928418988706454
0.058990891149991606
0.05924634488873255
0.059293651136647536
0.05955856612497148
0.060031628604121375
0.05999378360578938
0.06009312672641086
0.060689185450139724
0.060674993575765224
0.060334388590777305
0.060197200471823836
0.05999851423058088
0.059005083024366106
0.059142271143319575
0.05972413799267394
0.05983767298766991
0.05950652925226499
0.060201931096615334
0.060135702349534345
0.06006001235287037
0.06061822607826724
0.06062768732785023
0.06081691231951019
0.06084529606825918
0.059714676743090944
0.06016881672307484
0.060220853595781325
0.06348498470191559
0.06351336845066458
0.06361271157128606
0.06363163407045205
0.06363636469524356
0.06363636469524356
0.06369313219274154
0.06360325032170307
0.06366947906878405
0.06366474844399254
0.06375936093982253
0.06371678531669904
0.06374989969023953
0.06396277780585698
0.063858704060444
0.06370259344232454
0.0638728959348185
0.063858704060444
0.06418511717105743
0.06414727217272544
0.06409523530001895
0.06409050467522745
0.06410942717439344
0.06450206903208786
0.06480482901874379
0.06529208337226818
0.06538669586809816
0.06540088774247266
0.06538196524330665
0.06535831211934916
0.0691380813277568
0.06914754257733981
0.06942664944003824
0.0718156149597452
0.07182034558453669
0.07189130495640918
0.07205214619932014
0.07202376245057115
0.07220352619264811
0.07302192428157742
0.07338618239052284
0.07381193862175774
0.07375517112425975
0.07382139987134075
0.07428027047611614
0.07423296422820115
0.07452626296527408
0.07410996798362217
0.07414781298195416
0.07419984985466066
0.07437015234715462
0.07413362110757966
0.07416673548112017
0.07407685361008168
0.07406739236049868
0.07431338484965663
0.07360852175572329
0.07354702363343381
0.07376463237384276
0.07370313425155327
0.0740153554877922
0.07415254360674567
0.07409577610924768
0.0740248167373752
0.07385924486967273
0.07402008611258369
0.0739775104894602
0.07404846986133269
0.07364163612926378
0.07376463237384276
0.07381193862175774
0.07392547361675372
0.07389708986800472
0.07364163612926378
0.07367475050280427
0.07370786487634477
0.07390182049279623
0.07392547361675372
0.07388762861842173
0.07368894237717877
0.07364636675405528
0.07365109737884679
0.07394439611591971
0.07377882424821725
0.07370313425155327
0.07367475050280427
0.07370313425155327
0.07365109737884679
0.07359906050614029
0.07348079488635281
0.07289419741220696
0.07286581366345796
0.07282323804033447
0.07300300178241143
0.0731212674021989
0.07325372489636087
0.07308815302865841
0.07315911240053088
