0.0
0.0
0.0
0.0
0.0
0.0
0.0
5.676749749798711e-05
5.676749749798711e-05
5.676749749798711e-05
0.0004730624791498926
0.0005676749749798711
0.0006244424724778583
0.0006244424724778583
0.0021477036553405123
0.0032830536053002546
0.0032262861078022676
0.0031695186103042803
0.0032262861078022676
0.0032262861078022676
0.0032262861078022676
0.003264131106134259
0.005118536024401838
0.005255724143355307
0.005411834761474771
0.005922742238956656
0.005922742238956656
0.007171627183912372
0.004068337320689076
0.004460979178383487
0.004697510417958434
0.00665125845684749
0.008023139646382179
0.008321169008246612
0.008444165252825583
0.009101722098843934
0.009035493351762949
0.01017084330172269
0.010326953919842155
0.01122577263022695
0.01294772005433256
0.015227881203835043
0.016585570518995233
0.01633484740504579
0.019348255397230608
0.02008150223991294
0.020649177214892813
0.021694645293814076
0.02110804781966821
0.02123577468903868
0.024078880188729532
0.024859433279326857
0.024944584525573837
0.02506285014536131
0.025658908869090176
0.02717270880236983
0.02932987370729334
0.029925932431022206
0.031595842982421324
0.03289203417529203
0.033488092899020896
0.03380031413525983
0.03343605602631441
0.03371989351380435
0.030990323009109463
0.03234328169947816
0.03272646230758957
0.036061552785596314
0.03691306524806612
0.034666018472104126
0.03528099969499899
0.03345024790068891
0.033100181666117987
0.03277376855550456
0.03387127350713231
0.033890196006298307
0.03500662345709205
0.03519584844875201
0.03648730901683122
0.036534615264746204
0.036444733393707726
0.036813722127444645
0.03728205398180304
0.03820452581614533
0.03855932267550775
0.03948179450985004
0.03968048075109299
0.03939191263881156
0.039354067640479565
0.03974670949817398
0.03810045207073235
0.0378639208311574
0.0387390864175847
0.039368259514854065
0.039704133875050486
0.03999270198733192
0.03981293824525496
0.0400683919839959
0.03961425200401201
0.0392026876471516
0.028941962474390428
0.02881423560501996
0.02713486380403784
0.02735720316923829
0.027499121912983256
0.027603195658396234
0.029968508054145696
0.03074433051995152
0.032518314816763615
0.03240951044655914
0.03188441109470276
0.0316999167278343
0.03143500173951037
0.02928729808416985
0.02992120180623071
0.028662855611691993
0.028795313105853964
0.029722515564987752
0.029925932431022206
0.030824751141407
0.0317141086022088
0.03201686858886473
0.0326081966878021
0.033876004131923806
0.03489308846209608
0.03440583410857169
0.03502554595625805
0.0356878334270679
0.03561687405519542
0.036160895906217794
0.03549860843540794
0.03661976651099318
0.03696037149598111
0.03794907207740438
0.03849782455321826
0.03874381704237621
0.04018665760378338
0.04025288635086436
0.04070229570605676
0.041288893180202624
0.0423012468855834
0.044108345555935985
0.045267348629853224
0.046090477343574035
0.04527680987943622
0.047367746037278745
0.047585354777687695
0.04858351660869397
0.049014003464720374
0.050660260892161996
0.038332252685515794
0.03912699765048762
0.03863974329696323
0.03987916699233594
0.039671019501509995
0.03976090137254847
0.04108547631416817
0.04131254630416012
0.04132200755374312
0.04292095873326975
0.04299664872993374
0.04380085494448856
0.04451517928800489
0.04500716426632078
0.04497404989278029
0.04648784982605995
0.04685683855979686
0.046232396087319
0.04401373306010601
0.04440637491780042
0.0449362048944483
0.046123591717114526
0.0475806241528962
0.04725894166707427
0.047334631663738254
0.047419782909985234
0.04816249100225056
0.04672911169042639
0.04515381363485725
0.04568364361150513
0.04587759922795658
0.046629768569804914
0.04834698536911902
0.048432136615366
0.048526749111195984
0.048862623471392405
0.04969521343469622
0.0502297740361356
0.05003108779489264
0.05043792152696155
0.05075014276320048
0.05038588465425506
0.05269916017729804
0.05449206697327613
0.055816641914895826
0.055447653181158914
0.057013489987145054
0.05732098059859249
0.05608155690321977
0.05629443501883722
0.056355933141126704
0.05607209565363677
0.05585448691322782
0.05657827250632715
0.057831888076074374
0.05864555554021218
0.06017354734786634
0.0594734148787245
0.06149812228948604
0.06261454974027979
0.06191914789592944
0.0625435903684073
0.06256251286757329
0.06348025407712408
0.06395804718106549
0.06645581707097692
0.06585975834724805
0.06567053335558809
0.06495147838728026
0.06522112400039569
0.06565634148121359
0.06465344902541582
0.06462033465187533
0.06262874161465429
0.06262874161465429
0.06263820286423728
0.06289365660297822
0.06331941283421312
0.06312545721776167
0.06240640224945383
0.06264293348902877
0.06338091095650261
0.06311126534338717
0.06426080716772141
0.06576041522662657
0.06457302840396034
0.06438380341230038
0.06494201713769726
0.06483321276749278
0.0647527921460373
0.06469602464853931
0.0656752639803796
0.0655995739837156
0.0665456989420154
0.06680588330554783
0.06657881331555589
0.06624293895535946
0.06586448897203954
0.06570837835392009
0.06585029709766504
0.06634701270077244
0.0661010202116145
0.06622874708098496
0.06627605332889995
0.06638485769910443
0.06509339713102522
0.06426553779251291
0.06402427592814647
0.06423242341897242
0.06612467333557198
0.066077367087657
0.06572257022829459
0.0665125845684749
0.06699037767241629
0.06456356715437735
0.06458248965354334
0.06498459276082075
0.0651974708764382
0.06527316087310218
0.06594017896870354
0.06616251833390398
0.06644162519660242
0.06488998026499077
0.06483794339228428
0.06766212639280914
0.06788919638280108
0.06830549136445299
0.06800746200258856
0.06898670133442884
0.06886843571464137
0.06940772694087224
0.06989498129439663
0.06991863441835412
0.06996121004147762
0.06978144629940065
0.06903400758234383
0.06885897446505837
0.0687123250965219
0.06904819945671832
0.06848998573132145
0.06838591198590847
0.0687123250965219
0.07038223564792102
0.07022139440501006
0.07029708440167404
0.06963479693086419
0.06935095944337426
0.06990444254397964
0.07013624315876307
0.06931784506983377
0.07086475937665392
0.07042954189583601
0.07034912127438053
0.06973414005148566
0.06952126193586822
0.06945503318878724
0.06925634694754428
0.06908604445505032
0.06861771260069192
0.06895831758567984
0.06887789696422436
0.06890628071297336
0.0687075944717304
0.06860352072631742
0.0678513513844691
0.06797907825383957
0.0673640970309447
0.06743032577802568
0.06712283516657826
0.06678696080638184
0.0669194183005438
0.06608682833724
0.06585029709766504
0.06571783960350308
0.06638012707431293
0.0661010202116145
0.06744924827719169
0.06767158764239213
0.06664977268742837
0.06690995705096081
0.06778039201259661
0.06712756579136976
0.06723163953678274
0.0660631752132825
0.06620509395702746
0.06635647395035543
0.06641797207264492
0.06634701270077244
0.06638958832389592
0.0660631752132825
0.06582191334891606
0.06571310897871158
0.06571783960350308
0.0655995739837156
0.06514543400373171
0.06467710214937332
0.06462033465187533
0.0647338696468713
0.06513597275414872
0.06502716838394423
0.06439326466188339
0.06440745653625787
0.06378774468857151
0.06382558968690351
0.06363636469524356
0.061952262269469933
0.06189549477197195
0.062032682890925415
0.06195699289426143
0.06177249852739298
0.06204214414050842
0.061729922904269485
0.061375126044907066
0.06130416667303458
0.06203741351571691
0.061677886031562996
0.06152177541344353
0.0612237460515791
0.06140824041844756
0.06100140668637865
0.061294705423451584
0.061914417271137945
0.059648447996009955
0.05935041863414552
0.058300219930432766
0.05817722368585379
0.05775619807941039
0.05852728992042471
0.05832387305439026
0.05841375492542874
0.05871651491208467
0.05846106117334373
0.05851309804605022
0.058352256803139255
0.0581488399371048
0.05773727558024439
0.05778931245295088
0.05791230869752985
0.05807788056523232
0.05758589558691642
0.05753858933900144
0.0572547518515115
0.05745343809275446
0.05760008746129092
0.057666316208371905
0.05733517247296698
0.0572547518515115
0.05688103249298309
0.05699929811277056
0.0568337262450681
0.05691414686652358
0.05711756373255803
0.05707025748464304
0.057022951236728056
0.05721217622838801
0.05694726124006407
0.057022951236728056
0.056989836863187565
0.05634174126675221
0.056284973769254225
0.056133593775926256
0.05603898128009628
0.056147785650300756
0.056370125015501205
0.05642689251299919
0.056502582509663175
0.056270781894879725
0.056724921874863624
0.056535696883203666
0.056100479402385765
0.05601059753134728
0.055816641914895826
0.0559490994090578
0.0559301769098918
0.0554854981794909
0.05547603692990791
0.055830833789270326
0.05454883447077412
0.054203498860994695
0.05478063508555756
0.05479955758472356
0.054335956355156666
0.05360270951247433
0.05266604580375754
0.05324791265311191
0.053413484520814375
0.053465521393520864
0.05288838516895799
0.05261400893105105
0.05245789831293159
0.0519801052089902
0.051989566458573194
0.051904415212326215
0.05155434897775529
0.051284703364639854
0.05120428274318437
0.0515590796025468
0.0515590796025468
0.05140296898442733
0.05136985461088684
0.05036696215508907
0.05033384778154857
0.05032911715675707
0.05017300653863761
0.05051834214841703
0.05096775150360943
0.050641338392996005
0.05041899902779556
0.0506460690177875
0.050896792131736944
0.050442652151753045
0.050693375265702494
0.05051361152362553
0.050239235285718595
0.0502108515369696
0.05072175901445149
0.050674452766536496
0.0502345046609271
0.05014935341468012
0.05024869653530159
0.050187198413012106
0.04997905092218615
0.05018246778822061
0.050139892165097115
0.04987497717677318
0.049751980932194205
0.04938772282324879
0.048862623471392405
0.049416106571997784
0.048876815345766905
0.04856459410952797
0.04893358284326489
0.048791664099519926
0.04883897034743491
0.048706512853272946
0.04811518475433558
0.04794961288663312
0.0480063803841311
0.04795907413621611
0.04804422538246309
0.04795907413621611
0.04816249100225056
0.0480300335080886
0.04838483036745102
0.04869705160368994
0.04849363473765549
0.04841794474099151
0.04841321411620001
0.04795907413621611
0.0475806241528962
