0.0
0.0
4.730624791498926e-05
4.730624791498926e-05
0.00017503311728546026
0.0002696456131154388
0.00035006623457092053
0.000510907477481884
0.0009934312062147746
0.0012914605680792069
0.0016935636753566156
0.0022092017776299986
0.002625496759281904
0.0031458654863467856
0.0032215554830107686
0.0026538805080308977
0.0031884411094702764
0.0053172222656447925
0.005657827250632716
0.00695874906829492
0.017824994214367954
0.01885153979412322
0.01929148789973262
0.01986862412429549
0.020161922861368423
0.019045495410574678
0.019442867893060586
0.019982159119291465
0.016997134875855642
0.019792934127631508
0.02100870469904673
0.022006866530053005
0.022238667144836452
0.02101343532383823
0.021472305928613624
0.022413700262121913
0.022323818391083432
0.023591625835205143
0.023667315831869127
0.024518828294338935
0.02315640835438724
0.029320412457710342
0.03203579108803073
0.03233855107468666
0.03270753980842357
0.0330386835438285
0.03247100856884863
0.03342659477673141
0.03764631209074845
0.04725894166707427
0.048001649759339605
0.048659206605357955
0.048914660344098894
0.04961006218844924
0.04632700858314898
0.04797326601059061
0.04839429161703401
0.0471359454224953
0.04765631414956018
0.045972211723786564
0.04868759035410695
0.04501189489111228
0.03986024449316995
0.03954329263213952
0.03935879826527106
0.04075433257876325
0.04153015504456907
0.042173520016212926
0.042580353748281834
0.04302976310347423
0.04164369003956504
0.03432541348711621
0.03497823970834306
0.035744600924565884
0.035337767192496976
0.04031911509794535
0.042093099394757444
0.043266294343049176
0.043181143096802196
0.041989025649344466
0.04276957873994179
0.04502608676548678
0.039098613901738626
0.03983659136921246
0.0396473663775525
0.04005420010962141
0.04087259819855072
0.042310708135166394
0.04260873749703083
0.04309599185055522
0.040896251322508216
0.040948288195214705
0.04550387986942817
0.04640269857981297
0.046629768569804914
0.048119915379127076
0.04781242476767965
0.048995080965554376
0.04727313354144877
0.04791176788830112
0.04943029844637228
0.05107182524902241
0.050996135252358424
0.050579840270706514
0.05077852651194947
0.051549618352963796
0.04809626225516958
0.04636485358148097
0.047367746037278745
0.047079177924997315
0.04683318543583937
0.047855000390803135
0.04720217416957628
0.048356446618702024
0.04909915471096735
0.05016827591384611
0.05086840838298795
0.05159692460087879
0.05035277028071457
0.050693375265702494
0.04989389967593917
0.04983240155364969
0.04941137594720628
0.05034330903113157
0.04750493415623221
0.04816722162704207
0.04737247666207024
0.04790703726350962
0.04686629980937986
0.04729205604061476
0.04720217416957628
0.04767996727351768
0.04939245344804029
0.04955329469095125
0.05054672589716602
0.04830914037078703
0.048711243478064443
0.04887208472097541
0.049312032826584806
0.049619523438032234
0.048659206605357955
0.049179575332422835
0.04695618168041834
0.046142514216280524
0.04593909735024607
0.04635066170710648
0.04727313354144877
0.04727313354144877
0.04689941418292035
0.04760427727685369
0.04777931039413915
0.04699875730354183
0.051601655225670284
0.05211256270315217
0.05263766205500855
0.053044495787077456
0.052571433307927566
0.05273700517563003
0.053049226411868954
0.05360270951247433
0.05414673136349671
0.054643446966604094
0.05477117383597457
0.054790096335140565
0.05508339507221349
0.056001136281764285
0.05493201507888553
0.05529154256303945
0.055040819449090006
0.05490363133013654
0.055178007568043475
0.055684184420733855
0.0554996900538654
0.056403239389041696
0.0568148037459021
0.05713175560693253
0.05677695874757011
0.05800219056856833
0.05904765864748959
0.05944030050518401
0.059161193642485566
0.05893412365249362
0.05785554120003186
0.05867866991375268
0.05950179862747349
0.058423216175011734
0.06144135479198805
0.06170153915552049
0.06202322164134242
0.06193333977030394
0.061796151651350474
0.06356067469857957
0.06318695534005116
0.06373097719107353
0.06307342034505518
0.06367894031836704
0.06469602464853931
0.05562741692323587
0.05570310691989985
0.05562741692323587
0.056791150621944606
0.05690468561694058
0.05750547496546095
0.0577041612067039
0.05805422744127482
0.058740168036042165
0.05980928923892092
0.060769606071595206
0.06108182730783413
0.06239221037507933
0.06219825475862788
0.062269214130500364
0.0634518703283751
0.06425134591813841
0.06428919091647041
0.06382085906211202
0.06361744219607755
0.06444057090979836
0.06527789149789368
0.06511231963019122
0.06623347770577646
0.06674911580804985
0.06636593519993843
0.06713702704095276
0.06745397890198318
0.06812099699758453
0.06806422950008655
0.06902927695755233
0.06801219262738006
0.06787027388363509
0.06807842137446105
0.06899143195922033
0.06929419194587627
0.06840956510986597
0.068277107615704
0.068258185116538
0.06832914448841049
0.06786554325884359
0.06788446575800959
0.06798380887863106
0.06819668699424852
0.06841429573465747
0.06444530153458987
0.06423715404376391
0.06387762655961
0.06396277780585698
0.06455410590479435
0.06489471088978227
0.06407158217606146
0.0643081134156364
0.06472440839728831
0.06447841590813036
0.0642702684173044
0.06425607654292992
0.06466764089979032
0.06441691778584088
0.06441691778584088
0.06476225339562029
0.06350390720108158
0.0638728959348185
0.06411888842397645
0.06403846780252097
0.06409523530001895
0.0642702684173044
0.06415673342230843
0.06374516906544803
0.0634329478292091
0.06374989969023953
0.06372151594149053
0.049226881580337827
0.04911807721013335
0.04928364907783581
0.049619523438032234
0.04954383344136825
0.049666829685947225
0.04952491094220226
0.049704674684279214
0.0418471069055995
0.04199848689892746
0.04196537252538697
0.04772727352143266
0.047954343511424614
0.04806314788162909
0.048626092231817464
0.04905184846305236
0.047755657270181655
0.04832806286995303
0.048522018486404486
0.04914173033409085
0.04887208472097541
0.04895723596722239
0.04904238721346937
0.04938772282324879
0.04828075662203804
0.04833752411953603
0.04841321411620001
0.04866866785494095
0.0488910072201414
0.04927418782825281
0.048744357851604934
0.04900454221513737
0.048876815345766905
0.04924580407950382
0.04791649851309262
0.04818614412620806
0.04823818099891455
0.04827129537245504
0.04912280783492485
0.04907550158700986
0.0493451472001253
0.04968575218511322
0.04999797342135215
0.04969521343469622
0.04998851217176915
0.04970940530907071
0.04984186280323268
0.049704674684279214
0.04974251968261121
0.04849363473765549
0.04832333224516153
0.04968102156032172
0.04981347905448369
0.049884438426356176
0.049884438426356176
0.049619523438032234
0.04962898468761523
0.049785095305734696
0.05005947154364163
0.05005001029405864
0.04984659342802418
0.04974251968261121
0.049922283424688164
0.05007839404280763
0.05052780339800003
0.05025815778488459
0.05026761903446759
0.05070756714007699
0.05059876276987251
0.05047103590050204
0.05053253402279153
0.05030546403279958
0.05011623904113962
0.05042846027737855
0.05034803965592307
0.050338578406340075
0.051062363999439406
0.0506555302673705
0.05082110213507296
0.050877869632570946
0.050906253381319946
0.050906253381319946
0.050660260892161996
0.05005001029405864
0.05026288840967609
0.05013043091551412
0.05033384778154857
0.05030073340800808
0.05049941964925104
0.05062241589383001
0.050423729652587054
0.050641338392996005
0.050371692779880566
0.049482335319078766
0.05017300653863761
0.050589301520289516
0.05030546403279958
0.050087855292390626
0.04787392288996913
0.04809626225516958
0.04819087475099956
0.04839429161703401
0.04861663098223446
0.04885316222180941
0.048744357851604934
0.04907077096221836
0.048928852218473394
0.048909929719307396
0.048876815345766905
0.049080232211801356
0.04898088909117988
0.04898088909117988
0.049278918453044315
0.04924580407950382
0.04922215095554632
0.04908496283659285
0.048659206605357955
0.04917011408283984
0.049217420330754824
0.050054740918850135
0.05009731654197363
0.04965736843636423
0.04963844593719823
0.049983781546977656
0.049851324052815685
0.04963844593719823
0.04959113968928324
0.04952964156699376
0.049496527193453266
0.04918903658200583
0.04866393723014945
0.04847944286328099
0.048375369117868015
0.0484557897393235
0.04821452787495705
0.04820033600058256
0.0489004684697244
0.049264726578669815
0.04928364907783581
0.049231612205129324
0.04908969346138436
0.04895250534243089
0.048909929719307396
0.048995080965554376
0.048961966592013885
0.04866866785494095
0.048171952251833565
0.04761373852643669
0.04772727352143266
0.047784041018930655
0.04769415914789217
0.04736301541248725
0.04727786416624027
0.04698456542916733
0.04687576105896286
0.04655407857314093
0.046544617323557934
0.04652096419960044
0.04650204170043444
0.04620874296336151
0.046677074817719905
0.046710189191260396
0.046407429204604465
0.04651150295001744
0.046662882943345405
0.046748034189592384
0.046393237330229965
0.045835023604833096
0.04567891298671363
0.04609993859315704
0.046090477343574035
0.04611413046753153
0.046227665462527504
0.046232396087319
0.04613305296669753
0.04616143671544652
0.046189820464195515
0.04682372418625637
0.04717852104561879
0.046946720430835344
0.04678587918792438
0.046724381065634896
0.04662030732022192
0.04665342169376241
0.04704133292666532
0.04685683855979686
0.04643108232856196
0.04697510417958434
0.047197443544784785
0.047131214797703797
0.04725894166707427
0.04726367229186577
0.048086801005586585
0.047717812271849666
0.047632661025602686
0.04764685289997718
0.045045009264652776
0.04458613865987738
0.0444915261640474
0.04453883241196239
0.044661828656541364
0.044373260544259926
0.043890736815527034
0.043673128075118084
0.04366366682553509
0.04369205057428408
0.04392858181385903
0.04401846368489751
0.04395223493781652
0.04367785869990958
0.043838699942820546
0.04394750431302502
0.04387181431636104
0.04388127556594404
0.044037386184063505
0.043971157436982516
0.04381504681886305
0.043682589324701086
0.04356432370491361
0.04357851557928811
0.04374408744699057
0.0435974380784541
0.0436068993280371
0.04346498058429213
0.043469711209083634
0.043332523090130165
0.04333725371492166
0.04329940871658967
0.04349809495783263
0.043436596835543136
0.043450788709917636
