0.0
0.0
0.0
0.0
0.0
0.0
0.0
0.0
0.0
0.0
0.0
0.0
0.0
0.0
0.0
0.0
0.0
0.0
9.461249582997852e-06
0.0002365312395749463
0.0005960587237288647
0.0007095937187248389
0.0007237855930993357
0.0008373205880953099
0.0009697780822572798
0.0009792393318402777
0.001026545579755267
0.0015137999332796564
0.0016604493018161231
0.001783445546395095
0.001967939913263553
0.0020814749082595273
0.0021240505313830176
0.0025308842634519254
0.0025214230138689278
0.0028998729971888414
0.0032262861078022676
0.003448625473002717
0.003718271086118156
0.003775038583616143
0.003968994200067599
0.0044373260544259925
0.0045082854262984765
0.00448936292713248
0.004678587918792438
0.00497661728065687
0.005099613525235842
0.004981347905448369
0.005137458523567833
0.0059038197397906595
0.005875435991041666
0.003916957327361111
0.004025761697565586
0.004867812910452395
0.004858351660869397
0.005132727898776335
0.005255724143355307
0.005709864123339204
0.0059747791116631435
0.006372151594149053
0.0065708378353920086
0.006689103455179481
0.00674114032788597
0.006797907825383957
0.007474387170568303
0.007479117795359802
0.007909604651386204
0.009357175837584875
0.010577677033791599
0.010587138283374596
0.010870975770864532
0.011528532616882883
0.012181358838109734
0.012583461945387142
0.013136945045992518
0.013780310017636372
0.013926959386172838
0.014295948119909755
0.014849431220515128
0.015483334942575986
0.015469143068201487
0.016060471167138855
0.013714081270555387
0.015327224324456521
0.015521179940907976
0.016098316165470847
0.013141675670784017
0.013080177548494531
0.01330251691369498
0.014130376252207292
0.014683859352812667
0.015488065567367483
0.015842862426729904
0.016103046790262344
0.015828670552355407
0.01338766815994196
0.013425513158273951
0.012791609436213096
0.013311978163277978
0.013728273144929883
0.013780310017636372
0.014035763756377313
0.015052848086549582
0.01616927553734333
0.017848647338325446
0.018700159800795254
0.02016665348615992
0.02083840220655277
0.02119319906591519
0.022484659633994396
0.02326048209980022
0.018936691040370202
0.018965074789119196
0.019944314120959473
0.019977428494499964
0.020076771615121444
0.020682291588433304
0.02052145034552234
0.021216852189872685
0.022489390258785893
0.024107263937478526
0.024405293299342958
0.024159300810185014
0.02171356779298007
0.022446814635662404
0.020961398451131742
0.02179871903922705
0.0224610065100369
0.02365312395749463
0.024868894528909852
0.025270997636187262
0.02629754321594253
0.026756413820717924
0.02769307752943471
0.02761738753277073
0.02721528442549332
0.028431054996908546
0.02867704748606649
0.03045103178287859
0.030578758652249058
0.03148703861221685
0.03148703861221685
0.03143500173951037
0.031595842982421324
0.031874949845119765
0.03376719976171933
0.03429229911357572
0.03491201096126208
0.024428946423300454
0.02427756642997249
0.02458032641662842
0.024480983296006942
0.025077042019735808
0.022796880870233325
0.023090179607306256
0.023265212724591717
0.024296488929138483
0.025124348267650795
0.025166923890774285
0.02492093140161634
0.024419485173717455
0.026500960081976985
0.02713959442882934
0.02651042133155998
0.027655232531102723
0.028700700610023985
0.029547482447702292
0.029623172444366276
0.027598465033604733
0.02871016185960698
0.029126456841258887
0.029306220583335846
0.02945760057666381
0.03176614547491529
0.032277052952397176
0.03290622604966653
0.03297245479674751
0.033407672277565414
0.03452409972835916
0.03482685971501509
0.035976401539349334
0.0365771908878697
0.03715905773722406
0.03735774397846702
0.037542238345335474
0.036430541519333226
0.03618454903017528
0.036141973407051796
0.03621766340371578
0.03663868901015918
0.03641634964495873
0.03665761150932518
0.035877058418727854
0.03502081533146655
0.03665288088453368
0.036449464018499224
0.03582975217081286
0.03630281464996276
0.03663868901015918
0.037054983991811084
0.0370076777438961
0.03817141144260484
0.03907496077778113
0.03946760263547554
0.0392121488967346
0.04028600072440485
0.04044211134252432
0.04017246572940888
0.0400778532335789
0.04065025883335027
0.040342768221902844
0.040584030086269283
0.041203741933955644
0.041033439441461685
0.042173520016212926
0.04322371871992569
0.04388127556594404
0.044647636782166863
0.04235328375828989
0.041568000042901065
0.04214986689225543
0.042041062522050955
0.042660774369737316
0.042310708135166394
0.0431527593480532
0.04291149748368676
0.04344605808512614
0.04348390308345813
0.04332779246533866
0.043015571229099735
0.043668397450326586
0.04342713558596014
0.04330413934138117
0.043857622441986543
0.04287365248535477
0.04324737184388318
0.04309126122576372
0.042977726230767746
0.042930419982852755
0.04309126122576372
0.042679696868903313
0.042575623123490336
0.04411780680551899
0.043838699942820546
0.04527680987943622
0.04568364361150513
0.04552280236859416
0.0453950754992237
0.04562687611400714
0.04599586484774406
0.0457971786065011
0.04599586484774406
0.04557956986609215
0.04550387986942817
0.045333577376934206
0.04527207925464472
0.04546603487109618
0.045470765495887674
0.045702566110671125
0.04588232985274809
0.0458161011056671
0.04598640359816106
0.04795907413621611
0.048356446618702024
0.04848890411286399
0.04850309598723849
0.04876801097556243
0.05058457089549802
0.05061768526903851
0.05004527966926714
0.04962898468761523
0.05009258591718213
0.050575109645915016
0.050797449011115464
0.050409537778212554
0.04936880032408279
0.04914173033409085
0.04809153163037808
0.04838483036745102
0.048460520364114995
0.04837063849307652
0.04807733975600358
0.04766577539914318
0.04790703726350962
0.047888114764343626
0.04849836536244699
0.04875854972597943
0.04865447598056646
0.04966209906115573
0.050404807153421056
0.04991282217510517
0.04927418782825281
0.04866866785494095
0.04790703726350962
0.04771308164705817
0.047817155392471146
0.04805841725683759
0.047670506023934675
0.04747655040748322
0.047164329171244294
0.047500203531440716
0.047538048529772704
0.04257089249869884
0.042173520016212926
0.042178250641004424
0.04242424313016237
0.04237220625745588
0.04249993312682635
0.042698619368069304
0.0427175418672353
0.042580353748281834
0.04245735750370286
0.042376936882247376
0.04218298126579592
0.041989025649344466
0.041776147533727014
0.0414308119239476
0.04179507003289301
0.041421350674364595
0.041118590687708664
0.04122266443312164
0.04145919567269659
0.041520693794986074
0.04149704067102858
0.04294934248201875
0.04260873749703083
0.042410051255787874
0.04189914377830599
0.04120847255874714
0.04084421444980173
0.04078271632751224
0.0391932263975686
0.03954802325693102
0.04027180885003036
0.039973779488165925
0.039723056374216484
0.03991228136587644
0.040096775732744894
0.040796908201886736
0.04060295258543528
0.03969940325025899
0.03957640700568001
0.03898507890674265
0.03912226702569612
0.03893777265882766
0.03843632643092877
0.03914118952486211
0.03902765452986614
0.03933987576610507
0.03934460639089657
0.03932568389173057
0.039453410761101045
0.03934460639089657
0.039571676380888515
0.03934460639089657
0.03969467262546749
0.03949125575943303
0.03910334452653012
0.03823764018968582
0.038512016427592756
0.03818560331697933
0.03848836330363526
0.038478902054052265
0.03828021581280931
0.038464710179677765
0.03907496077778113
0.0387769314159167
0.038649204546546224
0.03835590580947329
0.03894723390841066
0.038748547667167704
0.03847417142926077
0.0382991383119753
0.03798691707573638
0.03808152957156635
0.038043684573234364
0.037334090854509526
0.037069175866185584
0.036752224005155154
0.0365629990134952
0.03682791400181914
0.036312275899545755
0.03594801779060034
0.03582975217081286
0.03571621717581689
0.03573040905019139
0.03559795155602942
0.03536615094124597
0.035224232197501
0.03484578221418109
0.03452409972835916
0.034647095972938136
0.03484105158938959
0.03484105158938959
0.03466128784731263
0.03483632096459809
0.03468021034647863
0.034297029738367214
0.03419295599295424
0.034013192250877275
0.033909118505464304
0.03353539914693589
0.0334644397750634
0.03335090478006743
0.03311437354049248
0.0325940048134276
0.03246154731926563
0.032414241071350644
0.03229124482677167
0.03187021922032827
0.03203579108803073
0.03175195360054079
0.03148703861221685
0.03153434486013184
0.03132146674451439
0.031127511128062932
0.030914633012445483
0.03071121614641103
0.030697024272036532
0.030644987399330043
0.0303942642853806
0.030290190539967624
0.029892818057481712
0.03021923116809514
0.030318574288716617
0.030313843663925116
0.030342227412674113
0.030100965548307667
0.029977969303728695
0.02981712806081773
0.02929202870896135
0.029169032464382377
0.02884261935376895
0.028662855611691993
0.028681778110857988
0.028393209998576554
0.02832698125149557
0.02822290750608259
0.028142486884627112
0.027976915016924647
0.02778769002526469
0.02784445752276268
0.027513313787357753
0.027144325053620837
0.027059173807373858
0.027101749430497347
0.02694563881237788
0.026595572577806963
0.02678479756946692
0.02678479756946692
0.02668545444884544
0.026713838197594434
0.02655772757947497
0.026330657589483022
0.026046820101993086
0.02595693823095461
0.025753521364920155
0.025247344512229767
0.02519530763952328
0.025143270766816793
0.02497296827432283
0.025029735771820816
0.024831049530577864
0.024476252671215445
0.024263374555597992
0.02426810518038949
0.024395832049759963
0.02254615775628388
0.022342740890249426
0.02219136089692146
0.022181899647338466
0.021964290906929515
0.02189333153505703
0.02166153092027358
0.021737220916937566
0.021784527164852553
0.021642608421107587
0.021396615931949643
0.0211317009436257
0.020985051575089234
0.02087624720488476
0.020899900328842255
0.020630254715726815
0.02056402596864583
0.020299110980321892
0.020597140342186324
0.02093301470238275
0.020819479707386773
0.020474144097607352
0.02030857222990489
0.02030384160511339
0.020171384110951422
0.019934852871376474
0.019849701625129494
0.019764550378882514
0.0198213178763805
0.019707782881384524
0.01959897851118005
0.019617901010346047
0.01943813726826909
