0.0
0.0
0.0
0.0
0.0
0.0
0.0
0.0
0.0
0.0
0.0
2.8383748748993554e-05
0.0
0.0
0.0
0.0
0.0
0.0
0.0
0.0
0.00011353499499597422
0.0009745087070487788
0.001159003073917237
0.0011873868226662304
0.0014239180622411768
0.0013671505647431896
0.001461763060573168
0.0014901468093221617
0.0016320655530671295
0.0018875192918080715
0.0019442867893060586
0.0019963236620125467
0.0022044711528384996
0.0022186630272129962
0.0022659692751279856
0.0022754305247109836
0.0022943530238769792
0.0022943530238769792
0.0025734598865754157
0.002280161149502482
0.0028005298765673642
0.0024599248915794414
0.002999216117810319
0.0030938286136402977
0.003500662345709205
0.003883842953820618
0.004418403555259997
0.0048820047848268915
0.005080691026069847
0.005321952890436292
0.005501716632513251
0.005832860367918176
0.006599221584141002
0.006618144083306998
0.00674114032788597
0.007100667812039888
0.007602114039938774
0.007904874026594705
0.00801840902159068
0.008642851494068538
0.009745087070487787
0.010246533298386673
0.009820777067151771
0.0096883195729898
0.009144297721967424
0.010057308306726716
0.010539832035459606
0.011046008888149992
0.011840753853121812
0.013056524424537036
0.015596869937571959
0.0158570543011044
0.016093585540679346
0.017493850478963027
0.017730381718537976
0.01677479551065519
0.016618684892535728
0.01695928987752365
0.01731408673688607
0.020275457856364396
0.020388992851360373
0.020772173459471785
0.020805287833012276
0.01950436601535007
0.019944314120959473
0.020398454100943368
0.020805287833012276
0.020762712209888786
0.020545103469479836
0.021089125320502212
0.019617901010346047
0.01974089725492502
0.01990646912262748
0.0202612659819899
0.020899900328842255
0.021732490292146064
0.022134593399423474
0.022683345875237352
0.022394777762955915
0.02273065212315234
0.02192171528380602
0.022399508387747416
0.022839456493356815
0.02441002392413446
0.024386370800176964
0.02489727827765885
0.025053388895778312
0.02566837011867317
0.025786635738460646
0.027943800643384156
0.02325102085021722
0.02383288769957159
0.02418295393414251
0.02440056267455146
0.02453302016871343
0.024637093914126405
0.024689130786832894
0.02537507138160024
0.02153853467569461
0.021590571548401098
0.02197375215651251
0.02233327964066643
0.02325102085021722
0.023364555845213197
0.023984267692899554
0.03583448279560437
0.036146704031843294
0.03638323527141824
0.036581921512661195
0.036581921512661195
0.03767942646428894
0.0383133301863498
0.03854513080113325
0.03885262141258068
0.03847417142926077
0.03840321205738828
0.03856878392509074
0.03843632643092877
0.0387390864175847
0.03856878392509074
0.039117536400904616
0.03943448826193505
0.03982713011962946
0.04223028751371091
0.042272863136834406
0.042093099394757444
0.04268915811848631
0.04295407310681025
0.04261819874661382
0.04291149748368676
0.04290203623410376
0.04287365248535477
0.042797962488690784
0.04324737184388318
0.04384816119240355
0.043923851189067525
0.04377720182053106
0.04374408744699057
0.043285216842215174
0.04380085494448856
0.04349809495783263
0.04372989557261607
0.04440164429300892
0.044472603664881406
0.044765902401954334
0.04497878051757179
0.04556064736692616
0.045688374236296625
0.04592490547587157
0.046137783591489026
0.04629862483439999
0.04637904545585547
0.04643581295335346
0.04676695668875838
0.04608574671878254
0.04628443296002549
0.04607628546919954
0.04607155484440804
0.046137783591489026
0.04602897922128455
0.04584921547920759
0.045636337363590136
0.045669451737130634
0.04569310486108813
0.04556537799171766
0.04597694234857806
0.04589179110233108
0.0457971786065011
0.04591071360149708
0.04628443296002549
0.046274971710442495
0.04618508983940402
0.04628916358481699
0.04663922981938791
0.051601655225670284
0.051696267721500266
0.051719920845457755
0.05167734522233427
0.05047576652529354
0.050660260892161996
0.05205579520565418
0.05434541760473966
0.05442583822619514
0.05339456202164838
0.053631093261223325
0.05429811135682467
0.05448733634848463
0.05443529947577814
0.05468129196493609
0.054894170080553535
0.05444003010056964
0.05527735068866495
0.05531519568699694
0.05530573443741395
0.05562268629844437
0.055731490668648846
0.055196930067209465
0.05609574877759427
0.05607682627842827
0.056218745022173236
0.0554854981794909
0.05618090002384125
0.056587733755910155
0.05686684061860859
0.05672965249965512
0.05653096625841217
0.05658300313111866
0.05643162313779069
0.05673438312444662
0.056573541881535655
0.05677695874757011
0.05701822061193656
0.05760481808608242
0.0577088918314954
0.05839483242626274
0.058423216175011734
0.05831914242959876
0.05842794679980323
0.058423216175011734
0.05834752617834776
0.05846579179813523
0.05839956305105424
0.05847998367250972
0.058503636796467216
0.05856513491875671
0.058352256803139255
0.05809680306439831
0.05953491300101398
0.05945922300435
0.05928418988706454
0.05962006424726096
0.05944030050518401
0.05961060299767797
0.05961060299767797
0.05950652925226499
0.059482876128307494
0.059411916756435014
0.05922269176477506
0.05962479487205247
0.060197200471823836
0.059648447996009955
0.059478145503515996
0.05997486110662338
0.059979591731414886
0.059345688009354025
0.060272890468487814
0.06015935547349184
0.05602005878093028
0.05572676004385735
0.05590652378593431
0.055248966939915954
0.055442922556367416
0.055343579435745936
0.0554949594290739
0.05535777131012043
0.05483740258305555
0.054979321326800515
0.05513070132012848
0.05510231757137949
0.05532465693657994
0.05523004444074996
0.055310465062205445
0.05537669380928643
0.05554699630178039
0.055849756288436324
0.0554902288042824
0.055343579435745936
0.05530100381262244
0.05533884881095444
0.05476644321118307
0.054790096335140565
0.054624524467438096
0.05476644321118307
0.054572487594731614
0.05439745447744615
0.054335956355156666
0.052912038292915485
0.05277011954917052
0.05254778018397007
0.05250047393605508
0.05350809701664435
0.053985890120585744
0.05361217076205733
0.05378720387934279
0.05389600824954727
0.0541845763618287
0.054170384487454204
0.054591410093897605
0.054539373221191116
0.0541845763618287
0.05382031825288328
0.05458667946910611
0.05523950569033296
0.05464817759139559
0.054738059462434076
0.054591410093897605
0.05465290821618709
0.0545961407186891
0.05478063508555756
0.054591410093897605
0.05404738824287523
0.05399062074537724
0.05387708575038127
0.05396696762141975
0.053933853247879256
0.05390546949913026
0.05360270951247433
0.05343240701998037
0.05352701951581035
0.05360744013726583
0.05362163201164032
0.05338983139685688
0.05334252514894189
0.05341821514560587
0.05310126328457544
0.052964075165621974
0.05290257704333249
0.052088909579194674
0.052306518319603625
0.05238220831626761
0.05262820080542555
0.05320533702998842
0.05324791265311191
0.05351755826622735
0.053228990153945915
0.053262104527486406
0.05323845140352891
0.053347255773733386
0.05333779452415039
0.05309180203499245
0.05294988329124748
0.052807964547502514
0.05322425952915442
0.05292149954249849
0.05282215642187701
0.05321479827957142
0.0532904882762354
0.05315803078207343
0.053063418286243454
0.05289784641854099
0.052926230167289985
0.05268496830292354
0.052694429552506535
0.05263293143021705
0.05252885768480407
0.05325264327790341
0.05300665078874547
0.053096532659783945
0.05308234078540945
0.05315330015728193
0.05296880579041347
0.05268969892771504
0.05237274706668461
0.05223555894773114
0.05262820080542555
0.05322425952915442
0.05325264327790341
0.0533094107754014
0.05335671702331639
0.05333306389935889
0.053314141400192895
0.05319114515561393
0.052959344540830476
0.05333306389935889
0.053143838907698936
0.053181683906030924
0.053129647033324436
0.05309180203499245
0.053011381413536965
0.05271808267646403
0.05251939643522108
0.052391669565850604
0.052003758332947694
0.051866570213994226
0.052273403946063134
0.052268673321271636
0.05222609769814814
0.05215040770148416
0.05215986895106716
0.05219298332460765
0.051719920845457755
0.051601655225670284
0.051696267721500266
0.05192333771149221
0.051786149592538744
0.051431352733176325
0.05135566273651234
0.05125158899109936
0.05142662210838483
0.0511002089977714
0.05100559650194142
0.05087313900777945
0.05084948588382195
0.05083056338465596
0.05058457089549802
0.050508880898834034
0.05037642340467206
0.052826887046668505
0.05278431142354502
0.05245789831293159
0.05237747769147611
0.05212675457752666
0.052088909579194674
0.052036872706488185
0.051634769599210775
0.05171519022066626
0.05159692460087879
0.05149758148025731
0.051615847100044784
0.0515401571033808
0.05143608335796782
0.051615847100044784
0.051199552118392874
0.05162057772483628
0.05145027523234232
0.05140769960921883
0.05139350773484433
0.05114278462089489
0.05083529400944746
0.05122320524235037
0.05128943398943136
0.05139350773484433
0.051213743992767374
0.05101978837631592
0.05117116836964388
0.0515354264785893
0.05147392835629981
0.0510954783729799
0.05157800210171279
0.053446598894354866
0.05333779452415039
0.05341821514560587
0.053096532659783945
0.0528552707954175
0.05268023767813204
0.052779580798753514
0.05265185392938305
0.05256670268313607
0.052491012686472084
0.050371692779880566
0.0502203127865526
0.05011623904113962
0.050286541533633586
0.05007366341801613
0.0497756340561517
0.04999324279656065
0.04990809155031367
0.0497945565553177
0.05003108779489264
0.049922283424688164
0.04997432029739465
0.04993174467427117
0.04982767092885819
0.04967629093553022
0.04950598844303626
0.04947760469428727
0.049397184072831786
0.0493593390744998
0.04917011408283984
0.0493451472001253
0.04923634282992082
0.04900454221513737
0.04868285972931545
0.048607169732651466
0.048422675365783006
0.04831860162037003
0.04787392288996913
0.04782661664205414
0.04768942852310067
0.04739612978602774
0.04730151729019776
0.04719271291999329
0.04699875730354183
0.04697037355479284
0.04678587918792438
0.04676695668875838
0.046454735452519456
0.046407429204604465
0.04721163541915928
0.0471264841729123
