0.0
0.0
0.0
0.0
0.0
0.0
0.0
0.00016084124291096348
0.00048252372873289044
0.0003926418576944109
0.0003926418576944109
5.676749749798711e-05
5.676749749798711e-05
0.000127726869370471
0.0001844943668684581
0.00020341686603445383
0.00020341686603445383
0.00029802936186443236
0.000577136224562869
0.0007190549683078368
0.0006717487203928475
0.0009650474574657809
0.0010785824524617552
0.001154272449125738
0.0022659692751279856
0.002313275523042975
0.002370043020540962
0.0027343011294863793
0.0030512529905168074
0.0031884411094702764
0.0019442867893060586
0.002280161149502482
0.0023369286470004695
0.0026349580088649016
0.002880950498022846
0.003410780474670726
0.0036567729638286696
0.003812883581948134
0.0038318060811141303
0.003997377948816593
0.0017503311728546025
0.0020767442834680287
0.0020909361578425253
0.0029187954963548375
0.003576352342373188
0.003652042339037171
0.004792122913788412
0.004721163541915928
0.00471170229233293
0.005222609769814814
0.0077156490349347484
0.00841105087928509
0.00929094709050389
0.009839699566317766
0.014300678744701253
0.015114346208839068
0.015913821798602387
0.016486227398373757
0.01828859544393485
0.019021842286617182
0.019494904765767075
0.020289649730738893
0.020639715965309814
0.021912254034223026
0.022569810880241375
0.022792150245441827
0.023941692069776064
0.022181899647338466
0.02303814273459977
0.011580569489589371
0.011897521350619798
0.01224285696039922
0.011731949482917337
0.012077285092696758
0.015488065567367483
0.015918552423393885
0.016107777415053842
0.01656664801982924
0.016618684892535728
0.01696875112710665
0.017115400495643113
0.017370854234384055
0.016665991140450715
0.01948071289139258
0.019707782881384524
0.019584786636805553
0.020072040990329942
0.019878085373878487
0.019608439760763048
0.01999162036887446
0.02039372347615187
0.02062079346614382
0.02132092593528566
0.021718298417771568
0.022267050893585445
0.02269753774961185
0.023463898965834673
0.02366258520707763
0.024059957689563538
0.024216068307683
0.024462060796840948
0.024632363289334908
0.025086503269318806
0.025431838879098227
0.025602141371592186
0.026273890091985035
0.026855756941339404
0.027063904432165355
0.02824183000524859
0.028743276233147475
0.029315681832918845
0.03007731242435017
0.02897980747272242
0.029802936186443234
0.03144446298909336
0.03165261047991932
0.032083097335945714
0.03204998296240522
0.0321540567078182
0.033138026664449975
0.033237369785071455
0.03341713352714842
0.033540129771727385
0.03368204851547235
0.03420714786732874
0.03488835783730458
0.035877058418727854
0.03628389215079676
0.03672384025640616
0.037017138993479096
0.03718271086118156
0.03764631209074845
0.03793014957823839
0.039387182014020056
0.03949598638422453
0.03942502701235205
0.039841321994003955
0.04001635511128942
0.04070229570605676
0.04166734316352254
0.04194645002622098
0.04243370437974537
0.043271024967840674
0.043469711209083634
0.043758279321365064
0.0436305524519946
0.04414619055426798
0.04388600619073554
0.04460506115904337
0.04485578427299282
0.04502135614069528
0.045130160510899756
0.04643108232856196
0.04770835102226667
0.046979834804375835
0.048171952251833565
0.05074068151361748
0.048909929719307396
0.04997432029739465
0.05044738277654455
0.05034803965592307
0.050541995272374525
0.05120901336797588
0.0515306958537978
0.05135566273651234
0.051648961473585275
0.05251466581042958
0.049889169051147673
0.050106777791556624
0.050825832759864464
0.05120901336797588
0.05202268083211369
0.05426972760807568
0.05406158011724973
0.054151461988288206
0.05468602258972759
0.055528073802614396
0.055849756288436324
0.056318088142794716
0.057268943725886
0.058153570561896295
0.05735409497213298
0.05854621241959071
0.05876382115999966
0.058602979917088696
0.05849417554688422
0.05872124553687617
0.05972886861746544
0.059142271143319575
0.05913754051852808
0.06149812228948604
0.0612379379259536
0.0612190154267876
0.06240640224945383
0.06225975288091737
0.06251047599486681
0.062467900371743317
0.062179332259461886
0.06228340600487486
0.06395804718106549
0.06522112400039569
0.06491363338894826
0.0647386002716628
0.06467237152458181
0.06438853403709188
0.0643364971643854
0.06465817965020731
0.06575095397704357
0.06584083584808205
0.06585029709766504
0.06631389832723195
0.06682953642950533
0.06929419194587627
0.07246844118097205
0.07274754804367048
0.07317803489969689
0.0735281011342678
0.07371732612592777
0.07423769485299264
0.07428973172569914
0.07426607860174164
0.07421404172903515
0.07346660301197833
0.07326791677073537
0.07390182049279623
0.07327264739552687
0.07306449990470092
0.07293677303533044
0.0713567443549698
0.07169261871516622
0.07169261871516622
0.07166423496641723
0.07172573308870672
0.07208052994806914
0.07255832305201053
0.07217987306869061
0.07253940055284454
0.07256778430159352
0.07306923052949241
0.07404373923654119
0.07376936299863425
0.07345714176239532
0.07388289799363022
0.07345714176239532
0.0735375623838508
0.07362744425488929
0.07378828549780025
0.07368421175238728
0.07342402738885483
0.07373151800030225
0.07349971738551882
0.0735517542582253
0.07422350297861816
0.07408158423487318
0.07376463237384276
0.07369367300197027
0.0709120656245689
0.07123847873518233
0.07130943810705481
0.07121009498643334
0.07146554872517427
0.07165477371683424
0.07166423496641723
0.07212310557119263
0.07215148931994161
0.0718108843349537
0.07168788809037473
0.07184872933328569
0.07195280307869867
0.07143716497642529
0.0704626562693765
0.06992809566793712
0.06980509942335815
0.07139931997809329
0.07174465558787271
0.07188184370682618
0.0722461018157716
0.07245424930659755
0.07255832305201053
0.07247317180576354
0.0713567443549698
0.07151285497308926
0.07163585121766823
0.07174938621266422
0.07163585121766823
0.07154596934662975
0.07215148931994161
0.07187238245724319
0.07171154121433222
0.07164058184245974
0.07169734933995772
0.07200483995140515
0.07198591745223916
0.07248736368013804
0.07250628617930403
0.07269078054617249
0.07263874367346601
0.07285635241387496
0.07279485429158547
0.07281850741554297
0.07215148931994161
0.07191968870515818
0.07147974059954877
0.07139931997809329
0.07604006289855374
0.07598802602584726
0.07606844664730274
0.07632863101083517
0.07625767163896269
0.07674019536769558
0.07641378225708215
0.07553388604586335
0.07537777542774389
0.07503717044275597
0.07458303046277207
0.07423296422820115
0.07376936299863425
0.07358486863176579
0.07342402738885483
0.07322534114761188
0.07282796866512596
0.07340510488968884
0.07308342240386691
0.072667127422215
0.07282796866512596
0.0727002417957555
0.07301719365678593
0.07292731178574745
0.0727002417957555
0.07245897993138906
0.07244005743222305
0.0722413711909801
0.07211837494640112
0.07122901748559933
0.07118644186247584
0.07117224998810134
0.07117224998810134
0.06976725442502617
0.06935095944337426
0.0691570038269228
0.06886370508984986
0.06850890823048744
0.06842848760903196
0.06831968323882749
0.06927053882191878
0.06928946132108477
0.06980036879856666
0.07016935753230356
0.07056673001478948
0.070486309393334
0.07052888501645749
0.06974833192586016
0.06931311444504226
0.06935569006816575
0.06878801509318588
0.06852783072965345
0.068248723866955
0.06816357262070802
0.0677993145117626
0.06778512263738812
0.06796015575467357
0.06771889389030712
0.06822980136778901
0.06821560949341451
0.06884951321547537
0.06861771260069192
0.06821087886862301
0.06834333636278499
0.0674161339036512
0.06746817077635768
0.06749655452510668
0.06713229641616125
0.0682439932421635
0.06808315199925255
0.06795542512988208
0.06825345449174651
0.06853729197923644
0.06814465012154203
0.06818249511987402
0.06801219262738006
0.06837172011153397
0.06809734387362704
0.068277107615704
0.06810680512321003
0.06769997139114113
0.06682007517992233
0.06667815643617736
0.06670654018492636
0.0669525326740843
0.06661665831388788
0.06662611956347088
0.06654096831722389
0.06631389832723195
0.06626186145452545
0.06611521208598899
0.06612467333557198
0.06614832645952948
0.06551915336226012
0.06599221584141002
0.06591652584474604
0.06628551457848295
0.06596856271745252
0.06545292461517914
0.06544819399038763
0.06538196524330665
0.06608682833724
0.06579826022495856
0.06541034899205565
0.06526843024831068
0.0652116627508127
0.06496093963686325
0.06485686589145027
0.06439799528667488
0.06438853403709188
0.06538669586809816
0.06528735274747668
0.06524950774914469
0.0651785483772722
0.06499878463519525
0.06505555213269323
0.06458722027833484
0.0642986521660534
0.0647386002716628
0.06449733840729635
0.06445003215938137
0.06370732406711603
0.06324372283754914
0.06309234284422117
0.06284635035506324
0.0625152066196583
0.06322006971359165
0.06315384096651067
0.06315857159130216
0.06310180409380417
0.06314437971692767
0.06294569347568471
0.06304503659630618
0.06247736162132632
0.06247736162132632
0.06216040976029589
0.06185764977363996
0.061597465410107514
0.06148393041511154
0.06135147292094957
0.0612379379259536
0.06104871293429364
0.060769606071595206
0.06152177541344353
0.061294705423451584
0.06119063167803861
0.06093044731450617
0.06091152481534017
0.061275782924285586
0.061143325430123616
0.06142243229282206
0.06145554666636255
0.06140824041844756
0.060973022937629656
0.06101559856075315
0.06065134045180773
0.060334388590777305
0.06022558422057283
0.06029181296765381
0.06355594407378808
0.06336671908212811
0.06313491846734466
0.06295988535005921
0.06267604786256926
0.06322953096317464
0.06326264533671513
0.06335252720775361
0.06378301406378002
0.0638823571844015
0.06401481467856347
0.06409996592481045
0.06304503659630618
0.06293150160131021
0.06283688910548023
0.06292677097651872
0.06249628412049231
0.0625435903684073
0.06215567913550439
0.06324845346234063
0.06317749409046816
0.06365055656961804
0.06348971532670708
0.06366001781920105
0.0634329478292091
0.06307342034505518
0.06312072659297017
0.06383978156127801
0.06626659207931695
0.06769997139114113
0.06769051014155814
0.0674114032788597
0.06652677644284939
0.06581718272412455
0.0656279577324646
0.06529208337226818
0.06485213526665878
