0.0
0.0
0.0
0.0
0.0
0.0
0.0
0.00011826561978747315
0.00011826561978747315
0.00011826561978747315
0.00023180061478344737
0.0
0.0
9.461249582997852e-06
0.0002743762379069377
0.0002743762379069377
0.00045887060477539584
0.0006149812228948604
0.0010549293285042605
0.0012394236953727185
0.0010312762045467658
0.0064099965924810445
0.015417106195495
0.015436028694660996
0.016590301143786734
0.01665179926607622
0.012824723809753589
0.016528803021497247
0.018529857308301294
0.01902657291140868
0.019324602273273112
0.020294380355530394
0.01995850599533397
0.020762712209888786
0.02110331719487671
0.02110331719487671
0.021339848434451657
0.038611359548214236
0.03885262141258068
0.039018193280283144
0.0400778532335789
0.039741978873382475
0.039302030767773076
0.04003527761045541
0.03532357531812248
0.03545130218749295
0.035754062174148886
0.03603316903684732
0.035891250293102354
0.03601424653768132
0.03677114650432115
0.036898873373691625
0.03854986142592475
0.03871543329362721
0.03907023015298963
0.040144081980659885
0.040763793828346245
0.04137404442644961
0.04240059000620487
0.04348390308345813
0.04726840291665727
0.03717798023639006
0.03543237968832696
0.03593855654101734
0.03652042339037171
0.036917795872857616
0.037991647700527875
0.0401015063575364
0.03532830594291398
0.036411619020167235
0.03870124141925271
0.03890465828528717
0.039268916394232585
0.03968048075109299
0.039306761392564574
0.039723056374216484
0.04045157259210732
0.04075906320355475
0.039571676380888515
0.03991228136587644
0.04086786757375922
0.041151705061249155
0.04564106798838164
0.04593909735024607
0.04604790172045055
0.04641689045418746
0.047921229137884123
0.04791649851309262
0.047940151637050114
0.04973305843302821
0.05037642340467206
0.052320710193978125
0.052576163932719064
0.053347255773733386
0.054993513201175015
0.05557064942573788
0.05571256816948285
0.057344633722549984
0.05806368869085782
0.02625496759281904
0.026453653834061994
0.02681791194300741
0.02757008128485574
0.02770726940380921
0.02827967500358058
0.028639202487734498
0.028601357489402505
0.02880950498022846
0.029102803717301392
0.02916430183959088
0.028615549363777002
0.028525667492738525
0.02876219873231347
0.027910686269843662
0.028203985006916597
0.028487822494406533
0.029386641204791328
0.029571135571659787
0.02973670743936225
0.030148271796222655
0.03047941553162758
0.03074906114474302
0.030503068655585074
0.030838943015781498
0.031066013005773448
0.03125050737264191
0.0312788911213909
0.03223920795406518
0.032631849811759595
0.03212094233427771
0.03242843294572514
0.032787960429879054
0.03974670949817398
0.039656827627135495
0.03381450600963432
0.034561944726691156
0.03504446845542404
0.035243154696667
0.03532830594291398
0.03550806968499094
0.03616562653100929
0.03533303656770548
0.03257508231426161
0.03293934042320702
0.02862501061336
0.02945760057666381
0.029713054315404754
0.033204255411530964
0.03420241724253723
0.034864704713347086
0.03516273407521152
0.03571148655102539
0.03628389215079676
0.036430541519333226
0.03735301335367552
0.03761319771720796
0.03496404783396856
0.035474955311450444
0.03697456337035561
0.03704079211743659
0.03775038583616143
0.03945814138589254
0.04189914377830599
0.04236747563266438
0.04234855313349838
0.042797962488690784
0.043100722475346714
0.043332523090130165
0.045082854262984765
0.04481793927466082
0.04461925303341787
0.04687103043417136
0.046842646685422366
0.0475758935281047
0.04797799663538211
0.04820033600058256
0.04854567161036198
0.04878220284993692
0.048678129104523946
0.0488862765953499
0.049165383458048335
0.04939245344804029
0.049799287180109196
0.05009258591718213
0.050556187146749025
0.05053253402279153
0.05102451900110742
0.0550739338226305
0.055750413167814844
0.056053173154470774
0.05608155690321977
0.05654515813278666
0.056573541881535655
0.056743844374029614
0.05761900996045692
0.05865028616500369
0.05880639678312315
0.05884424178145514
0.05864555554021218
0.059563296749762976
0.05972886861746544
0.05958694987372047
0.059293651136647536
0.05909969552019608
0.0511049396225629
0.051648961473585275
0.05209364020398617
0.05202268083211369
0.052476820812097584
0.05186183958920273
0.05206525645523718
0.05236328581710161
0.053361447648107886
0.05368786075872131
0.05352228889101885
0.054387993227863154
0.054643446966604094
0.05481848008388956
0.05764266308441442
0.05757170371254193
0.056672885002157135
0.05848944492209272
0.05879693553354015
0.058787474283957156
0.05926526738789854
0.05933149613497953
0.058787474283957156
0.05916592426727707
0.059445031129975505
0.05925580613831555
0.057462899342337455
0.05755751183816743
0.057647393709205914
0.06012624109995135
0.06016408609828334
0.061289974798660087
0.061829266024890965
0.06189549477197195
0.06178669040176747
0.062169871009878884
0.06224083038175137
0.062179332259461886
0.06225975288091737
0.0625577822427818
0.06261454974027979
0.0625483209931988
0.06321533908880014
0.06333360470858762
0.06375936093982253
0.06368840156795004
0.06337144970691962
0.06341875595483461
0.06333833533337913
0.06337618033171111
0.06340456408046011
0.06324845346234063
0.063858704060444
0.06373097719107353
0.06347079282754109
0.06326737596150664
0.06339510283087711
0.06330522095983863
0.06330522095983863
0.0642797296668874
0.0634329478292091
0.06292677097651872
0.06304976722109769
0.06336198845733662
0.06274700723444175
0.0625672434923648
0.0625530516179903
0.0625435903684073
0.06262874161465429
0.06263347223944578
0.062401671624662335
0.06287946472860373
0.06281323598152273
0.062349634751955846
0.0625483209931988
0.06265239473861178
0.0625152066196583
0.06320587783921715
0.0629740772244337
0.06327210658629813
0.06323899221275764
0.06283688910548023
0.06324845346234063
0.06249628412049231
0.06276592973360776
0.06241113287424533
0.06289838722776972
0.06313018784255317
0.06266185598819478
0.06260508849069679
0.06277066035839925
0.06287473410381222
0.06279904410714825
0.06260508849069679
0.062046874765299916
0.062169871009878884
0.06197591539342743
0.062046874765299916
0.061999568517384925
0.06205633601488291
0.06207998913884041
0.061796151651350474
0.062169871009878884
0.06148393041511154
0.06295988535005921
0.0630024609731827
0.06336671908212811
0.06302611409714019
0.06307815096984667
0.06306395909547219
0.06332414345900463
0.06332887408379612
0.06327210658629813
0.06325318408713214
0.0634424090787921
0.0634424090787921
0.06319641658963415
0.06329102908546413
0.06304976722109769
0.06307342034505518
0.06290311785256122
0.06586448897203954
0.0656468802316306
0.06553807586142613
0.06515962587810621
0.06500351525998674
0.06492309463853126
0.06459195090312633
0.06490417213936527
0.06460141215270933
0.0643317665395939
0.06439799528667488
0.0639012796835675
0.06349917657629009
0.06633755145118944
0.0665125845684749
0.06682953642950533
0.06696199392366729
0.06673019330888386
0.06670180956013486
0.06658354394034738
0.06659773581472188
0.06681061393033934
0.06667815643617736
0.06702822267074829
0.06705660641949727
0.0669809164228333
0.06670654018492636
0.06638485769910443
0.06619563270744447
0.06626659207931695
0.06680588330554783
0.06678696080638184
0.06670654018492636
0.06687684267742032
0.0669478020492928
0.06671600143450936
0.06728840703428073
0.06715121891532726
0.06684372830387983
0.06704241454512277
0.06705660641949727
0.06701876142116528
0.06671127080971785
0.06736882765573621
0.06726002328553173
0.06671127080971785
0.0678087757613456
0.06773781638947313
0.06771889389030712
0.06735936640615321
0.06714175766574426
0.06679169143117333
0.06675384643284135
0.06615305708432098
0.0660820977124485
0.06644162519660242
0.070457925644585
0.0704342725206275
0.07227921618931209
0.07175884746224721
0.07168788809037473
0.07143243435163378
0.07129524623268031
0.07127159310872282
0.07127159310872282
0.07095937187248388
0.06998013254064361
0.070495770642917
0.07011732065959708
0.0700274387885586
0.06999432441501811
0.07054307689083199
0.07057619126437248
0.07040588877187852
0.0700321694133501
0.06982875254731565
0.07073703250728344
0.07040588877187852
0.07055253814041498
0.06969156442836218
0.06949760881191072
0.06887316633943287
0.06877382321881138
0.06885897446505837
0.06847106323215546
0.06874070884527089
0.06848052448173846
0.06838118136111697
0.06803584575133756
0.06778985326217961
0.06776620013822211
0.06724110078636573
0.06707079829387178
0.06681061393033934
0.0669052264261693
0.06681534455513083
0.06678696080638184
0.06673019330888386
0.06658827456513888
0.06644635582139391
0.06656935206597289
0.06641324144785342
0.066067905838074
0.07107763749227136
0.07110602124102036
0.07099721687081588
0.07078433875519843
0.07094991062290089
0.07076068563124094
0.0731212674021989
0.07225556306535459
0.07208999119765214
0.07209472182244363
0.07198118682744765
0.07221771806702261
0.0722129874422311
0.07192441932994967
0.07147027934996578
0.07121955623601633
0.07058565251395547
0.07065188126103646
0.07077487750561544
0.07055726876520649
0.07018354940667806
0.07016935753230356
0.07029235377688255
0.07061876688749597
0.07059038313874698
0.0705005012677085
0.070476848143751
0.07021666378021856
0.07020247190584407
0.06994228754231162
0.06978617692419216
0.06977671567460916
0.06972467880190267
0.06986186692085614
0.06969156442836218
0.06948341693753622
0.06922796319879529
0.06904346883192683
0.06875017009485389
0.06862244322548341
0.0682345319925805
0.06891574196255636
0.06851836948007045
0.06841902635944896
0.0678608126340521
0.06777566138780511
0.06765266514322614
0.06752966889864717
0.06751547702427267
0.06755332202260467
0.06716068016491025
0.06696199392366729
0.06705660641949727
0.06697618579804179
0.06696199392366729
0.06681534455513083
0.06713229641616125
0.06721744766240824
0.06709445141782927
0.06701876142116528
0.06723637016157423
0.06717014141449325
0.06715594954011875
0.0669809164228333
0.06660719706430487
0.06669707893534335
0.0664700089453514
0.06629497582806596
0.0669478020492928
0.06667342581138587
0.06658354394034738
0.06645581707097692
