0.0
0.0
0.0
0.0
0.0
9.461249582997852e-06
0.00024599248915794413
0.00024599248915794413
0.00024599248915794413
0.00031695186103042805
0.00022233936520044953
0.004385289181719505
0.004442056679217492
0.004569783548587962
0.0048820047848268915
0.005080691026069847
0.005080691026069847
0.005189495396274322
0.005312491640853294
0.005284107892104301
0.006041007858744129
0.006059930357910124
0.0064904172139365265
0.006821560949341452
0.00713378218558038
0.007341929676406333
0.007450734046610809
0.007649420287853763
0.00770618778535175
0.00770618778535175
0.007734571534100744
0.007772416532432736
0.008813153986562499
0.008813153986562499
0.00903076272697145
0.012176628213318236
0.012252318209982219
0.012545616947055152
0.013042332550162539
0.013359284411192968
0.01338766815994196
0.01338766815994196
0.013032871300579542
0.012976103803081554
0.013132214421201018
0.013600546275559412
0.013751926268887379
0.013751926268887379
0.013837077515134358
0.013993188133253823
0.013988457508462324
0.013988457508462324
0.014215527498454273
0.014310139994284252
0.015204228079877547
0.015346146823622515
0.015625253686320954
0.015700943682984934
0.015521179940907976
0.015521179940907976
0.015317763074873522
0.015488065567367483
0.015360338697997012
0.01612196928942834
0.01616454491255183
0.017564809850835514
0.017536426102086517
0.01757427110041851
0.017631038597916496
0.01753169547729502
0.018378477314973326
0.018515665433926798
0.018075717328317396
0.0185014735595523
0.019007650412242685
0.018865731668497716
0.018704890425586755
0.018695429176003756
0.018922499165995706
0.019414484144311593
0.019442867893060586
0.019050226035366175
0.01952328851451607
0.020762712209888786
0.02189806215984853
0.021557457174860607
0.021727759667354567
0.022229205895253453
0.02211094027546598
0.022177169022546964
0.022390047138164417
0.02250831275795189
0.02264077025211386
0.022664423376071354
0.023369286470004694
0.023312518972506708
0.02329359647334071
0.023222637101468227
0.023596356459996644
0.02400792081685705
0.02518111576514878
0.025994783229286597
0.026283351341568034
0.026363771963023516
0.026742221946343427
0.02721528442549332
0.02734774191965529
0.027205823175910325
0.02682264256779891
0.027078096306539852
0.026713838197594434
0.02629754321594253
0.01858189418100778
0.018562971681841785
0.018600816680173778
0.01797164358290442
0.017985835457278918
0.018383207939764827
0.01828859544393485
0.018383207939764827
0.018487281685177805
0.018562971681841785
0.0189319604155787
0.019788203502840006
0.019826048501172
0.02003419599199795
0.020370070352194375
0.01828859544393485
0.01828859544393485
0.01845416731163731
0.01911645478244716
0.020970859700714738
0.02153853467569461
0.021727759667354567
0.022900954615646302
0.022886762741271806
0.023615278959162638
0.02387073269790358
0.024372178925802467
0.02518111576514878
0.025318303884102254
0.025885978859082122
0.02506285014536131
0.025043927646195313
0.025422377629515228
0.025748790740128653
0.025748790740128653
0.02566837011867317
0.025994783229286597
0.026940908187586383
0.026406347586147006
0.02766942440547722
0.027820804398805184
0.027858649397137177
0.027622118157562228
0.027735653152558205
0.027721461278183708
0.025786635738460646
0.025748790740128653
0.0259995138540781
0.027499121912983256
0.027286243797365807
0.027324088795697796
0.02788230252109467
0.027740383777349702
0.027480199413817262
0.02722474567507632
0.026699646323219937
0.026718568822385935
0.02739031754277878
0.027489660663400257
0.0273098969213233
0.027016598184250368
0.02770726940380921
0.027735653152558205
0.027872841271511673
0.028033682514422637
0.028109372511086618
0.03061660365058105
0.029429216827914818
0.029613711194783277
0.03047941553162758
0.03312856541486698
0.03368677914026385
0.03512488907687952
0.0352478853214585
0.034514638478776165
0.034699132845644624
0.03580609904685537
0.03608520590955381
0.036042630286430316
0.03619874090454978
0.036127781532677296
0.036463655892873724
0.035068121579381537
0.034949855959594066
0.0361135896583028
0.03600005466330683
0.03519111782396051
0.03339348040319092
0.0334597091502719
0.033809775384842825
0.034027384125251775
0.03415511099462225
0.034599789725023145
0.031037629257024454
0.03110385800410544
0.03175195360054079
0.031174817375977923
0.030857865514947496
0.03074906114474302
0.032262861078022675
0.03245681669447413
0.03256089043988711
0.03297718542153901
0.03314275728924147
0.03334144353048443
0.03336036602965042
0.033573244145267876
0.03461871222418914
0.035167464700003016
0.03607101403517931
0.03608520590955381
0.03637377402183524
0.037102290239726075
0.037083367740560085
0.037589544593250465
0.035072852204173034
0.03532357531812248
0.03529519156937349
0.03548441656103345
0.0361230509078858
0.03624604715246477
0.03635012089787775
0.036463655892873724
0.03620347152934128
0.03649203964162272
0.03640215777058423
0.0365771908878697
0.036936718372023614
0.03723001710909655
0.03727732335701154
0.03709755961493458
0.03737666647763301
0.03835117518468179
0.038393750807805285
0.038228178940102824
0.0378828433303234
0.038360636434264794
0.0382991383119753
0.03892358078445316
0.038933042034036164
0.03942502701235205
0.039637905127969504
0.03947706388505854
0.03969467262546749
0.03678533837869565
0.03682318337702764
0.03709755961493458
0.03775038583616143
0.03809572144594085
0.03800110895011087
0.03810518269552385
0.03827075456322631
0.038899927660495666
0.03903238515465764
0.03908915265215562
0.039169573273611105
0.0396284438783865
0.03992174261545944
0.04012989010628539
0.0409388269456317
0.04116116631083216
0.04142608129915609
0.04092936569604871
0.04078271632751224
0.04079217757709524
0.04102397819187869
0.04131254630416012
0.040811100076261236
0.04099086381833819
0.04147811817186258
0.04186129877997399
0.042088368769965946
0.042173520016212926
0.042410051255787874
0.04237220625745588
0.04246681875328586
0.04255196999953284
0.04372989557261607
0.04390019806511004
0.04383396931802905
0.04346024995950063
0.04347917245866663
0.04329467809179817
0.04379139369490556
0.04262292937140532
0.04241951250537087
0.04241951250537087
0.040763793828346245
0.04085840632417623
0.04087259819855072
0.04107128443979367
0.041402428175198604
0.04149704067102858
0.041468656922279586
0.041298354429785626
0.04158219191727556
0.04158219191727556
0.041435542548739095
0.041454465047905086
0.04197483377496997
0.04180453128247601
0.0422681325120429
0.04258508437307333
0.04290676685889526
0.04311018372492971
0.04307233872659772
0.04325683309346618
0.04427391742363845
0.04387181431636104
0.04387654494115254
0.04409888430635299
0.04418403555259997
0.04408942305676999
0.04441583616738342
0.044472603664881406
0.044524640537587895
0.04421714992614046
0.04458613865987738
0.044694943030081855
0.04408469243197849
0.04407996180718699
0.04349809495783263
0.04311964497451271
0.043062877477014726
0.04337982933804515
0.043351445589296156
0.04356432370491361
0.04351701745699862
0.04394750431302502
0.04400427181052301
0.04393331243865053
0.04386708369156954
0.04369678119907558
0.043351445589296156
0.043351445589296156
0.043370368088462154
0.04334198433971316
0.04387654494115254
0.04386235306677804
0.04388127556594404
0.04394750431302502
0.04400427181052301
0.04426918679884695
0.04422661117572346
0.04427391742363845
0.04426918679884695
0.04396642681219102
0.04400427181052301
0.044846323023409816
0.04485578427299282
0.04523423425631273
0.04546130424630468
0.04594855859982907
0.045688374236296625
0.045650529237964636
0.04570729673546262
0.04559376174046665
0.045352499876100204
0.045655259862756134
0.045787717356918105
0.0458302929800416
0.04569783548587963
0.045754602983377614
0.046610846070638916
0.04650204170043444
0.046979834804375835
0.04695145105562684
0.04683318543583937
0.04671965044084339
0.04695145105562684
0.046710189191260396
0.04671965044084339
0.04744816665873423
0.04744343603394273
0.04742451353477673
0.047244749792699776
0.04721636604395078
0.04729205604061476
0.04732517041415526
0.04732517041415526
0.04733936228852975
0.04739139916123624
0.04739612978602774
0.04732517041415526
0.04770362039747517
0.04766104477435168
0.04739612978602774
0.04739139916123624
0.04698456542916733
0.047079177924997315
0.04722582729353378
0.04731097853978076
0.04744816665873423
0.04737247666207024
0.04700348792833333
0.04697510417958434
0.046795340437507375
0.04640269857981297
0.04663922981938791
0.04652096419960044
0.04659665419626442
0.046591923571472925
0.04659665419626442
0.04647365795168545
0.04643108232856196
0.046842646685422366
0.04676695668875838
0.04683791606063087
0.04677168731354988
0.04686629980937986
0.04685683855979686
0.04673384231521789
0.047329901038946756
0.047098100424163306
0.047736734771015664
0.04779823289330515
0.04797326601059061
0.048432136615366
0.048451059114532
0.04827602599724654
0.049302571577001804
0.04949179656866176
0.04964790718678123
0.04984186280323268
0.04955802531574275
0.04947760469428727
0.04963844593719823
0.04961006218844924
0.049666829685947225
0.049699944059487716
0.049766172806568705
0.049652637811572725
0.049799287180109196
0.05018246778822061
0.049718866558653714
0.049737789057819705
0.049501257818244764
0.0493309553257508
0.049179575332422835
0.049302571577001804
0.04957694781490875
0.049496527193453266
0.049600600938866236
0.049704674684279214
0.05005947154364163
0.04986078530239868
0.05001216529572665
0.05005001029405864
0.05040007652862956
0.050669722141745
0.050797449011115464
0.05073595088882598
0.05072175901445149
0.050589301520289516
0.05080217963590697
0.05083529400944746
0.05093936775486044
0.0515448877281723
0.05127524211505686
0.0515401571033808
0.0515306958537978
0.0515306958537978
0.05145973648192532
0.05144081398275932
0.05158746335129579
0.05157800210171279
0.051114400872145895
0.051298895239014354
0.051478658981091316
0.051469197731508314
0.05125158899109936
0.05115224587047789
0.05135093211172084
0.051516503979423305
0.0515590796025468
0.05166315334795977
0.05158746335129579
0.051379315860469836
0.05156854085212979
0.052036872706488185
0.051989566458573194
0.051989566458573194
0.05212675457752666
0.052069987080028676
0.05215040770148416
0.052003758332947694
0.052136215827109665
0.052169330200650156
