0.0
0.0
0.0
0.0
0.0
0.0
0.0
0.0
2.8383748748993554e-05
2.8383748748993554e-05
0.00016084124291096348
0.0002932987370729334
0.002691725506362889
0.0027295705046948802
0.00286202799885685
0.0029755629938528244
0.0030134079921848157
0.0031742492350957793
0.0009697780822572798
0.001348228065577194
0.001343497440785695
0.0013624199399516906
0.0015800286803606413
0.0017976374207695918
0.0008420512128868088
0.001088043702044753
0.0016557186770246241
0.001986862412429549
0.0027106480055288846
0.002923526121146336
0.003850728580280126
0.004380558556928005
0.004479901677549483
0.004877274160035393
0.0053976428871002746
0.005709864123339204
0.006395804718106548
0.00674114032788597
0.0070770146880823935
0.007611575289521772
0.008079907143880165
0.007762955282849738
0.009877544564649758
0.01048779516275312
0.01197794197207528
0.014674398103229668
0.015223150579043544
0.025800827612835142
0.025535912624511204
0.028662855611691993
0.02255088838107538
0.03065917927370454
0.03090990238765398
0.03736247460325852
0.03999743261212342
0.040375882595443335
0.04157746129248406
0.044524640537587895
0.044609791783834875
0.044780094276328834
0.04880112534910292
0.04898561971597138
0.04908496283659285
0.05433122573036517
0.056791150621944606
0.061479199790320044
0.05083529400944746
0.05321952890436292
0.05497459070200902
0.057666316208371905
0.05915646301769407
0.058267105556892275
0.053763550755385296
0.054591410093897605
0.05737301747129898
0.05810626431398131
0.04863555348140046
0.04974251968261121
0.051081286498605404
0.05351282764143585
0.05456775696994011
0.05558957192490388
0.05580245004052133
0.05500297445075801
0.055698376295108355
0.05616670814946675
0.05503608882429851
0.022867840242105808
0.023265212724591717
0.022536696506700885
0.022829995243773816
0.022626578377739362
0.023184792103136235
0.024509367044755936
0.025379802006391738
0.025933285106997113
0.026236045093653043
0.028336442501078567
0.024760090158705377
0.026430000710104498
0.04396642681219102
0.04459086928466888
0.04488889864653331
0.044680751155707354
0.04831387099557853
0.048711243478064443
0.05071702838965999
0.053328333274567395
0.05444476072536114
0.0550550113234645
0.056119401901551756
0.056067365028845274
0.05647419876091418
0.056942530615272574
0.057207445603596516
0.05723582935234551
0.05641743126341619
0.05678641999715311
0.0563795862650842
0.05220244457419065
0.05289784641854099
0.053678399509138316
0.05115697649526939
0.05131308711338885
0.05162530834962778
0.05186183958920273
0.05436434010390566
0.055050280698673
0.05518273819283497
0.05598221378259829
0.05602952003051328
0.05778931245295088
0.05763793245962291
0.05877801303437415
0.0572547518515115
0.05695199186485557
0.05878274365916566
0.051062363999439406
0.05474752071201707
0.060017436729746874
0.06156908166135852
0.05171519022066626
0.05211729332794367
0.052675507053340544
0.0524342451889741
0.05265185392938305
0.050773795887157976
0.05238693894105911
0.04925053470429532
0.046374314831063974
0.047514395405815216
0.04795907413621611
0.04779823289330515
0.049449220945538275
0.05029600278321658
0.05107182524902241
0.05148812023067431
0.05162530834962778
0.05189022333795172
0.05441164635182065
0.053399292646439875
0.05703241248631105
0.057410862469630966
0.05646946813612268
0.056791150621944606
0.057850810575240365
0.05827183618168377
0.05896723802603411
0.05920849989040056
0.06029181296765381
0.06050942170806276
0.06383032031169501
0.06445003215938137
0.06585502772245655
0.06545292461517914
0.06768577951676663
0.06795069450509057
0.06907658320546732
0.06912388945338231
0.06906239133109282
0.07156489184579576
0.07342875801364633
0.07359906050614029
0.07497094169567498
0.07521693418483293
0.07481956170234702
0.07786135344328082
0.07781877782015734
0.07992390585237436
0.08069499769338868
0.0828001257256057
0.08418619878951489
0.0845268037745028
0.08461668564554128
0.08430446440930237
0.08395439817473144
0.08348133569558155
0.08239802261832829
0.08299881196684866
0.08122009704524506
0.08217095262833635
0.0836421769384925
0.08381247943098648
0.08258251698519675
0.0832211513320491
0.08319276758330012
0.08306504071392964
0.08246898199020078
0.08249263511415827
0.08287581572226968
0.08338672319975157
0.08416254566555739
0.0845646487728348
0.08620617557548493
0.08620617557548493
0.08526951186676814
0.08576622746987553
0.08894047670497131
0.08919593044371225
0.09044008476387647
0.09164166346091719
0.09198699907069662
0.0920816115665266
0.09239856342755702
0.09261144154317448
0.09302773652482638
0.09211945656485859
0.09263036404234047
0.09409685772770514
0.094740222699349
0.09521801580329038
0.09623983075825415
0.09386505711292169
0.09430027459373959
0.0942908133441566
0.09481591269601297
0.09518017080495839
0.09606479764096869
0.09667031761428055
0.09676493011011053
0.09717649446697094
0.09719068634134544
0.09767794069486982
0.09790028006007027
0.09790974130965327
0.09785297381215528
0.09765901819570383
0.0973893725825884
0.09723326196446892
0.09833549754088818
0.0981841175475602
0.09786243506173828
0.09781985943861479
0.0977867450650743
0.09761644257258034
0.09754548320070786
0.09767794069486982
0.09797123943194276
0.09874706189774858
0.09897886251253203
0.09930527562314545
0.09987768122291682
0.10033655182769222
0.09983510559979333
0.09990133434687432
0.09968845623125687
0.09978306872708685
0.09977360747750384
0.09860514315400361
0.10031762932852623
0.0999959468427043
0.09946611686605641
0.09986821997333382
0.09982564435021034
0.09971683998000586
0.09933365937189445
0.10004325309061929
0.10019463308394726
0.10073392431017814
0.09926270000002196
0.09980672185104435
0.10060146681601616
0.10047373994664568
0.10116441116620453
0.09847741628463315
0.0981841175475602
0.09918701000335799
0.09925323875043897
0.09769213256924432
0.09813208067485372
0.09861460440358662
0.09730422133634141
0.09746506257925237
0.09785297381215528
0.09808477442693873
0.09791920255923627
0.09753129132633336
0.09808477442693873
0.09836388128963718
0.09679331385885953
0.09631552075491813
0.09699200010010248
0.09706769009676647
0.09722380071488593
0.09720014759092843
0.09800908443027474
0.09826453816901569
0.0981699256731857
0.09767794069486982
0.0982456156698497
0.09584245827576825
0.09669397073823804
0.09719541696613693
0.09706769009676647
0.0973136825859244
0.09848687753421614
0.0986571800267101
0.09863825752754411
0.0973657194586309
0.09707242072155796
0.09589922577326623
0.09655678261928458
0.09664666449032305
0.09700619197447698
0.096902118229064
0.09694469385218749
0.0969068488538555
0.09702038384885148
0.09677439135969353
0.09621617763429666
0.09593707077159822
0.09810842755089623
0.09802800692944075
0.09805639067818973
0.09860514315400361
0.09842064878713516
0.09919174062814948
0.09909712813231951
0.09930527562314545
0.09939515749418393
0.09927689187439646
0.09798543130631726
0.09800435380548325
0.0987186781489996
0.09868556377545909
0.09802800692944075
0.09799489255590026
0.0978245900634063
0.09682642823240002
0.09650001512178659
0.09676019948531903
0.09683588948198302
0.09681696698281703
0.09700146134968547
0.09706769009676647
0.09707242072155796
0.09678385260927652
0.09845849378546714
0.09848214690942464
0.09908293625794501
0.09906874438357051
0.09875652314733158
0.09827873004339019
0.09836388128963718
0.0986524494019186
0.09876125377212308
0.09892209501503405
0.09871394752420809
0.09860987377879511
0.09904036063482151
0.0991160506314855
0.09946138624126492
0.09916335687940049
0.09904509125961301
0.1000006774674958
0.10024666995665374
0.10049739307060318
0.10054942994330968
0.10019936370873875
0.09949450061480541
0.09923904687606447
0.0991255118810685
0.09876598439691457
0.09769213256924432
0.09576203765431276
0.09576203765431276
0.09569580890723177
0.0955633514130698
0.09483956581997047
0.09492471706621745
0.09461722645477003
0.09518017080495839
0.09532682017349486
0.09583299702618524
0.09569107828244028
0.09569580890723177
0.09584245827576825
0.09588503389889173
0.09579515202785326
0.09600329951867921
0.09595126264597272
0.09579042140306175
0.09596545452034722
0.09629659825575214
0.09535520392224385
0.09563904140973378
0.09525113017683087
0.09552550641473781
0.09531735892391185
0.0938082896154237
0.09358121962543176
0.09327845963877582
0.09330211276273331
0.09308450402232436
0.09302773652482638
0.09342037838252079
0.0933636108850228
0.09340618650814629
0.09361433399897225
0.09369002399563622
0.09319803901732034
0.09307031214794988
0.09295677715295389
0.09281485840920893
0.09290947090503891
0.09336834150981431
0.0933778027593973
0.09302300590003489
0.09306558152315837
0.09307504277274137
0.09249790654817851
0.09261144154317448
0.09275336028691944
0.0925546740456765
0.09241275530193152
0.09216203218798208
0.09020355352430152
0.0907002691274089
0.09079961224803039
0.09094153099177535
0.09094626161656685
0.09083745724636237
0.09084691849594538
0.0907901509984474
0.09066242412907692
0.09037858664158697
0.09024612914742501
0.09016570852596953
0.09016570852596953
0.09045900726304246
0.09002378978222456
0.08948922918078518
0.08962168667494716
0.08996229165993508
0.08990552416243709
0.08903035857600979
0.08905874232475879
0.08872759858935386
0.08789973925084155
0.08775782050709657
0.08841537735311493
0.0884910673497789
0.0885289123481109
0.08728948865273818
0.08713337803461872
0.08690630804462678
0.0867596586760903
0.0867785811752563
0.08679277304963079
0.08705768803795473
0.0872232599056572
0.08781931862938606
0.08822615236145497
0.08851945109852791
0.08842010797790642
0.08819303798791447
0.08817884611353997
0.08802746612021202
0.08799435174667153
0.08815046236479099
0.08842010797790642
0.0880889642425015
0.08789973925084155
0.08796123737313102
0.08804638861937801
0.08814100111520799
0.08804638861937801
0.08797542924750552
0.08790920050042454
0.08794704549875654
0.0876348242625176
0.08769159176001559
0.0876064405137686
0.0876348242625176
0.08685900179671179
0.08683534867275429
0.08679277304963079
0.08673127492734131
0.0863055186961064
0.08622982869944243
