0.0
0.0
0.0
0.0
9.461249582997852e-05
9.461249582997852e-05
0.00020814749082595274
0.00020814749082595274
0.00020814749082595274
0.0009082799599677937
0.00114481119954274
0.0011968480722492282
0.001272538068913211
0.0013671505647431896
0.001721947424105609
0.001792906795978093
0.002034168660344538
0.002242316151170491
0.002242316151170491
0.002483578015536936
0.0025214230138689278
0.0025923823857414113
0.0029140648715633385
0.002989754868227321
0.0027721461278183705
0.00281945237573336
0.0030275998665593128
0.0036851567125776633
0.003325629228423745
0.002630227384073403
0.003131673611972289
0.0032972454796747516
0.00339185797550473
0.0038318060811141303
0.005951125987705649
0.006395804718106548
0.006849944698090445
0.006991863441835413
0.0059558566124971474
0.0050428460277378555
0.006140350979365606
0.007114859686414385
0.008212364638042136
0.008406320254493591
0.010047847057143719
0.011112237635230978
0.011088584511273482
0.01096558826669451
0.008571892122196055
0.00686886719725644
0.007346660301197832
0.007446003421819309
0.010695942653579071
0.011329846375639928
0.009437596459040357
0.015043386836966585
0.015880707425061896
0.01731408673688607
0.017981104832487417
0.01899345853786819
0.02003419599199795
0.0207059447123908
0.021112778444459707
0.02251304338274339
0.02303814273459977
0.023577433960830646
0.023648393332703133
0.023988998317691055
0.024693861411624395
0.02461817141496041
0.02493039265119934
0.025564296373260197
0.03167153297908531
0.0321587873326097
0.032518314816763615
0.0325892741886361
0.03183237422199627
0.03252777606634662
0.033322521031318435
0.0343537972358652
0.0339185797550473
0.03401792287566878
0.034164572244205244
0.03280688292904505
0.028298597502746575
0.028672316861274992
0.029183224338756874
0.029315681832918845
0.02960898056999178
0.028047874388797134
0.023473360215417672
0.02400792081685705
0.024116725187061525
0.024447868922466448
0.02110804781966821
0.021491228427779622
0.022971913987518786
0.02338347834437919
0.023709891454992617
0.02558321887242619
0.025531181999719703
0.025867056359916128
0.02585759511033313
0.02576771323929465
0.025606871996383687
0.022735382747943837
0.02366258520707763
0.02140134655674114
0.022172438397755467
0.02254615775628388
0.021472305928613624
0.023752467078116107
0.02091409220321675
0.0237808508268651
0.024102533312687028
0.024253913306014993
0.03003473680122668
0.030663909898496038
0.030990323009109463
0.028085719387129122
0.028185062507750602
0.027518044412149254
0.028185062507750602
0.029254183710629357
0.02942448620312332
0.03153434486013184
0.03187021922032827
0.03212567295906921
0.032466277944057126
0.03266023356050859
0.03324210040986295
0.03400846162608578
0.03289676480008353
0.033842889758383315
0.03150123048659135
0.03177087609970679
0.03220609358052469
0.03202632983844773
0.032215554830107684
0.03281634417862805
0.033540129771727385
0.044108345555935985
0.04258981499786483
0.04424553367488945
0.044879437396950314
0.04641215982939596
0.04718798229520179
0.04739139916123624
0.047637391650394184
0.048597708483068464
0.048157760377459065
0.04804422538246309
0.047467089157900225
0.04764212227518568
0.04848417348807249
0.04880585597389442
0.049080232211801356
0.04954383344136825
0.05113805399610339
0.05032911715675707
0.050977212753192426
0.04983240155364969
0.05090152275652844
0.0515259652290063
0.04741032166040224
0.048072609131212085
0.04873489660202194
0.04900454221513737
0.0511096702473544
0.051852378339619726
0.0532857576514439
0.05379666512892579
0.054335956355156666
0.05437853197828015
0.05398115949579425
0.05408050261641572
0.05575514379260634
0.05634647189154371
0.056403239389041696
0.056705999375697626
0.057779851203367885
0.05881112740791465
0.06023031484536433
0.06067972420055672
0.053484443892686855
0.05411361698995622
0.054861055707013044
0.054960398827634524
0.055050280698673
0.055849756288436324
0.05635120251633521
0.05533884881095444
0.05294042204166448
0.05357905638851684
0.056720191250072126
0.05669653812611463
0.05778458182815938
0.05824818305772628
0.059880248610793406
0.059695754243924946
0.06012624109995135
0.06106290480866814
0.061947531644678436
0.06215567913550439
0.06269970098652676
0.06269023973694376
0.061479199790320044
0.05965790924559296
0.059899171109959404
0.059799827989337924
0.06022558422057283
0.059918093609125395
0.060499960458479767
0.06110548043179163
0.0620941810132149
0.06250101474528381
0.06322006971359165
0.06328156783588114
0.06435541966355139
0.06488524964019927
0.06481429026832679
0.06565634148121359
0.06645108644618541
0.06632809020160645
0.06665450331221986
0.06679169143117333
0.06702822267074829
0.06758170577135365
0.06831495261403599
0.06843794885861497
0.06863190447506642
0.0687028638469389
0.0625199372444498
0.06271862348569276
0.06140350979365606
0.06396277780585698
0.06357013594816256
0.06349917657629009
0.0634613315779581
0.06372624656628204
0.0634424090787921
0.06398170030502297
0.06497513151123775
0.06480482901874379
0.06506501338227623
0.06544346336559614
0.06689576517658631
0.06720798641282524
0.0674019420292767
0.0665220458180579
0.06713229641616125
0.06732625203261272
0.06753439952343866
0.0678324288853031
0.06764320389364314
0.06790338825717558
0.06802165387696306
0.06789392700759259
0.06717487203928475
0.06795069450509057
0.06680115268075633
0.06632335957681494
0.06641324144785342
0.06655989081638988
0.06488524964019927
0.06356540532337107
0.06387762655961
0.06393912468189948
0.06501297650956973
0.0599228242339169
0.058021113067734324
0.05767577745795491
0.05777038995378488
0.05784134932565737
0.059482876128307494
0.05987551798600191
0.060604034203892744
0.06094936981367216
0.06249155349570081
0.0625530516179903
0.06260508849069679
0.06279431348235674
0.062486822870909314
0.0634424090787921
0.06367420969357554
0.06364109532003505
0.06442637903542388
0.06576041522662657
0.06589287272078855
0.0665031233188919
0.06639431894868743
0.06509339713102522
0.0655995739837156
0.066096289586823
0.06642743332222792
0.06679642205596484
0.0661010202116145
0.06419930904543192
0.06453045278083686
0.06775673888863912
0.06785608200926059
0.06808788262404404
0.0678513513844691
0.06761482014489414
0.06705187579470578
0.06730732953344672
0.0674161339036512
0.06765266514322614
0.06815884199591653
0.06849944698090445
0.06888262758901587
0.06945030256399573
0.06956856818378321
0.07067080376020246
0.07088841250061141
0.070467386894168
0.07077487750561544
0.07055726876520649
0.07070864875853444
0.06878801509318588
0.06888262758901587
0.0691570038269228
0.06970102567794517
0.07042008064625302
0.07064242001145346
0.07073230188249194
0.07098775562123288
0.07118644186247584
0.07240221243389107
0.07175411683745571
0.07119117248726733
0.07130470748226331
0.07158854496975325
0.07171627183912371
0.06891101133776485
0.06882586009151788
0.06892047258734785
0.06925161632275278
0.06939826569128925
0.0695922213077407
0.06998013254064361
0.06990917316877113
0.07016935753230356
0.07072757125770045
0.07077487750561544
0.070486309393334
0.07059984438832997
0.07124320935997383
0.07081745312873892
0.07031600690084004
0.06992809566793712
0.07065188126103646
0.07099721687081588
0.07110129061622886
0.07114859686414385
0.07123847873518233
0.07112021311539485
0.07124320935997383
0.07117698061289283
0.07117698061289283
0.07134728310538681
0.0713898587285103
0.07183453745891119
0.07201903182577965
0.07186292120766019
0.07183453745891119
0.07208052994806914
0.07232652243722708
0.07261509054950852
0.0731401899013649
0.0730928836534499
0.07294150366012193
0.07298880990803693
0.07323953302198637
0.07323007177240337
0.07319222677407139
0.07409104548445618
0.07406739236049868
0.07407212298529019
0.07411942923320518
0.07349025613593582
0.07318749614927988
0.07349025613593582
0.07391128174237922
0.07393966549112821
0.07326791677073537
0.07330576176906736
0.07386397549446423
0.07393493486633672
0.07419038860507765
0.07448368734215059
0.07506082356671345
0.0749094435733855
0.07508920731546245
0.07546765729878237
0.07471548795693404
0.07498040294525797
0.07521220356004142
0.07492363544775998
0.07526897105753941
0.07555753916982084
0.0753683141781609
0.07522166480962442
0.07511759106421145
0.07520274231045843
0.07525477918316492
0.07518381981129243
0.0761961735166732
0.07629078601250318
0.07645635788020565
0.07651785600249512
0.07668815849498908
0.07671181161894658
0.07653677850166113
0.07820668905306025
0.0784148365438862
0.07852364091409067
0.07911023838823654
0.07899197276844906
0.07886424589907859
0.07953599461947145
0.07957383961780344
0.07946976587239046
0.07966372148884192
0.07735990721538194
0.07810261530764727
0.07761536095412289
0.07765320595245487
0.07781404719536583
0.07715649034934749
0.077057147228726
0.07762955282849737
0.07729840909309245
0.07727948659392646
0.07735990721538194
0.07746398096079492
0.07731260096746695
0.07743086658725443
0.07735990721538194
0.07748290345996091
0.0783722609207627
0.07862298403471216
0.0783959140447202
0.07847633466617568
0.0788074784015806
0.0788831683982446
0.0788500540247041
0.07888789902303608
0.079266349006356
0.07937988400135197
0.07915754463615153
0.07914335276177703
0.07903454839157256
0.07907712401469605
0.07979144835821239
0.07995702022591485
0.0797536033598804
0.07999013459945534
0.08006582459611933
0.08028343333652828
0.08032127833486026
0.07999959584903833
0.08012259209361731
0.0801509758423663
0.08027397208694527
0.08028816396131977
0.08028816396131977
0.0802030127150728
0.08009420834486831
0.0801509758423663
0.08045373582902224
0.0801604370919493
0.0801698983415323
0.08002797959778733
0.07997121210028935
0.07976306460946339
0.07966845211363341
0.0802030127150728
0.08026924146215378
0.08032600895965177
0.08020774333986429
0.08009420834486831
0.08011786146882581
0.08020774333986429
0.0801557064671578
0.08014624521757481
0.08001851834820434
0.07983402398133588
0.07984821585571038
0.07992863647716586
0.08022666583903029
0.08019828209028129
0.08019828209028129
0.08256832511082225
0.08253048011249026
0.08251155761332427
0.08271970510415022
0.08268659073060973
0.0827953951008142
0.0827859338512312
