0.0
0.0
0.0
0.0
0.0
0.0
0.0
0.0
2.8383748748993554e-05
2.8383748748993554e-05
2.8383748748993554e-05
2.8383748748993554e-05
2.8383748748993554e-05
2.8383748748993554e-05
2.8383748748993554e-05
2.8383748748993554e-05
2.8383748748993554e-05
2.8383748748993554e-05
2.8383748748993554e-05
2.8383748748993554e-05
2.8383748748993554e-05
2.8383748748993554e-05
2.8383748748993554e-05
2.8383748748993554e-05
2.8383748748993554e-05
2.8383748748993554e-05
2.8383748748993554e-05
2.8383748748993554e-05
2.8383748748993554e-05
2.8383748748993554e-05
2.8383748748993554e-05
2.8383748748993554e-05
8.515124624698066e-05
0.00011353499499597422
0.00011353499499597422
0.0003784499833199141
0.00045413997998389687
0.0005487524758138754
0.000577136224562869
0.000577136224562869
0.000577136224562869
0.000577136224562869
0.0006055199733118625
0.0006339037220608561
0.0007001324691418411
0.0007190549683078368
0.0007616305914313271
0.0009461249582997852
0.001159003073917237
0.001348228065577194
0.0014333793118241746
0.0014002649382836821
0.001598951179526637
0.001598951179526637
0.001395534313492183
0.001395534313492183
0.0008562430872613056
0.0009035493351762948
0.0009745087070487788
0.0009745087070487788
0.0011353499499597423
0.0011353499499597423
0.0012583461945387144
0.0013624199399516906
0.0013624199399516906
0.001854404918267579
0.002384234894915459
0.002426810518038949
0.0030134079921848157
0.00356689109279019
0.0037419242100756507
0.0037419242100756507
0.003637850464662674
0.003637850464662674
0.0030796367392658007
0.004191333565268049
0.004342713558596014
0.0044373260544259925
0.004475171052757984
0.004617089796502952
0.004702241042749932
0.00524153226898081
0.005288838516895799
0.0044467873040089905
0.004503554801506978
0.004503554801506978
0.0036662342134116677
0.0037419242100756507
0.003817614206739633
0.004186602940476549
0.004158219191727556
0.004214986689225543
0.004593436672545457
0.004602897922128455
0.004716432917124429
0.004787392288996913
0.004957694781490874
0.004967156031073872
0.005203687270648819
0.005222609769814814
0.005383451012725778
0.005269916017729803
0.005269916017729803
0.005250993518563808
0.005227340394606313
0.005246262893772309
0.0055301003812622445
0.005780823495211688
0.00735612155078083
0.007365582800363828
0.007389235924321323
0.007758224658058238
0.007956910899301194
0.008042062145548175
0.008004217147216183
0.00806098464471417
0.008647582118860037
0.008552969623030059
0.008581353371779052
0.009011840227805453
0.010852053271698536
0.010951396392320014
0.01105547013773299
0.011590030739172369
0.011807639479581319
0.011836023228330312
0.011244695129392947
0.01122577263022695
0.011169005132728964
0.01122577263022695
0.011831292603538815
0.011769794481249329
0.011656259486253354
0.011637336987087358
0.012796340061004595
0.013733003769721383
0.013733003769721383
0.01378977126721937
0.013912767511798341
0.014054686255543309
0.014087800629083802
0.014797394347808641
0.015601600562363458
0.015317763074873522
0.015265726202167035
0.015407644945912001
0.015648906810278446
0.015998973044849367
0.016055740542347353
0.017247857989805084
0.018089909202691892
0.017962182333321423
0.018955613539536197
0.01946179039222658
0.01948071289139258
0.02180344966401855
0.022087287151508487
0.022574541505032877
0.02269753774961185
0.023549050212081653
0.023378747719587693
0.02395588394415056
0.024031573940814545
0.024424215798508956
0.02443367704809195
0.025214230138689276
0.025086503269318806
0.025833941986375637
0.02666180132488795
0.026690185073636942
0.026529343830725978
0.02757481190964724
0.028151948134210108
0.028431054996908546
0.028998729971888418
0.029396102454374327
0.030242884292052633
0.031080204880147944
0.030938286136402975
0.030952478010777475
0.030697024272036532
0.03073486927036852
0.030805828642241007
0.029547482447702292
0.02973197681457075
0.029831319935192228
0.02999689180289469
0.03056929740266606
0.030900441138070986
0.030957208635568972
0.03333198228090143
0.03342659477673141
0.034552483477108153
0.03508231345375604
0.0352384240718755
0.03541345718916096
0.03508231345375604
0.03513908095125402
0.035186387199169014
0.03574933154935738
0.03578717654768938
0.036146704031843294
0.03608520590955381
0.0361183202830943
0.037054983991811084
0.037452356474297
0.037518585221377986
0.038024762074068366
0.03810045207073235
0.03793014957823839
0.037674695839497445
0.03764631209074845
0.037324629604926524
0.037239478358679544
0.037102290239726075
0.03860662892342274
0.03870124141925271
0.038914119534870166
0.039519639508182026
0.03957640700568001
0.04018192697899188
0.04127943193061963
0.0414071587999901
0.04210256064434044
0.042178250641004424
0.04249993312682635
0.04293988123243575
0.043133836848887205
0.04499297239194629
0.04508758488777626
0.045115968636525255
0.04590125235191408
0.04586340735358209
0.04592490547587157
0.04592490547587157
0.04574514173379461
0.045702566110671125
0.045749872358586116
0.047367746037278745
0.04804422538246309
0.0480063803841311
0.04814829912787607
0.04900454221513737
0.04943975969595528
0.049316763451376304
0.050102047166765126
0.05011150841634812
0.05052307277320853
0.05127524211505686
0.051332009612554845
0.05236328581710161
0.05228759582043763
0.05255251080876157
0.052609278306259555
0.05315803078207343
0.05334252514894189
0.053900738874338765
0.05408050261641572
0.05405684949245823
0.05426499698328418
0.05441637697661215
0.05427445823286718
0.05456302634514861
0.05540034693324392
0.05532465693657994
0.055381424434077925
0.055447653181158914
0.055310465062205445
0.05489890070534504
0.05502189694992401
0.055007705075549515
0.055092856321796495
0.05508339507221349
0.05572676004385735
0.056672885002157135
0.05672965249965512
0.056587733755910155
0.05669180750132313
0.059747791116631435
0.059884979235584904
0.059866056736418906
0.05972413799267394
0.05941664738122651
0.055211121941583965
0.055007705075549515
0.05567472317115086
0.055736221293440344
0.05589233191155981
0.0554949594290739
0.05805895806606632
0.05809680306439831
0.05796434557023634
0.05835698742793075
0.05930311238623054
0.05918011614165156
0.05933149613497953
0.059577488624137476
0.059714676743090944
0.059932285483499895
0.06006947360245336
0.06017827797265784
0.06013097172474285
0.06007420422724486
0.06004582047849587
0.06002689797932987
0.05985659548683591
0.05926526738789854
0.05913754051852808
0.059109156769779084
0.06053307483202026
0.06045738483535627
0.06157381228615002
0.06158327353573302
0.06259089661632229
0.06399589217939747
0.06373570781586503
0.06375463031503102
0.06368840156795004
0.063868165310027
0.0643033827908449
0.06481902089311828
0.06511705025498271
0.06550496148788564
0.06541981024163865
0.06555226773580061
0.0660631752132825
0.06689576517658631
0.06699037767241629
0.06690995705096081
0.06689103455179482
0.06661192768909638
0.06658827456513888
0.06670180956013486
0.06683899767908832
0.0669383407997098
0.06724110078636573
0.06730259890865523
0.06710391266741227
0.06705187579470578
0.06644162519660242
0.06652677644284939
0.06644635582139391
0.06688157330221181
0.06680588330554783
0.06685318955346282
0.06686738142783732
0.0670045695467908
0.06718433328886775
0.06734044390698721
0.06734044390698721
0.06757697514656216
0.06760535889531115
0.06751074639948117
0.06837172011153397
0.06859879010152592
0.06861298197590042
0.06836225886195098
0.06857986760235993
0.06858459822715143
0.06859879010152592
0.06894885633609685
0.06898670133442884
0.06894885633609685
0.0695874906829492
0.07144662622600828
0.0713898587285103
0.07143243435163378
0.07182980683411969
0.07190076620599217
0.07183453745891119
0.07146554872517427
0.07107763749227136
0.07082218375353042
0.07065661188582796
0.07073230188249194
0.07068026500978546
0.07053834626604048
0.07019301065626106
0.07020247190584407
0.07020247190584407
0.07025923940334206
0.07271916429492149
0.07265293554784051
0.07258670680075952
0.0735517542582253
0.07352337050947631
0.07318276552448838
0.07285635241387496
0.07276647054283648
0.07329156989469286
0.07295096490970494
0.07250628617930403
0.07227921618931209
0.07207106869848613
0.07208052994806914
0.07243532680743156
0.0721987955678566
0.07270497242054699
0.07208999119765214
0.07199537870182215
0.07198118682744765
0.07193861120432417
0.07176830871183021
0.0705099625172915
0.06978617692419216
0.06986659754564764
0.06982875254731565
0.06955910693420021
0.06945976381357873
0.06965845005482169
0.0696064131821152
0.06945030256399573
0.06924688569796128
0.06919484882525478
0.06907185258067582
0.06897724008484583
0.06905293008150983
0.0691286200781738
0.0692043100748378
0.06922796319879529
0.07013624315876307
0.07028762315209104
0.07012678190918008
0.07165477371683424
0.07160746746891924
0.07165477371683424
0.07258197617596802
0.072686049921381
0.07263874367346601
0.07253940055284454
0.07258670680075952
0.07252993930326153
0.0722413711909801
0.07184872933328569
0.07257724555117652
0.07305503865511792
0.07278066241721097
0.07270497242054699
0.07208052994806914
0.07210891369681813
0.07220352619264811
0.07205687682411165
0.07294150366012193
0.07305503865511792
0.0735612155078083
0.0735612155078083
0.07384032237050674
0.07338618239052284
0.07328683926990136
0.07359432988134879
0.07372205675071926
0.07415727423153716
0.07455464671402308
0.07452153234048259
0.07450260984131658
0.0744316504694441
0.07426607860174164
0.07422823360340965
0.07426607860174164
0.07431811547444812
0.07428973172569914
0.07523112605920743
0.07511759106421145
0.07522166480962442
0.07514597481296044
0.07492836607255149
0.07448368734215059
0.07438907484632061
0.07392074299196222
0.07392074299196222
0.07376936299863425
0.07350444801031031
0.07350917863510181
0.07365109737884679
0.07390655111758772
0.07368894237717877
0.07371259550113626
0.07349025613593582
0.0735375623838508
0.07299354053282843
0.07299354053282843
0.07325845552115237
0.072648204923049
0.07275700929325349
0.07253940055284454
0.07226975493972909
0.07170207996474923
0.07170207996474923
0.07207106869848613
0.07184872933328569
0.07153650809704676
0.07115332748893535
0.07120063373685033
0.07115805811372684
0.07074649375686644
0.07063295876187047
0.07065188126103646
0.07062349751228747
0.07069445688415996
0.07074176313207493
