0.0
0.0
0.0
0.0
0.0
0.0
0.0
0.0
0.0
0.0
0.0
0.0
0.0
0.0
0.0
0.00014191874374496779
0.0001986862412429549
0.00024126186436644522
0.00024126186436644522
0.00024126186436644522
0.00022706998999194844
0.00022706998999194844
0.00022706998999194844
0.00022706998999194844
0.0003973724824859098
0.00171721679931411
0.00171721679931411
0.0017550617976461015
0.0024031573940814545
0.0036615035886201686
0.003718271086118156
0.0025829211361584137
0.002696456131154388
0.0027248398799033812
0.003065444864891304
0.0035385073440411968
0.0035385073440411968
0.0035385073440411968
0.0035952748415391837
0.003718271086118156
0.0037466548348671492
0.0037466548348671492
0.003775038583616143
0.004886735409618391
0.005189495396274322
0.005217879145023315
0.006485686589145028
0.006637066582472993
0.006637066582472993
0.006750601577468968
0.0072189334318273615
0.007455464671402307
0.0070580921889163975
0.005047576652529354
0.005123266649193337
0.0050948829004443435
0.005615251627509225
0.007280431554116847
0.008534047123864063
0.008534047123864063
0.008183980889293141
0.008359014006578602
0.008879382733643484
0.009167950845924918
0.009598437701951321
0.009551131454036332
0.00933825333841888
0.009924850812564747
0.01079055514940905
0.010989241390652006
0.011027086388983996
0.011533263241674382
0.011476495744176394
0.011651528861461855
0.012072554467905259
0.01255507819663815
0.012493580074348663
0.012673343816425623
0.012715919439549113
0.012753764437881105
0.013070716298911532
0.013950612510130333
0.013799232516802366
0.013718811895346886
0.01347755003098044
0.012739572563506607
0.013278863789737486
0.01370462002097239
0.014589246856982688
0.014825778096557635
0.016174006162134828
0.016055740542347353
0.01708701674689412
0.017082286122102622
0.017129592370017613
0.01784391671353395
0.018965074789119196
0.018458897936428808
0.018704890425586755
0.018624469804131273
0.020360609102611376
0.020493066596773347
0.021741951541729063
0.021297272811328163
0.022394777762955915
0.022806342119816324
0.022342740890249426
0.011859676352287808
0.012171897588526737
0.011381883248346415
0.011850215102704809
0.011963750097700784
0.01140553637230391
0.01150014886813389
0.011736680107708836
0.012961911928707057
0.013411321283899455
0.013638391273891404
0.013751926268887379
0.014177682500122281
0.014168221250539284
0.014097261878666799
0.014343254367824744
0.014816316846974636
0.015644176185486948
0.015762441805274422
0.01580974805318941
0.015540102440073972
0.015147460582379561
0.01567255993423594
0.015431298069869497
0.015748249930899925
0.01598478117047487
0.016372692403377784
0.016746411761906197
0.017858108587908445
0.017858108587908445
0.01814194607539838
0.01845416731163731
0.018827886670165727
0.01871435167516975
0.02009096348949594
0.020119347238244933
0.019788203502840006
0.0233503639708387
0.024334333927470475
0.02236639401420692
0.021349309684034652
0.021335117809660156
0.021562187799652105
0.022342740890249426
0.023374017094796192
0.024031573940814545
0.024726975785164886
0.02457559579183692
0.024518828294338935
0.024126186436644523
0.024078880188729532
0.02413564768622752
0.02493985390078234
0.02660030320259846
0.02695510006196088
0.026813181318215914
0.027522775036940752
0.027849188147554178
0.027806612524430688
0.027995837516090645
0.028151948134210108
0.028218176881291093
0.028743276233147475
0.03620820215413278
0.03825656268885182
0.03791595770386389
0.038516747052384254
0.03977036262213147
0.03951490888339053
0.0401015063575364
0.04000216323691492
0.040394805094609326
0.038024762074068366
0.039306761392564574
0.038781662040708195
0.03999743261212342
0.04035222947148584
0.02802422126483964
0.029471792451038308
0.03198848484011574
0.03409361287233276
0.034732247219185115
0.03631700652433725
0.03682791400181914
0.03797272520136188
0.041454465047905086
0.04215459751704693
0.04302503247868273
0.04340821308679414
0.043621091202411595
0.04364474432636909
0.04463817553258387
0.04307706935138922
0.04347444183387513
0.042916228108478255
0.043569054329705106
0.04396169618739952
0.044879437396950314
0.0471454066720783
0.047618469151228186
0.048427405990574504
0.04902819533909487
0.04936880032408279
0.050504150274042536
0.050594032145081014
0.0519848358337817
0.05355540326455934
0.0537446282562193
0.053952775747045253
0.05442583822619514
0.05557064942573788
0.055433461306784414
0.0554996900538654
0.05677695874757011
0.05856513491875671
0.05839010180147124
0.05906185052186409
0.0603391192155688
0.061124402930957625
0.06089733294096567
0.060925716689714665
0.06115278667970662
0.0616920779059375
0.06166842478198
0.06148866103990304
0.06160219603489901
0.06370732406711603
0.06400535342898046
0.06524950774914469
0.06576987647620956
0.06710864329220377
0.0669430714245013
0.06723163953678274
0.06714175766574426
0.06841902635944896
0.06789865763238409
0.0678513513844691
0.06972467880190267
0.06968210317877918
0.06980036879856666
0.07275227866846198
0.0731449205261564
0.07276173991804498
0.07384978362008973
0.07463033671068706
0.0744316504694441
0.07603533227376223
0.07516962793691793
0.0752784323071224
0.07595491165230675
0.07595964227709825
0.07650366412812064
0.07582718478293629
0.07628132476292018
0.07616778976792421
0.0744411117190271
0.07416200485632866
0.07502297856838147
0.07597856477626425
0.0757609560358553
0.07599748727543025
0.07680642411477656
0.07765793657724637
0.07789446781682131
0.07860406153554615
0.07938461462614348
0.0806098464471417
0.08036858458277525
0.08134309328982403
0.08064296082068219
0.08227502637374932
0.0828237788495632
0.08448422815137932
0.08715230053378471
0.08783824112855206
0.08868975359102187
0.08912970169663126
0.090331280393672
0.09105506598677132
0.09120644598009929
0.09131525035030377
0.09168423908404069
0.09094153099177535
0.0911780622313503
0.09194442344757313
0.09272024591337895
0.09203903594340311
0.09215257093839908
0.09298043027691139
0.09430973584332258
0.0937940977410492
0.09419147022353512
0.09349606837918477
0.09304665902399238
0.09391236336083668
0.09236544905401653
0.09232287343089304
0.09275336028691944
0.0934251090073123
0.09316492464377985
0.09342037838252079
0.09395966960875167
0.09328792088835883
0.09256886592005098
0.09263982529192347
0.09170789220799817
0.09231814280610154
0.09273916841254494
0.09286216465712392
0.09004271228139056
0.08999067540868406
0.09056781163324694
0.09179304345424516
0.09179304345424516
0.09187346407570064
0.09188765595007514
0.09133417284946976
0.09059619538199593
0.09022247602346752
0.09025085977221652
0.08979671979223261
0.08795177612354803
0.08814100111520799
0.08895466857934581
0.08890736233143082
0.08845795297623842
0.08808423361771
0.08801800487062902
0.08863771671831537
0.08833968735645094
0.08849579797457041
0.08861879421914938
0.08823088298624647
0.08822615236145497
0.08795650674833953
0.08777201238147107
0.08752128926752163
0.08808423361771
0.08834441798124244
0.08818357673833148
0.088103156116876
0.08858094922081738
0.08832076485728495
0.08816938486395698
0.0876537467616836
0.08737937052377666
0.0867738505504648
0.08670289117859231
0.08674073617692431
0.08745506052044065
0.08770105300959859
0.08737937052377666
0.08700092054045674
0.08729894990232118
0.08761117113856011
0.08786662487730106
0.08786662487730106
0.08790446987563304
0.0876348242625176
0.08690630804462678
0.0871996067816997
0.08711445553545272
0.08720433740649121
0.08717595365774221
0.08708607178670373
0.08710972491066123
0.08710972491066123
0.08694415304295876
0.08731314177669568
0.08693469179337576
0.08673127492734131
0.08701511241483124
0.08696307554212476
0.08650420493734937
0.08663666243151133
0.08666977680505182
0.08654678056047285
0.08526478124197664
0.08532627936426612
0.08525531999239365
0.08526951186676814
0.08436596253159184
0.08434704003242585
0.08383140193015247
0.0837178669351565
0.0828616238478952
0.08327791882954709
0.08297988946768266
0.08263928448269474
0.08243586761666029
0.08291366072060168
0.08252101886290726
0.0823791001191623
0.08214729950437885
0.08217568325312784
0.08154177953106699
0.08123428891961956
0.08089841455942313
0.08054361770006072
0.08069026706859718
0.08042535208027324
0.0801651677167408
0.08048685020256273
0.0801604370919493
0.07953126399467994
0.07940353712530947
0.07922850400802402
0.07914335276177703
0.07864190653387815
0.07880274777678911
0.0788500540247041
0.07914335276177703
0.07877909465283162
0.07804584781014928
0.0779748884382768
0.07668815849498908
0.0766361216222826
0.07697199598247903
0.07673073411811258
0.07610156102084323
0.07603060164897074
0.07629551663729468
0.07594545040272375
0.07566161291523382
0.07610156102084323
0.07599748727543025
0.07593598915314076
0.07585083790689379
0.0757893397846043
0.07562849854169333
0.07550077167232286
0.07521693418483293
0.07511286043941995
0.074866867950262
0.07475333295526602
0.07362744425488929
0.07375990174905125
0.07403427798695819
0.07353283175905931
0.07371259550113626
0.07386870611925574
0.07344294988802083
0.07437015234715462
0.07371732612592777
0.07257251492638503
0.07276173991804498
0.07282796866512596
0.07283269928991747
0.07288946678741545
0.07251574742888704
0.0722319099413971
0.07233598368681007
0.07206633807369464
0.07070391813374295
0.0704626562693765
0.06971048692752817
0.06965845005482169
0.06953545381024272
0.06948341693753622
0.0696253356812812
0.0695780294333662
0.0700463612877246
0.06992809566793712
0.06989498129439663
0.06978144629940065
0.0695969519325322
0.0695732988085747
0.07025450877855055
0.07032073752563153
0.07033019877521453
0.07032073752563153
0.07015516565792908
0.06992336504314563
0.06983821379689864
0.06982875254731565
0.06976252380023466
0.06954491505982571
0.06906239133109282
0.06885897446505837
0.06868867197256441
0.06835279761236798
0.0687123250965219
0.0687312475956879
0.0686981332221474
0.06857986760235993
0.06846633260736396
0.06806896012487805
0.06763847326885164
0.06721744766240824
0.06708025954345477
0.06683426705429683
0.06632335957681494
0.06625713082973396
