0.0
0.0
0.0
0.0
0.0
0.0
0.0
1.4191874374496777e-05
1.4191874374496777e-05
0.0001844943668684581
0.00027910686269843666
0.00027910686269843666
0.00027910686269843666
0.00047779310394139153
0.0006291730972693572
0.0008183980889293142
0.0006764793451843464
0.0008467818376783078
0.0009887005814232755
0.0012015786970407272
0.0015894899299436392
0.0017030249249396134
0.0016178736786926326
0.0016982943001481144
0.0020862055330510263
0.0020672830338850307
0.0021240505313830176
0.002180818028881005
0.002280161149502482
0.0022943530238769792
0.0030843673640572997
0.003273592355717257
0.0031884411094702764
0.0036756954629946657
0.006599221584141002
0.00700605531620991
0.007474387170568303
0.008202903388459137
0.009092260849260935
0.009153758971550421
0.008850998984894491
0.010085692055475711
0.01039318266692314
0.009224718343422906
0.009622090825908815
0.008784770237813506
0.009016570852596953
0.009106452723635432
0.009844430191109265
0.01017084330172269
0.010336415169425153
0.00973562582090479
0.009915389562981748
0.009962695810896737
0.010885167645239028
0.011107507010439478
0.011561646990423375
0.011618414487921362
0.011783986355623825
0.012186089462901234
0.013557970652435922
0.013860730639091854
0.014120915002624294
0.014300678744701253
0.01492985184197061
0.015213689329460546
0.015559024939239968
0.015842862426729904
0.016670721765242216
0.017153245493975105
0.01730462548730307
0.017597924224376005
0.01633484740504579
0.016391614902543778
0.016618684892535728
0.015946936172142878
0.016997134875855642
0.017139053619600608
0.017290433612928573
0.017129592370017613
0.017110669870851615
0.017385046108758552
0.01809937045227489
0.01833117106705834
0.018312248567892344
0.018704890425586755
0.019059687284949174
0.019452329142643585
0.020057849115955446
0.02008623286470444
0.020374800976985876
0.020280188481155897
0.020606601591769323
0.019963236620125467
0.020847863456135766
0.02167099216985658
0.0224610065100369
0.02274011337273534
0.02269753774961185
0.024428946423300454
0.02484524140495236
0.021879139660682532
0.022659692751279856
0.022934068989186793
0.023312518972506708
0.02362000958395414
0.02388019394748658
0.022692807124820347
0.023591625835205143
0.023501743964166665
0.023719352704575616
0.021207390940289686
0.021339848434451657
0.022446814635662404
0.024750628909122382
0.025304112009727757
0.025881248234290624
0.02718217005195283
0.02678479756946692
0.026718568822385935
0.0268699488157139
0.027106480055288845
0.02739031754277878
0.028071527512754626
0.028643933112525995
0.028752737482730474
0.028923039975224434
0.029405563703957326
0.029429216827914818
0.0295096374493703
0.03008204304914167
0.030512529905168072
0.030190847419346144
0.030242884292052633
0.030512529905168072
0.03051726052995957
0.03109439675452244
0.030635526149747044
0.031510691736174344
0.03187968046991126
0.03228178357718867
0.03150123048659135
0.032664964185300085
0.032717001058006574
0.03305760604299449
0.03487416596293008
0.034817398465432095
0.03474643909355961
0.03503973783063254
0.03503027658104955
0.03516273407521152
0.03516273407521152
0.03666234213411668
0.037433433975131
0.037452356474297
0.03765104271553995
0.037944341452612884
0.03738139710242451
0.03769361833866344
0.03792068832865539
0.03848836330363526
0.03798691707573638
0.03936352889006256
0.03492620283563657
0.035474955311450444
0.03573513967498289
0.03673803213078066
0.03716378836201556
0.03749493209742049
0.03778823083449342
0.03775038583616143
0.038114643945106844
0.038512016427592756
0.03813356644427284
0.039169573273611105
0.04004000823524691
0.040092045107953396
0.03990755074108494
0.04011569823191089
0.0400825838583704
0.039633174503178
0.04127470130582813
0.04123212568270464
0.04144027317353059
0.041700457537063036
0.03872016391841871
0.03933041451652207
0.03974670949817398
0.03996431823858293
0.03996431823858293
0.040006893861706416
0.04029546197398785
0.040494148215230806
0.04068337320689076
0.03712121273889207
0.03734828272888402
0.03712121273889207
0.037736193961786936
0.03776457771053593
0.037736193961786936
0.035640527179152906
0.035839213420395866
0.03618454903017528
0.036411619020167235
0.03684210587619364
0.037234747733888046
0.037405050226382006
0.0378686514559489
0.03807206832198336
0.038195064566562326
0.038124105194689846
0.038161950193021835
0.03849782455321826
0.03870124141925271
0.03890465828528717
0.038966156407576655
0.03926418576944109
0.040158273855034385
0.04116116631083216
0.041099668188542667
0.0409388269456317
0.041165896935623655
0.04092463507125721
0.041118590687708664
0.041435542548739095
0.041217933808330144
0.03998797136254042
0.03983186074442096
0.03989808949150194
0.03870124141925271
0.03890465828528717
0.03907496077778113
0.039741978873382475
0.03969940325025899
0.03848363267884376
0.03845051830530327
0.03966155825192699
0.041217933808330144
0.04124631755707914
0.041568000042901065
0.04135985255207511
0.03584867466997886
0.036042630286430316
0.035522261559365435
0.036009515912889825
0.036241316527673276
0.036345390273086246
0.03638323527141824
0.036364312772252244
0.03651096214078871
0.0365677296382867
0.03662449713578469
0.03687048962494263
0.03734828272888402
0.0369887552447301
0.03725840085784554
0.038038953948442866
0.03805314582281736
0.037821345208033916
0.036279161526005264
0.03599059341372383
0.03684210587619364
0.03687048962494263
0.036884681499317125
0.03712594336368357
0.03690833462327462
0.03872016391841871
0.039959587613791425
0.039855513868378455
0.040815830701052734
0.04092936569604871
0.04153961629415207
0.04173357191060353
0.04187549065434849
0.04324264121909168
0.0436305524519946
0.043535939956164615
0.0435927074536626
0.042055254396425455
0.04327575559263218
0.043621091202411595
0.04365893620074359
0.044411105542591915
0.04443475866654941
0.04463344490779237
0.044813208649869325
0.044983511142363285
0.045437651122347184
0.04550387986942817
0.04655407857314093
0.04673857294000939
0.046577731697098425
0.046440543578144956
0.04656827044751543
0.04654934794834943
0.04474697990278834
0.045905982976705575
0.04643581295335346
0.04683791606063087
0.04720690479436778
0.04703660230187382
0.04704133292666532
0.04736301541248725
0.04731097853978076
0.04710756167374631
0.04717852104561879
0.047500203531440716
0.04791176788830112
0.04912753845971635
0.04937826157366579
0.049714135933862216
0.05088733088215395
0.04942556782158078
0.04967156031073872
0.04993174467427117
0.051128592746520395
0.05159692460087879
0.05165369209837677
0.05229232644522913
0.052841078921043005
0.05282215642187701
0.054071041366832724
0.05359324826289133
0.054255535733701184
0.05424607448411818
0.05442583822619514
0.05458194884431461
0.05484686383263855
0.05499824382596651
0.05540980818282692
0.05642689251299919
0.05621401439738174
0.05646946813612268
0.05698510623839606
0.05705606561026855
0.057514936215043944
0.05762374058524842
0.05780823495211688
0.05751966683983544
0.05844213867417773
0.0585604042939652
0.05861244116667169
0.05847998367250972
0.05845159992376073
0.05834752617834776
0.05953964362580548
0.05943556988039251
0.059662639870384455
0.0599039017347509
0.059918093609125395
0.05994174673308289
0.059709946118299446
0.05973359924225694
0.06100140668637865
0.0612379379259536
0.0612237460515791
0.06236382662633034
0.06220771600821088
0.06188603352238895
0.06265239473861178
0.062486822870909314
0.0625199372444498
0.06248209224611782
0.0638350509364865
0.06376882218940552
0.06353229094983058
0.06518327900206371
0.06547657773913663
0.06544346336559614
0.06574149272746058
0.06536777336893217
0.06534885086976616
0.06544346336559614
0.06556645961017511
0.0656752639803796
0.06598275459182702
0.06638012707431293
0.06690995705096081
0.06713229641616125
0.06745397890198318
0.06755332202260467
0.06720325578803374
0.06717487203928475
0.06709445141782927
0.06706606766908027
0.06732152140782122
0.06763847326885164
0.06768104889197514
0.06772362451509863
0.06761482014489414
0.06760535889531115
0.06845214073298946
0.0691901182004633
0.06938880444170625
0.06929892257066776
0.06865555759902392
0.06889681946339035
0.0691522732021313
0.06901035445838634
0.06762901201926864
0.06731679078302971
0.0677993145117626
0.06769051014155814
0.06758643639614516
0.0673782889053192
0.06770470201593264
0.06794596388029907
0.06794596388029907
0.06813991949675054
0.06775673888863912
0.06768104889197514
0.06738301953011071
0.06774254701426462
0.06764320389364314
0.06768104889197514
0.06796015575467357
0.06762901201926864
0.06767631826718364
0.06805476825050355
0.0686792107229814
0.06872651697089639
0.06892520321213935
0.06902454633276082
0.06851836948007045
0.06848052448173846
0.06884951321547537
0.06899616258401184
0.06887789696422436
0.06927526944671027
0.06974360130106867
0.06980983004814965
0.06972467880190267
0.06977198504981766
0.0696395275556557
0.06947868631274473
0.0696158744316982
0.06966791130440468
0.0696253356812812
0.0696111438069067
0.06925161632275278
0.06819195636945702
0.06819668699424852
0.06833860573799348
0.06835279761236798
0.06856567572798543
0.06866028822381541
0.06855148385361094
0.06853729197923644
0.06847106323215546
0.06889681946339035
0.06863663509985791
0.06860825135110893
0.06893939508651385
0.06880220696756038
0.0687217863461049
0.06895831758567984
0.06944557193920424
0.0696111438069067
0.06970575630273668
0.06969629505315368
0.06970102567794517
0.06982402192252415
0.06984767504648164
0.0695780294333662
0.06931311444504226
0.06935095944337426
0.06905293008150983
0.06808315199925255
0.06786554325884359
0.0682629157413295
0.06823926261737201
0.06846633260736396
0.06844741010819796
0.06790811888196709
0.06781823701092861
0.06792704138113308
0.06796015575467357
0.06794123325550758
0.06937461256733175
0.06954491505982571
0.06962060505648969
0.06983348317210715
0.07008420628605659
0.06992809566793712
0.06993755691752013
0.06989025066960514
0.06992809566793712
0.06984294442169015
0.06979090754898365
0.06963006630607269
0.06968683380357069
0.06978617692419216
0.06945030256399573
0.06951180068628522
0.06912388945338231
0.06889681946339035
0.06903873820713533
0.0691522732021313
0.06926580819712727
0.06926107757233578
