0.0
0.0
0.0
0.0
0.0
0.0
0.0
0.0
9.461249582997852e-05
9.461249582997852e-05
9.461249582997852e-05
9.461249582997852e-05
9.461249582997852e-05
0.00021287811561745168
0.0002743762379069377
0.0002932987370729334
0.0003595274841539184
0.00048252372873289044
0.0006954018443503421
0.0009130105847592928
0.001211039946623725
0.0014996080589051595
0.0024410023924134458
0.002824183000524859
0.002956640494686829
0.003339821102798242
0.004016300447982588
0.0040825291950635735
0.004101451694229569
0.0045272079254644725
0.004740086041081924
0.005080691026069847
0.005719325372922202
0.00607885285707612
0.0065613765858090105
0.0066039522089325
0.006831022198924449
0.006849944698090445
0.007181088433495369
0.008183980889293141
0.00841578150407659
0.00849620212553207
0.009182142720299415
0.009390290211125368
0.010137728928182198
0.007233125306201858
0.007606844664730273
0.007857567778679716
0.008609737120528045
0.009101722098843934
0.009541670204453333
0.009702511447364297
0.009659935824240807
0.010147190177765197
0.007739302158892243
0.010241802673595176
0.016353769904211786
0.017233666115430587
0.01771618984416348
0.018132484825815382
0.018387938564556325
0.019565864137639558
0.01942394539389459
0.019897007873044482
0.019755089129299516
0.021065472196544716
0.02171356779298007
0.022442084010870906
0.020143000362202425
0.02078636533384628
0.017299894862511572
0.02132092593528566
0.021552726550069106
0.021741951541729063
0.01576717243006592
0.01639634552733528
0.01626388803317331
0.01607466304151335
0.016495688647956756
0.017195821117098595
0.01721001299147309
0.016964020502315148
0.018383207939764827
0.018085178577900395
0.01916849165515365
0.019272565400566623
0.020053118491163948
0.015142729957588062
0.015161652456754058
0.015180574955920054
0.01612669991421984
0.01668018301482521
0.017224204865847588
0.018837347919748722
0.020772173459471785
0.021164815317166196
0.021306734060911162
0.022664423376071354
0.023203714602302233
0.024651285788500902
0.025001352023071823
0.026098856974699575
0.026354310713440517
0.027863380021928674
0.028672316861274992
0.030091504298724668
0.0303989949101721
0.032868381051334536
0.031458654863467855
0.03185129672116227
0.03245208606968263
0.032499392317597624
0.03319479416194796
0.03221082420531619
0.032518314816763615
0.03235274294906115
0.03228178357718867
0.03233855107468666
0.03232908982510366
0.032262861078022675
0.032518314816763615
0.031070743630564945
0.03088624926369649
0.030011083677269186
0.030096234923516166
0.030318574288716617
0.030290190539967624
0.030512529905168072
0.030720677395994024
0.030857865514947496
0.030697024272036532
0.030725408020785525
0.031709377977417304
0.03235747357385265
0.0326129273125936
0.032664964185300085
0.032967724171956016
0.034481524105235674
0.034363258485448196
0.03417403349378824
0.0343537972358652
0.03498297033313456
0.03507758282896454
0.03527626907020749
0.03529519156937349
0.035224232197501
0.03594801779060034
0.03630754527475426
0.03696510212077261
0.03757535271887597
0.03736247460325852
0.03726313148263704
0.03763212021637396
0.03793014957823839
0.03714013523805807
0.037324629604926524
0.037419242100756506
0.03682318337702764
0.03677587712911265
0.04012989010628539
0.04083002257542723
0.04083475320021873
0.04067391195730777
0.04110912943812567
0.04091044319688271
0.04109493756375117
0.04109020693895967
0.04107128443979367
0.04132200755374312
0.04151596317019458
0.04112805193729166
0.04211675251871494
0.04211202189392344
0.04349809495783263
0.04349809495783263
0.04343186621075164
0.043668397450326586
0.043673128075118084
0.04365893620074359
0.04382923869323755
0.04423134180051496
0.04444421991613241
0.04487470677215881
0.04502135614069528
0.04490782114569931
0.04469967365487335
0.04488889864653331
0.04486997614736731
0.0444915261640474
0.044254994924472456
0.043356176214087654
0.04364001370157759
0.04021977197732387
0.04005420010962141
0.04005420010962141
0.03900873203070014
0.03870124141925271
0.038649204546546224
0.0387674701663337
0.03835590580947329
0.038464710179677765
0.03840321205738828
0.038308599561558306
0.038247101439268814
0.03805314582281736
0.03818087269218783
0.03718271086118156
0.036832644626610636
0.03808152957156635
0.03793488020302989
0.037551699594918476
0.03726313148263704
0.037116482114100575
0.037442895224714
0.03758481396845897
0.03757535271887597
0.03707390649097708
0.03714013523805807
0.03731516835534353
0.03731516835534353
0.0374665483486715
0.03806733769719186
0.037977455826153375
0.03750912397179498
0.03672384025640616
0.03675695462994665
0.03690833462327462
0.03709755961493458
0.03714013523805807
0.037069175866185584
0.03716378836201556
0.0365677296382867
0.035957479040183336
0.035574298432071924
0.035957479040183336
0.03603316903684732
0.036127781532677296
0.03625550840204777
0.0370124083686876
0.036813722127444645
0.037248939608262546
0.03729624585617753
0.037452356474297
0.03776930833532743
0.03836536705905629
0.03842213455655428
0.037939610827821386
0.037542238345335474
0.03770307958824644
0.03769361833866344
0.037324629604926524
0.03724420898347104
0.03702186961827059
0.03661030526141019
0.03619874090454978
0.035957479040183336
0.03598586278893233
0.036108859033511305
0.0365724602630782
0.03592909529143434
0.035891250293102354
0.03686575900015113
0.03673330150598916
0.03641634964495873
0.03626023902683927
0.03652042339037171
0.036430541519333226
0.03638796589620974
0.03636904339704374
0.03608993653434531
0.03663395838536768
0.03665761150932518
0.03673330150598916
0.03666234213411668
0.03623185527809027
0.036094667159136805
0.03580609904685537
0.0361183202830943
0.0357020253014424
0.03539453468999496
0.03584394404518736
0.035754062174148886
0.0356831028022764
0.035692564051859395
0.03538034281562047
0.03502081533146655
0.034684940971270124
0.03470386347043612
0.034817398465432095
0.034765361592725606
0.034883627212513084
0.035101235952922034
0.034613981599397645
0.034462601606069676
0.0343727197350312
0.03418822536816274
0.03430176036315871
0.03411726599629025
0.034041575999626275
0.034079420997958264
0.034476793480444176
0.034429487232529185
0.03420714786732874
0.034126727245873255
0.034330144111907705
0.03397061662775379
0.03414091912024775
0.034968778458760064
0.035172195324794514
0.035120158452088025
0.034902549711679075
0.03489781908688758
0.03465182659772963
0.034013192250877275
0.03405576787400077
0.03372935476338734
0.033928041004630295
0.03401792287566878
0.033989539126919786
0.033989539126919786
0.034126727245873255
0.03396588600296229
0.03408888224754126
0.03325629228423745
0.033104912290909484
0.032717001058006574
0.032518314816763615
0.03232908982510366
0.03211148108469471
0.03175195360054079
0.03166680235429381
0.0321493260830267
0.0326081966878021
0.032314897950729164
0.032447355444891135
0.032494661692806126
0.032485200443223124
0.03238585732260165
0.03252777606634662
0.03267442543488308
0.03246154731926563
0.032447355444891135
0.032045252337613725
0.03223447732927368
0.032314897950729164
0.03185129672116227
0.03183710484678777
0.032092558585528716
0.03203579108803073
0.03184656609637077
0.030947747385985973
0.03079163676786651
0.030763253019117517
0.031132241752854433
0.03148703861221685
0.031387695491595376
0.03185129672116227
0.03232435920031216
0.03212567295906921
0.032130403583860705
0.031841835471579275
0.031217392999101413
0.03106128238098195
0.030838943015781498
0.030730138645577023
0.03056929740266606
0.03030438241434212
0.030413186784546596
0.030053659300392676
0.030091504298724668
0.02967520931707276
0.02956167432207679
0.029523829323744796
0.029107534342092893
0.02893723184959893
0.029046036219803405
0.028563512491070517
0.028383748748993555
0.02831752000191257
0.02823236875566559
0.028520936867947023
0.028520936867947023
0.028393209998576554
0.02809991126150362
0.028194523757333598
0.027863380021928674
0.027778228775681695
0.02753696691131525
0.027508583162566255
0.027489660663400257
0.029717784940196255
0.02960424994520028
0.029344065581667838
0.029448139327080815
0.02937717995520833
0.02933933495687634
0.029187954963548375
0.029131187466050385
0.029282567459378354
0.029098073092509894
0.02903184434542891
0.028932501224807432
0.028658124986900495
0.028293866877955078
0.028705431234815483
0.028634471862943
0.028445246871283043
0.028251291254831588
0.02823236875566559
0.028345903750661566
0.02822290750608259
0.02745181566506827
0.027376125668404284
0.02726259067340831
0.02694563881237788
0.026666531949679446
0.026406347586147006
0.026529343830725978
0.026221853219278547
0.026761144445509425
0.026496229457185484
0.026500960081976985
0.02625969821761054
0.026184008220946554
0.026150893847406063
0.026098856974699575
0.025909631983039617
0.02586232573512463
0.025885978859082122
0.025706215117005164
0.025597410746800688
0.025734598865754157
0.025696753867422165
0.02572040699137966
0.025654178244298675
0.025663639493881674
0.025706215117005164
0.025535912624511204
0.02550279825097071
0.025252075137021268
0.02528045888577026
0.02520949951389778
0.025039197021403815
0.024902008902450347
0.024760090158705377
0.02475535953391388
0.024561403917462424
0.02448571392079844
0.02449517517038144
0.02452828954392193
0.02441002392413446
0.024381640175385466
0.024291758304346985
0.024154570185393517
0.024126186436644523
0.02419241518372551
0.024107263937478526
0.023988998317691055
0.023728813954158615
0.02355851146166465
0.02356324208645615
0.02325102085021722
0.022910415865229298
0.022806342119816324
0.023090179607306256
0.022934068989186793
0.022867840242105808
0.02260292525378187
0.02254615775628388
0.02232854901587493
0.022092017776299985
0.022011597154844503
0.02189333153505703
0.02194063778297202
0.02131619531049416
0.020885708454467758
0.020862055330510262
0.020843132831344268
0.020597140342186324
0.020776904084263283
0.020545103469479836
0.020507258471147843
0.020497797221564848
0.020592409717394827
0.020649177214892813
0.0207059447123908
0.0207154059619738
0.020677560963641806
0.02083367158176127
0.020904630953633756
0.020970859700714738
0.02078163470905478
0.020734328461139793
0.020606601591769323
0.020493066596773347
0.020493066596773347
0.02043629909927536
0.02042683784969236
0.020450490973649857
0.020374800976985876
