0.0
0.0
0.0
0.0
0.0
0.0
0.0
0.0
0.0
0.0
0.0
0.0
0.0
0.0
0.0
7.568999666398282e-05
7.568999666398282e-05
7.568999666398282e-05
7.568999666398282e-05
7.568999666398282e-05
7.568999666398282e-05
9.461249582997852e-05
0.00011353499499597422
0.00011353499499597422
0.00011353499499597422
0.00015137999332796563
0.0002176087404089506
0.00033114373540492483
0.0005865974741458668
0.0005865974741458668
0.0008893574608017981
0.0008893574608017981
0.0010312762045467658
0.0009177412095507917
0.0008798962112188003
0.0009272024591337895
0.0009177412095507917
0.0012867299432877078
0.0012867299432877078
0.00140972618786668
0.00140972618786668
0.0013908036887006843
0.0010028924557977724
0.0011353499499597423
0.0012394236953727185
0.0010738518276702561
0.001348228065577194
0.0013576893151601918
0.00448936292713248
0.0046596654196264424
0.004957694781490874
0.005132727898776335
0.005303030391270296
0.005842321617501174
0.006022085359578133
0.005927472863748154
0.006504609088311023
0.0074933096697342985
0.007393966549112821
0.007412889048278817
0.008226556512416633
0.008510393999906569
0.008822615236145496
0.009182142720299415
0.009503825206121343
0.009333522713627381
0.010861514521281534
0.010904090144405024
0.013780310017636372
0.013898575637423844
0.014541940609067699
0.014740626850310653
0.01515219120717106
0.01510961558404757
0.015289379326124529
0.014726434975936157
0.014064147505126308
0.014253372496786263
0.014485173111569712
0.014333793118241745
0.014674398103229668
0.014466250612403716
0.014598708106565685
0.015256264952584036
0.01528464870133303
0.015705674307776436
0.01652407239670575
0.01704444112377063
0.018217636072062365
0.017810802339993458
0.017895953586240437
0.01844470606205431
0.019759819754091013
0.02330305772292371
0.023672046456660625
0.023681507706243624
0.02634484946385752
0.027063904432165355
0.026803720068632915
0.02651042133155998
0.02665234007530495
0.02739031754277878
0.02814721750941861
0.028516206243155526
0.025270997636187262
0.025308842634519255
0.02674695257113493
0.02630227384073403
0.024651285788500902
0.02475535953391388
0.025351418257642745
0.025531181999719703
0.0281897931325421
0.02876692935710497
0.029102803717301392
0.029235261211463363
0.02929202870896135
0.029594788695617283
0.030323304913508115
0.030995053633900965
0.03211621170948621
0.022517774007534887
0.02250831275795189
0.02272119087356934
0.02274011337273534
0.022825264618982318
0.022494120883577395
0.0211411621932087
0.02193590715818052
0.021831833412767544
0.022006866530053005
0.021874409035891034
0.022186630272129963
0.02329832709813221
0.02338347834437919
0.023170600228761738
0.023284135223757715
0.023364555845213197
0.0246796695372499
0.02484524140495236
0.025621063870758184
0.02607520385074208
0.02713959442882934
0.02770726940380921
0.02822290750608259
0.03137823424201237
0.03140188736596987
0.032584543563844603
0.032631849811759595
0.033573244145267876
0.034377450359822696
0.03374827726255334
0.03202159921365623
0.03202632983844773
0.032934609798415525
0.03336036602965042
0.03356851352047638
0.03384762038317481
0.033942232879004795
0.034613981599397645
0.03444367910690368
0.03674276275557216
0.03719217211076456
0.037239478358679544
0.03735301335367552
0.03761319771720796
0.03769361833866344
0.03775038583616143
0.03828021581280931
0.038526208301967256
0.03902765452986614
0.039084422027364125
0.0427033499928608
0.04118481943478965
0.03983186074442096
0.04082529195063573
0.04043738071773282
0.04070229570605676
0.04171938003622903
0.03686102837535963
0.0369887552447301
0.03690833462327462
0.037334090854509526
0.03747600959825449
0.037736193961786936
0.03771254083782944
0.03808626019635785
0.03825183206406032
0.041298354429785626
0.04164369003956504
0.041686265662688536
0.04126524005624513
0.04159165316685856
0.042660774369737316
0.043200065595968194
0.04332306184054716
0.04924107345471232
0.04945395157032977
0.05003108779489264
0.05011150841634812
0.05076906526236647
0.051213743992767374
0.051365123986095336
0.05214567707669266
0.052320710193978125
0.055007705075549515
0.055196930067209465
0.055343579435745936
0.0554996900538654
0.056441084387373684
0.056526235633620664
0.05591125441072581
0.05839956305105424
0.05975725236621443
0.06000797548016388
0.0599228242339169
0.06101559856075315
0.06099667606158715
0.06108655793262563
0.06087841044179968
0.06113386418054062
0.06148393041511154
0.06157381228615002
0.061744114778643985
0.0620894503884234
0.06272808473527576
0.06329102908546413
0.06326264533671513
0.0630071915979742
0.06303557534672319
0.06383978156127801
0.06435068903875989
0.06353702157462207
0.06453045278083686
0.061209554177204605
0.0612190154267876
0.06113386418054062
0.061195362302830104
0.06131362792261758
0.06152177541344353
0.062165140385087386
0.06132308917220058
0.06181034352572497
0.06070337732451422
0.05975725236621443
0.060017436729746874
0.0607979898203442
0.06270443161131826
0.06329102908546413
0.06366947906878405
0.06316803284088517
0.06362690344566055
0.06368840156795004
0.06380666718773752
0.06438380341230038
0.0643364971643854
0.06515962587810621
0.06575568460183508
0.06588814209599704
0.0683102219892445
0.06620036333223597
0.06664504206263687
0.06690049580137782
0.06708499016824628
0.06757224452177066
0.06796488637946507
0.06801219262738006
0.06810207449841854
0.07000378566460111
0.06980983004814965
0.06991390379356263
0.06998486316543512
0.07035385189917202
0.07083164500311342
0.07185345995807718
0.07228394681410359
0.0731070755278244
0.07375044049946826
0.07608263852167722
0.07695307348331303
0.07763428345328888
0.07730313971788395
0.07723218034601147
0.07647054975458013
0.0766976197445721
0.07729367846830096
0.07741667471287993
0.07678277099081907
0.07674965661727857
0.07675911786686157
0.07762009157891438
0.07811680718202177
0.07811207655723026
0.07904874026594705
0.07894939714532558
0.07948868837155645
0.0797536033598804
0.08006582459611933
0.08095518205692112
0.0810072189296276
0.08095045143212962
0.08121536642045356
0.08028816396131977
0.08087949206025714
0.0810072189296276
0.07956437836822043
0.07946976587239046
0.07942719024926696
0.07981510148216989
0.079266349006356
0.0784006446695117
0.0779512353143193
0.07805530905973228
0.07801273343660879
0.07850944903971617
0.07873178840491663
0.07947922712197346
0.07427553985132464
0.0744458423438186
0.0744269198446526
0.0753399304294119
0.07569472728877431
0.07565215166565083
0.07573257228710631
0.07582718478293629
0.07570418853835731
0.07562849854169333
0.07588395228043428
0.07615359789354971
0.07685373036269155
0.0766455828718656
0.07673073411811258
0.07704768597914301
0.077066608478309
0.07723691097080297
0.07765793657724637
0.07772889594911886
0.07769105095078686
0.07786135344328082
0.07821141967785174
0.07798434968785979
0.07896358901970008
0.07875071090408262
0.07939407587572647
0.07950288024593095
0.07939407587572647
0.07954072524426294
0.08022193521423879
0.07933730837822849
0.07860879216033766
0.07880274777678911
0.0784384896678437
0.07887843777345309
0.07829657092409872
0.07846214279180119
0.07917173651052603
0.07825872592576673
0.07862771465950365
0.07860879216033766
0.07844795091742669
0.07888789902303608
0.07865136778346114
0.07860406153554615
0.07831549342326471
0.07900143401803207
0.07914335276177703
0.07914335276177703
0.079266349006356
0.07918592838490052
0.07940826775010097
0.0788689765238701
0.07910550776344503
0.07923796525760701
0.07919538963448353
0.07956437836822043
0.07941299837489248
0.08006582459611933
0.0801888208406983
0.08054361770006072
0.08067134456943119
0.08086530018588264
0.08087949206025714
0.08091733705858913
0.08082272456275916
0.07934203900301999
0.07949341899634796
0.07954072524426294
0.07915754463615153
0.07903454839157256
0.07870813528095913
0.07877909465283162
0.07866082903304414
0.07880274777678911
0.07920485088406652
0.07902035651719806
0.07902035651719806
0.07925215713198151
0.07894466652053407
0.07910550776344503
0.0792426958823985
0.07937042275176898
0.07940826775010097
0.07934203900301999
0.07937042275176898
0.08075649581567816
0.08079907143880166
0.08074230394130368
0.08049631145214572
0.08068553644380569
0.08073284269172067
0.0806618833198482
0.08070918956776317
0.08078961018921865
0.08088895330984014
0.08094099018254662
0.08084637768671664
0.08086056956109114
0.08092206768338063
0.08122955829482806
0.08129105641711755
0.08169789014918645
0.08176411889626743
0.08178304139543344
0.08210945450604686
0.0819438826383444
0.08183507826813992
0.08179250264501643
0.08155124078064999
0.08152758765669249
0.081466089534403
0.08161746952773097
0.08169315952439496
0.08157016327981598
0.08163639202689697
0.08205741763334037
0.08195807451271889
0.08156543265502449
0.08161746952773097
0.08246898199020078
0.08174519639710144
0.08159381640377347
0.08292312197018467
0.08386924692848446
0.08372732818473949
0.08374152005911399
0.08419092941430639
0.08423823566222137
0.0841199700424339
0.0836894831864075
0.08393547567556545
0.08396385942431443
0.0832968413287131
0.08318803695850861
0.08356648694182853
0.08331576382787909
0.08315965320975963
0.08298462009247416
0.08294204446935068
0.08267712948102673
0.08317857570892562
0.08309815508747014
0.0832495350807981
0.08419566003909788
0.08417200691514039
0.08441326877950683
0.08447476690179632
0.08430919503409386
0.08433757878284286
0.08479171876282675
0.08471129814137127
0.08482010251157575
0.0845835712720008
0.08440853815471534
0.0845126119001283
0.08421458253826389
0.08435650128200885
0.08437069315638335
0.08436596253159184
0.08424296628701287
0.08404901067056142
0.08383140193015247
0.08390236130202496
0.08424769691180438
0.08347660507079005
0.08350971944433054
0.08340091507412607
0.08337726195016858
0.0832589963303811
0.08317384508413411
0.0832448044560066
0.08297042821809966
0.08300827321643166
0.08297042821809966
0.08354283381787103
0.08397805129868893
0.0841672762903489
0.08439907690513233
0.08428554191013636
0.08417200691514039
0.08414835379118289
