0.0
0.0
0.0
0.0
0.0
0.0
0.0
0.0
0.0
0.0
0.0
0.0007190549683078368
0.0007900143401803207
0.0007900143401803207
0.0007900143401803207
0.0007900143401803207
0.0007900143401803207
0.0009130105847592928
0.0009130105847592928
0.0011306193251682433
0.0011684643235002348
0.0011684643235002348
0.0011684643235002348
0.0011684643235002348
0.0012441543201642175
0.0013009218176622047
0.0016131430539011338
0.0018449436686845812
0.0019632092884720545
0.002105128032217022
0.00037371935852841513
0.00037371935852841513
0.00037371935852841513
0.0006812099699758453
0.0006812099699758453
0.0007568999666398282
0.0007568999666398282
0.00044940935519239796
0.0007805530905973227
0.0013576893151601918
0.0025876517609499127
0.0036756954629946657
0.003779769208407642
0.003954802325693102
0.004314329809847021
0.009153758971550421
0.009451788333414854
0.010946665767528514
0.010757440775868557
0.011992133846449777
0.012550347571846652
0.012342200081020698
0.013307247538486479
0.014253372496786263
0.013160598169950011
0.01348228065577194
0.014939313091553608
0.015218419954252046
0.01573405805652543
0.016017895544015365
0.016183467411717826
0.01641999865129277
0.016940367378357656
0.019277296025358125
0.02074852033551429
0.025129078892442296
0.021079664070919213
0.020634985340518316
0.021467575303822126
0.022588733379407373
0.024154570185393517
0.02678479756946692
0.026699646323219937
0.027238937549450816
0.02859189623981951
0.028837888728977454
0.029708323690613256
0.03297718542153901
0.03418349474337124
0.035976401539349334
0.03714013523805807
0.03667180338369967
0.03500662345709205
0.03526207719583299
0.035910172792268345
0.03626970027642227
0.03796326395177888
0.038616090173005733
0.0396662888767185
0.03878639266549969
0.04041845821856682
0.04114224381166616
0.04179980065768451
0.042126213768297935
0.04245735750370286
0.04381031619407155
0.04396169618739952
0.03374354663776184
0.033355635404858926
0.034112535371498755
0.029665748067489766
0.03240951044655914
0.034330144111907705
0.03393277162942179
0.035522261559365435
0.03547968593624194
0.03556483718248893
0.036596113387035695
0.03859243704904824
0.039618982628803506
0.04066918133251627
0.03810518269552385
0.03758481396845897
0.03945814138589254
0.039283108268607085
0.04091990444646571
0.03922634077110909
0.03968521137588449
0.04077325507792924
0.042324900009540894
0.0431669512224277
0.04462398365820937
0.04500243364152928
0.04718798229520179
0.04759008540247919
0.04767996727351768
0.04849836536244699
0.04970940530907071
0.05250993518563808
0.055007705075549515
0.05616670814946675
0.05821033805939428
0.05839483242626274
0.05918011614165156
0.06130416667303458
0.05803057431731733
0.05911388739457058
0.056928338740898074
0.05746762996712895
0.05760481808608242
0.0572642131010945
0.05885370303103814
0.059866056736418906
0.058101533689189806
0.05854148179479921
0.0594734148787245
0.06075068357242921
0.06326737596150664
0.06432703591480239
0.06364582594482655
0.06586448897203954
0.06933676756899976
0.06947868631274473
0.07097356374685838
0.06976725442502617
0.06901981570796933
0.06899143195922033
0.06935569006816575
0.06954491505982571
0.07073230188249194
0.07643270475624815
0.0775396709574589
0.0779654271886938
0.07822561155222624
0.07925215713198151
0.07960695399134393
0.08139039953773902
0.08165531452606296
0.08075649581567816
0.08275281947769071
0.08123428891961956
0.08095518205692112
0.08189657639042941
0.08228448762333232
0.08163166140210547
0.08116332954774708
0.08188711514084641
0.08216149137875335
0.08221825887625134
0.08221352825145983
0.08207160950771487
0.08253994136207327
0.08275281947769071
0.08473495126532876
0.0841672762903489
0.08571419059716905
0.08650420493734937
0.08620144495069343
0.08601221995903348
0.08611629370444646
0.08717595365774221
0.08203376450938288
0.08152285703190099
0.08225137324979183
0.08248790448936677
0.08266766823144374
0.0832069594576746
0.0819344213887614
0.08333468632704508
0.08359487069057753
0.08592233808799499
0.08656097243484735
0.08660354805797084
0.0863244411952724
0.08838226297957444
0.08840118547874043
0.09086584099511137
0.09285743403233242
0.09258778841921698
0.09196807657153062
0.09285270340754093
0.09278174403566844
0.09367110149647023
0.09622090825908816
0.0981841175475602
0.09768267131966132
0.09708661259593246
0.0972994907115499
0.09723799258926043
0.09727583758759241
0.09856729815567163
0.09957965186105239
0.09976887685271235
0.09941407999334993
0.09905455250919601
0.09974049310396335
0.10076703868371863
0.10022301683269624
0.10010002058811727
0.0999864855931213
0.10035547432685822
0.10073392431017814
0.10124010116286851
0.10117860304057903
0.10102249242245956
0.1013157911595325
0.10201119300388284
0.10238964298720275
0.10275390109614817
0.10321277170092356
0.1048590291283652
0.10465088163753924
0.10523274848689361
0.10575784783874999
0.10652420905497281
0.10448530976983678
0.10487322100273969
0.1061883346947764
0.10626875531623188
0.10718649652578266
0.10559227597104753
0.10540778160417907
0.10487322100273969
0.09752656070154186
0.09748398507841836
0.09770159381882731
0.09560592703619329
0.09632025137970963
0.09772997756757631
0.09664193386553156
0.09667977886386356
0.0964432476242886
0.09847268565984164
0.09840172628796916
0.09833549754088818
0.09857202878046312
0.09902143813565552
0.09924850812564746
0.09873287002337408
0.09883694376878706
0.10090895742746359
0.10059673619122467
0.10017097995998976
0.10227137736741528
0.10298097108614013
0.10292420358864213
0.10443800352192179
0.1048259147548247
0.10227610799220678
0.10214838112283631
0.10247952485824123
0.10243221861032624
0.10252210048136473
0.1026545579755267
0.10290528108947614
0.10276336234573118
0.10186454363534637
0.10201592362867434
0.1025930598532372
0.0999722937187468
0.09983037497500184
0.09948976999001391
0.09971210935521437
0.0999722937187468
0.10097518617454458
0.09887005814232755
0.099064013758779
0.09884167439357856
0.09948503936522242
0.09857202878046312
0.09906874438357051
0.09904509125961301
0.09877071502170608
0.09850580003338213
0.09931946749751995
0.09940934936855843
0.09948503936522242
0.0999581018443723
0.09664193386553156
0.09720014759092843
0.09457938145643803
0.09576676827910426
0.09655678261928458
0.09800435380548325
0.09792393318402777
0.09794758630798527
0.09848214690942464
0.09842064878713516
0.0982077706715177
0.09808950505173022
0.09913024250586
0.09743194820571188
0.09723799258926043
0.09697307760093649
0.09676966073490204
0.09671289323740405
0.09696834697614498
0.09786243506173828
0.09914916500502599
0.09940934936855843
0.09953234561313741
0.10033655182769222
0.09922958562648147
0.09840645691276066
0.09769686319403582
0.09759278944862285
0.09708661259593246
0.09712445759426445
0.09761171194778884
0.09811788880047922
0.0981935787971432
0.09784824318736379
0.09816046442360271
0.09851999190775663
0.09927689187439646
0.09944246374209892
0.09890317251586804
0.09885113564316156
0.09855783690608863
0.09790974130965327
0.09717649446697094
0.09614994888721567
0.09552550641473781
0.09618306326075617
0.09676019948531903
0.0972994907115499
0.09885113564316156
0.099139703755443
0.09948976999001391
0.10010475121290878
0.09977360747750384
0.09946138624126492
0.10011894308728327
0.10028924557977723
0.10081907555642511
0.10100830054808507
0.10146244052806896
0.10120225616453653
0.10080961430684211
0.0999817549683298
0.09962695810896738
0.09977360747750384
0.1000337918410363
0.1000243305914533
0.10019463308394726
0.1004832011962287
0.09979252997666985
0.09943773311730743
0.09929581437356245
0.0986524494019186
0.09856729815567163
0.09858149003004613
0.09904036063482151
0.0995418068627204
0.09912078125627699
0.09918227937856648
0.09970737873042286
0.09983983622458484
0.0999817549683298
0.09833076691609667
0.09840172628796916
0.09795231693277676
0.09815100317401972
0.09837807316401166
0.09834968941526268
0.09846795503505014
0.09754548320070786
0.09815100317401972
0.0981983094219347
0.09864771877712711
0.09844430191109264
0.09847268565984164
0.09767321007007833
0.0977489000667423
0.0977772838154913
0.09816046442360271
0.09788608818569577
0.09847741628463315
0.09892682563982554
0.09916808750419198
0.09980672185104435
0.10003852246582778
0.09988241184770832
0.09968372560646536
0.09978779935187834
0.09969318685604836
0.10065350368872265
0.10064877306393115
0.10099883929850208
0.1009184186770466
0.10099410867371057
0.10097045554975308
0.10158070614785644
0.10158543677264793
0.10159016739743944
0.10065823431351414
0.10030816807894323
0.10063931181434815
0.10071973243580364
0.10152393865035846
0.10090895742746359
0.10038385807560721
0.10067715681268015
0.10075757743413563
0.09948976999001391
0.10001959996666179
0.10024193933186225
0.09984929747416783
0.09944719436689042
0.0986808331506676
0.09827873004339019
0.09974049310396335
0.09979726060146134
0.10016624933519826
0.09937623499501794
0.09947557811563941
0.09943300249251592
0.10198280925513385
0.1017604698899334
0.10149555490160946
0.10140094240577947
0.10128267678599201
0.10073865493496963
0.09966007248250787
0.09890317251586804
0.09850580003338213
0.09787662693611278
0.09746979320404388
0.09804692942860674
0.0973893725825884
0.09750290757758437
0.09641486387553962
0.09749817695279286
0.09760698132299735
0.09761644257258034
0.0973515275842564
0.09677912198448503
0.09665612573990606
0.09577149890389576
0.0960458751418027
0.09635809637804163
0.09637228825241612
0.09569580890723177
0.09582353577660224
0.09586138077493424
0.09593707077159822
0.09573838453035527
0.09545454704286532
0.09569580890723177
0.09553023703952931
0.09506663580996241
0.09491525581663446
0.09505717456037942
0.0951423258066264
0.09597491576993021
0.09460776520518702
0.09468345520185101
0.09404009023020715
0.09377990586667471
0.0938461346137557
0.09398805335750066
0.0938366733641727
0.09405428210458165
0.09401643710624966
0.0938319427393812
0.09363798712292974
0.09360487274938925
0.09384140398896419
0.09368056274605323
0.09350552962876778
