0.0
0.0
0.0
0.0
0.0
0.0
0.0
0.0
0.0
0.0
0.0
7.568999666398282e-05
7.568999666398282e-05
7.568999666398282e-05
7.568999666398282e-05
0.0004162949816519055
0.0004162949816519055
0.0004162949816519055
0.00044467873040089905
0.0005392912262308776
0.0005392912262308776
0.0005392912262308776
0.0005865974741458668
0.0006433649716438539
0.0006433649716438539
0.0006433649716438539
0.0006906712195588432
0.0006149812228948604
0.0007568999666398282
0.0011211580755852454
0.0011211580755852454
0.0011211580755852454
0.001140080574751241
0.0011873868226662304
0.0011873868226662304
0.001281999318496209
0.001281999318496209
0.0013009218176622047
0.0013009218176622047
0.001395534313492183
0.001395534313492183
0.0016084124291096348
0.0016841024257736176
0.001783445546395095
0.0018212905447270865
0.0018780580422250736
0.0018780580422250736
0.002048360534719035
0.002048360534719035
0.0020294380355530394
0.0020862055330510263
0.001083313077253254
0.001083313077253254
0.0014239180622411768
0.0015942205547351382
0.001788176171186594
0.0018685967926420758
0.0019111724157655661
0.002455194266787943
0.002483578015536936
0.0025214230138689278
0.002549806762617921
0.002559268012200919
0.0030134079921848157
0.003055983615308306
0.0030938286136402977
0.0032925148548832526
0.0032877842300917536
0.003377666101130233
0.003406049849879227
0.0035337767192496978
0.003581082967164687
0.003581082967164687
0.003576352342373188
0.003652042339037171
0.0036898873373691623
0.00422917856360004
0.004210256064434044
0.004210256064434044
0.004413672930468498
0.004621820421294451
0.00559632912834323
0.0057287866225052
0.006220771600821088
0.006627605332889995
0.006802638450175456
0.00687359782204794
0.007024977815375905
0.0071385128103718795
0.007900143401803207
0.007956910899301194
0.008302246509080615
0.007687265286185755
0.007687265286185755
0.007895412777011708
0.008075176519088666
0.008207634013250637
0.008472549001574577
0.009049685226137446
0.009243640842588902
0.009002378978222456
0.010681750779204574
0.010336415169425153
0.010804747023783546
0.011244695129392947
0.012398967578518685
0.01246046570080817
0.012801070685796093
0.012957181303915558
0.012980834427873053
0.012942989429541061
0.013013948801413546
0.013378206910358962
0.013709350645763887
0.015313032450082023
0.015369799947580011
0.01563944556069545
0.015762441805274422
0.015871246175478897
0.01616927553734333
0.016249696158798812
0.01637742302816928
0.01701132675023014
0.016628146142118726
0.016817371133778684
0.016855216132110672
0.017129592370017613
0.017105939246060117
0.01844470606205431
0.018520396058718296
0.018619739179339772
0.0207154059619738
0.02074378971072279
0.0206964834628078
0.020691752838016303
0.02278268899585883
0.022882032116480305
0.02355851146166465
0.017768226716869968
0.017768226716869968
0.01784391671353395
0.016542994895871743
0.016661260515659217
0.017063363622936627
0.0171674373683496
0.01756954047562701
0.017626307973124998
0.01845416731163731
0.018406861063722323
0.019144838531196154
0.01933406352285611
0.019570594762431056
0.019490174140975574
0.01955640288805656
0.019580056012014055
0.019617901010346047
0.01840213043893082
0.017725651093746474
0.017820263589576453
0.018066256078734397
0.018132484825815382
0.018175060448938875
0.01858189418100778
0.01912118540723866
0.018936691040370202
0.019433406643477587
0.020143000362202425
0.020582948467811828
0.0224704677596199
0.022626578377739362
0.022711729623986345
0.02281580336939932
0.022702268374403346
0.022929338364395296
0.024017382066440048
0.023970075818525057
0.024178223309351012
0.023506474588958163
0.023591625835205143
0.02339293959396219
0.023288865848549212
0.023492282714583666
0.02369569958061812
0.02339293959396219
0.023515935838541162
0.023023950860225274
0.023023950860225274
0.02315640835438724
0.023582164585622147
0.02356324208645615
0.023709891454992617
0.02352539708812416
0.02361054833437114
0.024291758304346985
0.024613440790168913
0.024263374555597992
0.02444313829767495
0.02443367704809195
0.024651285788500902
0.024509367044755936
0.025384532631183235
0.025521720750136707
0.025649447619507177
0.02549333700138771
0.025876517609499126
0.025885978859082122
0.026377963837398013
0.026396886336564007
0.026359041338232015
0.026931446938003385
0.027238937549450816
0.02739977879236178
0.02722474567507632
0.0277545756517242
0.02788703314588617
0.027361933794029788
0.027366664418821286
0.02756535066006424
0.027480199413817262
0.02756535066006424
0.028142486884627112
0.028208715631708094
0.028161409383793107
0.028312789377121072
0.02937244933041683
0.029575866196451285
0.029717784940196255
0.029850242434358222
0.030815289891824003
0.0312836217461824
0.03119847049993542
0.031709377977417304
0.03167153297908531
0.03166207172950231
0.032277052952397176
0.0326034660630106
0.03287784230091754
0.0325940048134276
0.03395169412858779
0.03440110348378019
0.03442002598294618
0.0343490666110737
0.03445314035648668
0.03413618849545625
0.034041575999626275
0.034500446604401665
0.03467074909689563
0.03482212909022359
0.03502081533146655
0.03511542782729653
0.03504446845542404
0.035252615946249996
0.035035007205841046
0.03513908095125402
0.03543237968832696
0.03539453468999496
0.035640527179152906
0.03509177470333903
0.03552699218415693
0.03555064530811443
0.03542764906353546
0.03561214343040391
0.03561687405519542
0.03588651966831085
0.0361041284087198
0.03600478528809833
0.03581082967164687
0.03589598091789385
0.03538507344041197
0.035351959066871476
0.03536142031645447
0.03552699218415693
0.035754062174148886
0.036056822160804816
0.036132512157468794
0.03808152957156635
0.03827075456322631
0.03863974329696323
0.0378686514559489
0.03827075456322631
0.03835590580947329
0.03838428955822228
0.038327522060724296
0.038478902054052265
0.0383038689367668
0.03835590580947329
0.038431595806137274
0.038346444559890294
0.0383369833103073
0.0383038689367668
0.03835117518468179
0.0383369833103073
0.03849782455321826
0.038526208301967256
0.040110967607119394
0.0405225319639798
0.04137404442644961
0.04137404442644961
0.04151596317019458
0.04181399253205901
0.04211202189392344
0.04268915811848631
0.04252358625078385
0.041785608783310016
0.04176195565935252
0.04214986689225543
0.04232016938474939
0.04240532063099637
0.042443165629328365
0.04321425747034269
0.043062877477014726
0.04258981499786483
0.04263712124577982
0.042627659996196825
0.04285472998618877
0.04321425747034269
0.044108345555935985
0.044254994924472456
0.044510448663213395
0.04453410178717089
0.04460506115904337
0.044865245522575814
0.044950396768822794
0.044912551770490805
0.04557956986609215
0.04547549612067918
0.045603222990049645
0.045451842996721684
0.045253156755478724
0.045267348629853224
0.04488416802174181
0.04496931926798879
0.045030817390278276
0.04512542988610826
0.046052632345242046
0.04621347358815301
0.046322277958357486
0.0462655104608595
0.04617089796502952
0.04678114856313288
0.046842646685422366
0.04752385665539821
0.04739612978602774
0.047329901038946756
0.04733936228852975
0.047419782909985234
0.04734409291332125
0.047334631663738254
0.047514395405815216
0.04593436672545457
0.045839754229624594
0.04589652172712258
0.04601005672211855
0.045872868603165085
0.04598167297336956
0.0457971786065011
0.0457924479817096
0.04591071360149708
0.04563160673879864
0.04530519362818521
0.04527680987943622
0.04548022674547068
0.04576406423296061
0.04565999048754763
0.045366691750474704
0.045418728623181186
0.04549441861984517
0.04529100175381072
0.045352499876100204
0.04507339301340177
0.044997703016737785
0.045168005509231744
0.04557483924130065
0.04549441861984517
0.04601478734691005
0.04607628546919954
0.045872868603165085
0.04594382797503757
0.04588232985274809
0.046038440470867546
0.04646419670210245
0.04650204170043444
0.04642162107897896
0.04628916358481699
0.04654934794834943
0.046577731697098425
0.046525694824391936
0.04658719294668142
0.04641215982939596
0.04599586484774406
0.04614724484107202
0.04629862483439999
0.04634593108231498
0.04634593108231498
0.04642162107897896
0.04678114856313288
0.04682372418625637
0.04681426293667337
0.04678587918792438
0.04678587918792438
0.046374314831063974
0.04656827044751543
0.04618508983940402
0.04620874296336151
0.04768942852310067
0.047632661025602686
0.047538048529772704
0.04654934794834943
0.04645000482772795
0.04640269857981297
0.04651623357480894
0.046454735452519456
0.04661557669543042
0.046643960444179414
0.04678587918792438
0.04690887543250335
0.04719271291999329
0.04726840291665727
0.047467089157900225
0.0471264841729123
0.047566432278521704
0.047684697898309175
0.047817155392471146
0.04743870540915123
0.047249480417491274
0.04717852104561879
0.04690414480771185
0.04601478734691005
0.04631754733356599
0.04720217416957628
0.04731097853978076
0.047031871677082324
0.04641215982939596
0.046506772325225945
0.04642162107897896
0.04628916358481699
0.046393237330229965
0.04621347358815301
0.04629389420960849
0.046308086083982986
0.045655259862756134
0.04542818987276419
0.04542345924797269
0.045470765495887674
0.045484957370262175
0.04567418236192213
0.04569310486108813
0.045787717356918105
0.045835023604833096
0.045835023604833096
0.0457971786065011
0.0458302929800416
0.04631754733356599
0.046251318586485
0.0466818054425114
0.04609993859315704
0.04611413046753153
0.04612832234190603
0.04629389420960849
0.04643581295335346
0.04647365795168545
0.04659665419626442
0.04654934794834943
0.047467089157900225
0.047670506023934675
0.04765631414956018
0.04777931039413915
0.04784553914122014
0.048678129104523946
0.04950598844303626
0.04970940530907071
0.04907550158700986
0.04912280783492485
0.049231612205129324
0.04924107345471232
0.04959113968928324
0.04942083719678928
0.04943975969595528
0.04918430595721433
0.04942083719678928
0.0493593390744998
0.04954383344136825
0.049567486565325745
0.04962425406282373
0.04955802531574275
0.049382992198457286
0.049534372191785254
0.0493356859505423
0.04927418782825281
0.049316763451376304
0.049316763451376304
0.04922215095554632
0.04861663098223446
0.04882004784826892
0.04875854972597943
0.048777472225145425
0.04865447598056646
0.048474712238489495
0.04819560537579106
0.047888114764343626
