0.0
0.0
0.0
0.0
0.0
0.0
0.0
0.0
0.0
0.0
0.0
0.0
0.0
0.0
0.0
0.0
0.0
0.0
0.0
0.0
0.0
0.0
0.00011353499499597422
0.00013245749416196994
0.0002743762379069377
0.0037466548348671492
0.003718271086118156
0.003845997955488627
0.004243370437974537
0.0043569054329705105
0.005544292255636741
0.00868069649240053
0.008571892122196055
0.009082799599677938
0.009082799599677938
0.009082799599677938
0.009082799599677938
0.0038649204546546225
0.005009731654197363
0.005009731654197363
0.0014996080589051595
0.0015469143068201489
0.0017456005480631037
0.0022565080255449875
0.0022612386503364865
0.0022612386503364865
0.006764793451843464
0.006764793451843464
0.006764793451843464
0.010511448286710613
0.010738518276702563
0.011003433265026502
0.011079123261690485
0.01153799386646588
0.011485956993759393
0.011599491988755366
0.011646798236670355
0.012124591340611748
0.012257048834773717
0.012257048834773717
0.012427351327267678
0.012498310699140163
0.012578731320595645
0.012782148186630099
0.012616576318927635
0.010951396392320014
0.011585300114380869
0.011689373859793847
0.012096207591862754
0.012304355082688706
0.01202524821999027
0.012545616947055152
0.012531425072680655
0.012692266315591618
0.01343024378306545
0.012432081952059177
0.007446003421819309
0.0075027709193172965
0.008657043368443034
0.00898818710384796
0.009167950845924918
0.009376098336750871
0.009716703321738794
0.010270186422344169
0.010109345179433205
0.010166112676931191
0.010596599532957595
0.010833130772532541
0.011476495744176394
0.011921174474577294
0.012810531935379092
0.014101992503458298
0.015313032450082023
0.014177682500122281
0.016703836138782707
0.01801894983081941
0.01921106727827714
0.019755089129299516
0.02087624720488476
0.02048360534719035
0.020549834094271333
0.020630254715726815
0.04352174808179012
0.04401373306010601
0.04386235306677804
0.03593855654101734
0.03607101403517931
0.02990227930706471
0.030465223657253085
0.03056929740266606
0.03069229364724503
0.030682832397662035
0.030540913653917066
0.031643149230336315
0.03096666988515197
0.03133565861888889
0.03376246913692783
0.033890196006298307
0.034027384125251775
0.03333198228090143
0.03316641041319897
0.03292987917362403
0.03296299354716452
0.033138026664449975
0.03608993653434531
0.035640527179152906
0.03569729467665089
0.03594328716580884
0.03682318337702764
0.03840794268217978
0.038564053300299245
0.047821886017262644
0.04853147973598748
0.0488910072201414
0.04930730220179331
0.05046630527571054
0.049737789057819705
0.05031019465759108
0.050669722141745
0.05130362586380585
0.05166315334795977
0.05144081398275932
0.05402373511891773
0.05564160879761037
0.0555091513034484
0.05920376926560906
0.06045738483535627
0.06052361358243726
0.06229759787924936
0.06243005537341133
0.06435068903875989
0.06948814756232773
0.06950233943670223
0.07062822813707896
0.06934622881858275
0.07465398983464455
0.07472021858172553
0.07590287477960027
0.07624347976458819
0.07647528037937164
0.07582245415814479
0.07579880103418729
0.07603060164897074
0.0761867122670902
0.07685373036269155
0.0775160178335014
0.07819722780347725
0.07807423155889827
0.07811207655723026
0.07757751595579089
0.07827764842493273
0.0893851554353722
0.08170262077397795
0.08154177953106699
0.08163639202689697
0.0862913268217319
0.08622509807465092
0.0863386330696469
0.08650420493734937
0.08702930428920574
0.0872185292808657
0.08737463989898517
0.08739356239815116
0.08816938486395698
0.08849579797457041
0.09006163478055655
0.09155651221467022
0.09224718343422905
0.09247425342422101
0.09343930088168678
0.0933636108850228
0.09367110149647023
0.09396440023354317
0.09441380958873556
0.09442800146311006
0.0947071083258085
0.09395020835916867
0.09487741081830246
0.09500986831246443
0.09764009569653784
0.09699200010010248
0.09746979320404388
0.09745087070487787
0.09784824318736379
0.09847268565984164
0.096930501977813
0.09980672185104435
0.09984929747416783
0.09931946749751995
0.10204430737742333
0.10200646237909135
0.1021862261211683
0.10395547979318889
0.1118745456941581
0.1127497112805854
0.11328900250681628
0.1162882186246266
0.1162740267502521
0.1162740267502521
0.11637810049566508
0.11703565734168343
0.11660043986086553
0.1184879591526736
0.11614629988088163
0.11630714112379259
0.11643959861795457
0.11497783555738139
0.11536574679028432
0.11577731114714472
0.11590503801651518
0.11638283112045658
0.11685116297481497
0.1153988611638248
0.11446219745510801
0.11446219745510801
0.11464196119718498
0.11475076556738945
0.11490687618550892
0.11569215990089773
0.12047955218989465
0.12316181644667454
0.12310504894917655
0.12303408957730406
0.11662882360961452
0.11677547297815098
0.11691739172189596
0.11693158359627046
0.11748033607208433
0.11942462286139038
0.10516178911502112
0.10554496972313254
0.10357702980986898
0.10365745043132446
0.10373314042798845
0.10403116978985288
0.1074514115141066
0.10687427528954374
0.10694996528620772
0.10780620837346902
0.10982145453464756
0.11021882701713348
0.1109993801077308
0.11180831694707712
0.1105594320021214
0.11327481063244178
0.12187981712817833
0.1220122746223403
0.12267929271794165
0.12277863583856313
0.11262671503600644
0.11235706942289099
0.11250371879142745
0.11251791066580195
0.11251791066580195
0.11130214009438673
0.11113183760189277
0.11049793387983191
0.11093315136064981
0.1109899188581478
0.1110466863556458
0.10384667542298442
0.10474549413336923
0.10590922783207796
0.10565377409333701
0.10555443097271554
0.10587611345853747
0.1061599509460274
0.10716284340182518
0.1061599509460274
0.10668978092267528
0.10762644463139207
0.10776836337513704
0.10770686525284755
0.10887532957634778
0.10910239956633973
0.10919701206216971
0.10867664333510482
0.10855364709052585
0.10885640707718179
0.10871448833343682
0.10876179458135181
0.10874287208218582
0.10927743268362519
0.10948558017445115
0.10946665767528514
0.10963696016777912
0.10963222954298761
0.10984983828339656
0.10988768328172856
0.11028505576421446
0.11041751325837643
0.10800016398992048
0.10825561772866142
0.10941935142737017
0.10949031079924264
0.1101147532717205
0.11014313702046949
0.11019990451796748
0.11045062763191693
0.11057835450128739
0.11215365255685654
0.11239491442122299
0.11254156378975945
0.11219622817998003
0.11216784443123104
0.11215838318164803
0.11269767440787891
0.11305247126724133
0.11304301001765833
0.11310450813994782
0.11546035928611428
0.11519071367299885
0.11515286867466686
0.11553131865798677
0.11552185740840377
0.11548401241007178
0.11547928178528029
0.1171539229614709
0.11734314795313086
0.11803381917268971
0.11772159793645078
0.11903671162848747
0.11915970787306644
0.11944827598534788
0.11947192910930537
0.1189137153839085
0.11900359725494698
0.11918809162181544
0.12124591340611747
0.12130741152840696
0.1215675958919394
0.12147298339610942
0.1215439427679819
0.12231976523378774
0.12225826711149824
0.1224474921031582
0.12382883454227589
0.12448639138829423
0.12837969559169785
0.1286162268312728
0.12911767305917168
0.13057943611974485
0.1303712886289189
0.13031452113142092
0.13052266862224687
0.13041859487683388
0.13070716298911533
0.13093896360389878
0.13097680860223077
0.1308632736072348
0.1308348898584858
0.13277917664779185
0.13277917664779185
0.13139783420867418
0.13017260238767595
0.1312701073393037
0.1338341059762961
0.1339381797217091
0.13474238593626392
0.13476603906022142
0.13461465906689343
0.13464304281564243
0.13465250406522544
0.13454369969502095
0.13547563277894625
0.13576893151601918
0.13632241461662456
0.13639337398849705
0.13664882772723796
0.1374908789401248
0.1382761626555136
0.1382761626555136
0.13860730639091853
0.13882491513132747
0.13883437638091048
0.13883910700570198
0.13916552011631542
0.13929797761047738
0.13943043510463934
0.13973792571608679
0.14111926815520445
0.14213635248537673
0.14210796873662773
0.1422688099795387
0.14173424937809934
0.14213635248537673
0.14256210871661162
0.14250061059432215
0.1427276805843141
0.1431487061907575
0.14295948119909754
0.14258576184056912
0.14293109745034854
0.14286486870326756
0.1422782712291217
0.1428081012057696
0.14302097932138702
0.1435791930467839
0.14312978369159152
0.1436501524186564
0.14410429239864028
0.14385356928469084
0.14390087553260583
0.1440286024019763
0.14425094176717676
0.1439623736548953
0.14372111179052888
0.14380153241198435
0.14467669799841165
0.1449037679884036
0.1448564617404886
0.14597761981607385
0.14611953855981882
0.14603438731357185
0.14604384856315483
0.14616684480773381
0.14646014354480674
0.14651691104230474
0.1466446379116752
0.1470845860172846
0.14692374477437364
0.1471177003908251
0.1471602760139486
0.1471318922651996
0.1471413535147826
0.14694266727353963
0.1470751247677016
0.14643175979605777
0.14651691104230474
0.1462046898060658
0.147552917871643
0.14778944911121794
0.14730692538248505
0.14768537536580498
0.1479739434780864
0.14785567785829892
0.14796448222850342
0.14985673214510298
0.1501500308821759
0.15028721900112937
0.15033925587383587
0.15023991275321438
0.15035817837300186
0.15026356587717188
0.15028248837633787
0.1503014108755039
0.15005068776155445
0.15086908585048375
0.15083124085215177
0.15076501210507076
0.15045279086883184
0.15082177960256876
0.15096369834631373
0.15096842897110524
0.15123807458422067
0.15115292333797367
0.1515266426965021
0.1523497714102229
0.15226462016397593
0.15205647267314998
0.15214162391939695
0.151971321426903
0.15204701142356697
0.15175844331128555
0.1523734245341804
0.15245857578042737
0.15257684140021485
0.15277552764145783
0.15277552764145783
0.15258630264979786
0.15320128387269272
0.15325805137019072
0.15337631698997817
0.15306409575373925
0.15314924699998622
0.15347092948580815
0.1532675126197737
0.15320128387269272
0.15314924699998622
0.15345200698664216
