0.0
0.0
0.0005298299766478798
0.0005298299766478798
0.0005298299766478798
0.005809207243960681
0.009215257093839907
0.009215257093839907
0.008628659619694041
0.008628659619694041
0.008628659619694041
0.008628659619694041
0.008628659619694041
0.00594639536291415
0.006315384096651066
0.0029802936186443234
0.0028383748748993555
0.003377666101130233
0.0018165599199355875
0.0018165599199355875
0.0020294380355530394
0.007833914654722222
0.008032600895965176
0.008117752142212158
0.009234179593005903
0.010109345179433205
0.010071500181101213
0.010185035176097187
0.012819993184962089
0.012867299432877078
0.013075446923703032
0.013803963141593866
0.013803963141593866
0.014097261878666799
0.019830779125963496
0.01873327417433575
0.01879950292141673
0.01914956915598765
0.019182683529528146
0.023057065233765765
0.022475198384411397
0.02254615775628388
0.02268807650002885
0.0246796695372499
0.025654178244298675
0.02700240630987587
0.027234206924659318
0.02520949951389778
0.025252075137021268
0.02571094574179666
0.02660503382738996
0.02933933495687634
0.03025707616642713
0.030328035538299616
0.030242884292052633
0.03025707616642713
0.03152961423534034
0.031874949845119765
0.03195063984178375
0.032579812939053106
0.032702809183632074
0.03650623151599721
0.03760846709241646
0.029665748067489766
0.02976982181290274
0.029798205561651737
0.029263644960212356
0.030209769918512142
0.031207931749518414
0.02937717995520833
0.030091504298724668
0.03301503041987101
0.026723299447177433
0.026836834442173406
0.026813181318215914
0.024121455811853022
0.025436569503889724
0.02558794949721769
0.025602141371592186
0.025658908869090176
0.027380856293195782
0.027764036901307198
0.028610818738985504
0.028620279988568503
0.02853985936711302
0.029916471181439207
0.03211148108469471
0.032953532297581516
0.031155894876811925
0.03175668422533229
0.032012137964073234
0.03241897169614214
0.03291095667445803
0.03459505910023165
0.029746168688945248
0.030493607406002078
0.030706485521619527
0.03048414615641908
0.03021450054330364
0.031908064218660256
0.03202159921365623
0.031960101091366745
0.032783229805087556
0.03379085288567683
0.0325892741886361
0.033090720416534984
0.03320898603632246
0.03337928852881642
0.03519584844875201
0.03561214343040391
0.03736720522805002
0.03705025336701959
0.0369934858695216
0.03646838651766522
0.036629227760576186
0.03682791400181914
0.039808207620463464
0.0401015063575364
0.029060228094177902
0.030384803035797603
0.03187021922032827
0.03281634417862805
0.03459505910023165
0.03490728033647057
0.035035007205841046
0.035536453433739935
0.03601897716247282
0.03633592902350325
0.036884681499317125
0.03810518269552385
0.038445787680511774
0.038445787680511774
0.03854040017634175
0.038341713935098796
0.03868704954487822
0.03887154391174667
0.03916011202402811
0.03960006012963751
0.03969940325025899
0.040777985702720745
0.040848945074593225
0.0414118894247816
0.03858770642425674
0.03916011202402811
0.03906549952819813
0.03941556576276905
0.04103817006625318
0.040900981947299714
0.04092463507125721
0.04188968252872299
0.0422870550112089
0.04301084060430824
0.0444820649144644
0.044728057403622346
0.04515381363485725
0.04517273613402324
0.045366691750474704
0.049297840952210306
0.048928852218473394
0.046677074817719905
0.05234436331793561
0.05246735956251459
0.05384397137684078
0.05478536571034906
0.05589706253635131
0.057548050588584435
0.05751966683983544
0.05787919432398936
0.05836644867751375
0.05837590992709675
0.05854621241959071
0.05810626431398131
0.058508367421258714
0.06014043297432585
0.06155488978698403
0.06153596728781803
0.06191914789592944
0.06262874161465429
0.05953491300101398
0.05878274365916566
0.0585935186675057
0.0585935186675057
0.05854621241959071
0.059785636114963424
0.05983767298766991
0.06135620354574107
0.0638823571844015
0.06308761221942968
0.06333360470858762
0.06461087340229234
0.06685318955346282
0.0677993145117626
0.06794596388029907
0.06794596388029907
0.0678087757613456
0.06825345449174651
0.06857513697756844
0.06760062827051966
0.06763374264406015
0.06120009292762161
0.06113386418054062
0.061649502282814
0.06243005537341133
0.0625293984940328
0.0625435903684073
0.06278485223277375
0.062467900371743317
0.062420594123828325
0.06309234284422117
0.06487578839061627
0.0651738177524807
0.0647054858981223
0.06486632714103327
0.06486632714103327
0.06506974400706773
0.06573203147787758
0.06631389832723195
0.06638958832389592
0.06654096831722389
0.06646054769576841
0.06685792017825432
0.0669714551732503
0.06744924827719169
0.06771416326551563
0.06889681946339035
0.06884478259068387
0.06898197070963734
0.0700605531620991
0.0709404493733179
0.07108709874185436
0.07126686248393133
0.07347133363676982
0.07361325238051479
0.07428027047611614
0.074885790449428
0.07432284609923963
0.07435122984798861
0.07565215166565083
0.07699564910643653
0.07816411342993676
0.07686319161227455
0.07713283722539
0.07789919844161282
0.07867975153221014
0.07989552210362535
0.08054361770006072
0.08100248830483611
0.08091733705858913
0.08070918956776317
0.08086056956109114
0.08086056956109114
0.08122482767003655
0.07947449649718195
0.08034020083402627
0.08026924146215378
0.08203849513417437
0.08240748386791129
0.08315492258496812
0.0832542657055896
0.08360433194016052
0.08354756444266254
0.08429973378451086
0.08452207314971132
0.08512759312302318
0.08738410114856816
0.08838699360436593
0.08912970169663126
0.08932838793787422
0.08949869043036818
0.09054888913408095
0.09038804789116998
0.08994336916076907
0.09004271228139056
0.08921958356766975
0.08954599667828317
0.08957438042703217
0.08971156854598564
0.08999067540868406
0.08976833604348362
0.09290474028024741
0.09505717456037942
0.09482537394559597
0.09492471706621745
0.09465034082831052
0.09480645144642998
0.09499567643808993
0.0951234033074604
0.09198226844590512
0.09189711719965814
0.0920437665681946
0.09209107281610959
0.0925546740456765
0.09318384714294585
0.09303246714961788
0.09283851153316643
0.09235125717964203
0.09281958903400042
0.09265401716629797
0.09266347841588096
0.09253575154651049
0.09254521279609348
0.09327845963877582
0.09302773652482638
0.09368529337084473
0.09307977339753287
0.09440907896394407
0.0947165695753915
0.09496256206454944
0.09510921143308591
0.0942576989706161
0.09580934390222774
0.09605060576659419
0.09616414076159017
0.09620198575992216
0.09661828074157407
0.09711499634468146
0.09750763820237586
0.0960364138922197
0.09527951392557987
0.09544981641807383
0.0955870045370273
0.09593707077159822
0.09630605950533513
0.09677912198448503
0.09509501955871141
0.09529843642474586
0.09628713700616914
0.09715284134301344
0.09929581437356245
0.09942354124293293
0.09989660372208282
0.09988714247249983
0.09972630122958887
0.0995370762379289
0.09948030874043091
0.09985875872375083
0.0999486405947893
0.10064404243913964
0.10059200556643316
0.09984456684937633
0.10089949617788059
0.10198753987992534
0.1022051486203343
0.10214365049804482
0.10204903800221483
0.10209634425012983
0.10272551734739918
0.10387978979652492
0.10316073482821708
0.10339726606779202
0.10363852793215847
0.10356756856028598
0.1048590291283652
0.10453261601775177
0.10543143472813657
0.1052753241100171
0.10533682223230659
0.10612683657248691
0.10587611345853747
0.10650055593101532
0.1070682309059952
0.10767375087930706
0.10782513087263502
0.1079244739932565
0.10797651086596298
0.10816100523283144
0.10823196460470393
0.1083549608492829
0.10857256958969184
0.1096937276652771
0.11040805200879343
0.10953288642236614
0.10948084954965964
0.10914024456467172
0.10913551393988022
0.1092159345613357
0.10942881267695316
0.10910239956633973
0.10975049516277509
0.11000121827672453
0.1097173807892346
0.10993972015443504
0.11007217764859702
0.11005325514943101
0.10975522578756658
0.10962276829340462
0.10946665767528514
0.10992079765526905
0.10996810390318404
0.11027086388983996
0.11037966826004444
0.11037020701046145
0.11079596324169634
0.11212999943289904
0.11204957881144356
0.11211580755852454
0.11222934255352052
0.11223880380310351
0.10881383145405829
0.10866245146073034
0.10871448833343682
0.10869083520947932
0.10885167645239029
0.10892736644905426
0.10940989017778716
0.10951396392320013
0.10933893080591468
0.10926324080925069
0.1092395876852932
0.10890371332509678
0.10947611892486815
0.10950450267361714
0.10955653954632363
0.10929162455799969
0.1083360383501169
0.10779674712388602
0.10790555149409051
0.10773997962638804
0.10802854773866948
0.1083880752228234
0.10827454022782741
0.1083738833484489
0.10755548525951958
0.1078771677453415
0.10808058461137596
0.10827927085261892
0.10798124149075448
0.10811369898491646
0.10782040024784352
0.1083691527236574
0.10852999396656836
0.1088327539532243
0.1087949089548923
0.10890844394988827
0.10993498952964355
0.11028505576421446
0.11037020701046145
0.11037966826004444
0.11062566074920238
0.11034182326171245
0.11051685637899791
0.10977414828673258
0.10978360953631558
0.10956600079590663
0.11063039137399389
0.11016679014442698
0.10988768328172856
0.10904563206884174
0.1092585101844592
0.1092301264357102
0.10842118959636389
0.10948084954965964
0.10982618515943907
0.11004852452463952
0.10896521144738626
0.10875233333176881
0.1087996395796838
0.10830765460136792
0.10942408205216166
0.10978834016110707
0.10998229577755853
0.11003433265026502
0.11029924763858896
0.10947138830007665
0.10957073142069812
0.11198808068915407
0.1118981988181156
0.11127848697042923
0.11161436133062566
0.11154813258354468
0.11018571264359299
0.11028978638900597
0.11025194139067397
0.11022355764192497
0.11023774951629947
0.11027559451463147
0.10990660578089455
0.10984510765860506
0.10975049516277509
0.11026613326504847
0.11061619949961939
0.1105878157508704
0.11078650199211335
0.11071554262024086
0.11091422886148382
0.11084800011440284
0.11112710697710126
0.11029451701379746
0.11028978638900597
0.11017152076921849
0.11007217764859702
0.11021409639234198
0.11045062763191693
0.1105830851260789
0.11039859075921044
0.11049320325504042
0.11052631762858091
0.11084800011440284
0.11066350574753438
0.11060673825003639
