0.0
0.0
0.0
0.0
0.0
0.0
0.0
0.0
0.0
0.0
0.0
0.0
0.0
1.8922499165995704e-05
1.8922499165995704e-05
1.8922499165995704e-05
1.8922499165995704e-05
1.8922499165995704e-05
1.8922499165995704e-05
1.8922499165995704e-05
1.8922499165995704e-05
1.8922499165995704e-05
1.8922499165995704e-05
3.784499833199141e-05
3.784499833199141e-05
0.00011353499499597422
0.00011353499499597422
0.0003595274841539184
0.0003973724824859098
0.0004352174808179012
0.00017030249249396133
0.00017030249249396133
0.0001986862412429549
0.0001986862412429549
0.0005582137253968733
0.0006055199733118625
0.0008183980889293142
0.0014854161845306627
0.0031127511128062934
0.003448625473002717
0.004148757942144558
0.0032120942334277706
0.003585813591956186
0.006575568460183507
0.007360852175572329
0.008056254019922672
0.008832076485728495
0.012611845694136137
0.013188981918699006
0.013373476285567464
0.014319601243867249
0.014674398103229668
0.014750088099893652
0.01528464870133303
0.016183467411717826
0.016770064885863693
0.01867177605204626
0.01846362856122031
0.019518557889724567
0.02020922910928341
0.020625524090935318
0.020947206576757246
0.021879139660682532
0.027499121912983256
0.02823236875566559
0.0281803318829591
0.02836955687461906
0.028724353733981477
0.02853985936711302
0.028572973740653512
0.030635526149747044
0.030943016761194476
0.030555105528291562
0.03203579108803073
0.030706485521619527
0.030857865514947496
0.034396372858988694
0.034770092217517104
0.03740978085117351
0.03942975763714355
0.040498878840022304
0.03738139710242451
0.0378639208311574
0.038114643945106844
0.04070229570605676
0.041690996287480034
0.045532263618177166
0.045920174851080076
0.04897615846638838
0.04908496283659285
0.04236274500787288
0.04264185187057132
0.04268442749369481
0.044898359896116305
0.045097046137359265
0.04528154050422772
0.03977036262213147
0.04016773510461738
0.040593491335852286
0.04077325507792924
0.042679696868903313
0.04291149748368676
0.04276484811515029
0.04342713558596014
0.043332523090130165
0.04329467809179817
0.04212148314350644
0.04249993312682635
0.04127470130582813
0.04167680441310554
0.04374408744699057
0.04444895054092391
0.04512069926131675
0.04518692800839774
0.04523423425631273
0.04565999048754763
0.044728057403622346
0.04474697990278834
0.0453808836248492
0.04496931926798879
0.04436852991946843
0.045248426130687226
0.04571202736025412
0.045839754229624594
0.04549441861984517
0.045551186117343156
0.04542818987276419
0.04560795361484114
0.045820831730458596
0.0458161011056671
0.046137783591489026
0.046809532311881875
0.04663922981938791
0.04700348792833333
0.046123591717114526
0.046643960444179414
0.04746235853310873
0.04717379042082729
0.047500203531440716
0.04739139916123624
0.049061309712635365
0.04908496283659285
0.04826183412287204
0.048119915379127076
0.048422675365783006
0.04897615846638838
0.04870178222848144
0.04880585597389442
0.048574055359110975
0.04900454221513737
0.04897142784159688
0.048995080965554376
0.050423729652587054
0.0502297740361356
0.050007434670935144
0.04995066717343716
0.05162057772483628
0.051601655225670284
0.0493214940761678
0.050797449011115464
0.05003108779489264
0.0502108515369696
0.0510860171233969
0.05131308711338885
0.05101505775152442
0.05096775150360943
0.0506555302673705
0.05061295464424701
0.04996012842302016
0.05016827591384611
0.05068864464091099
0.050371692779880566
0.050456844026127545
0.05100559650194142
0.05094882900444343
0.050991404627566926
0.051161707120060886
0.048607169732651466
0.0484557897393235
0.048025302883297094
0.04827129537245504
0.048375369117868015
0.04869705160368994
0.04895250534243089
0.04918430595721433
0.04878693347472842
0.04855040223515348
0.04907550158700986
0.04920322845638033
0.04911807721013335
0.04915119158367384
0.049212689705963326
0.048432136615366
0.04826183412287204
0.04826183412287204
0.04857878598390247
0.04853621036077898
0.048422675365783006
0.04819087475099956
0.05031492528238258
0.0502203127865526
0.050858947133404955
0.05081637151028146
0.05053726464758303
0.05024396591051009
0.05017300653863761
0.04825237287328905
0.048205066625374056
0.048072609131212085
0.047320439789363754
0.04730151729019776
0.0471406760472868
0.04688995293333736
0.04680480168709037
0.04695145105562684
0.046842646685422366
0.0467007279416774
0.04656353982272393
0.04627970233523399
0.04608574671878254
0.04611413046753153
0.04539034487443219
0.046019517971701555
0.04598167297336956
0.04648311920126845
0.04621820421294451
0.046393237330229965
0.046662882943345405
0.04700821855312483
0.047769849144556155
0.04770835102226667
0.04742924415956823
0.04745762790831723
0.047722542896641164
0.04772727352143266
0.04754750977935571
0.047736734771015664
0.04853147973598748
0.04795907413621611
0.048744357851604934
0.04847944286328099
0.048829509097851914
0.048389560992242515
0.04851728786161299
0.049785095305734696
0.04980874842969219
0.049633715312406734
0.05059876276987251
0.05047576652529354
0.050404807153421056
0.05026288840967609
0.05001216529572665
0.050201390287386606
0.04737247666207024
0.046445274202936454
0.046643960444179414
0.04671965044084339
0.04674330356480089
0.04662030732022192
0.04658719294668142
0.04687576105896286
0.046270241085651
0.04653515607397494
0.046525694824391936
0.04661557669543042
0.04658719294668142
0.04690414480771185
0.04734409291332125
0.04741032166040224
0.048039494757671594
0.04823818099891455
0.048086801005586585
0.04811518475433558
0.04720217416957628
0.0471406760472868
0.04655880919793243
0.04592963610066307
0.04606209359482504
0.04589652172712258
0.046260779836067994
0.04611413046753153
0.04319060434638519
0.042968264981184744
0.041506501920611574
0.041601114416441556
0.04202214002288496
0.041922796902263484
0.04168153503789704
0.04197483377496997
0.04188022127913999
0.042211365014544915
0.04237220625745588
0.04250466375161785
0.04277430936473329
0.0427222724920268
0.04214513626746393
0.0431716818472192
0.04331360059096417
0.0431669512224277
0.04302976310347423
0.04336090683887916
0.04263712124577982
0.04248574125245185
0.04242424313016237
0.04275538686556729
0.042575623123490336
0.042343822508706885
0.04112805193729166
0.0413976975504071
0.041099668188542667
0.04107128443979367
0.04082529195063573
0.0409766719439637
0.041672073788314036
0.04203160127246796
0.04197483377496997
0.042041062522050955
0.04189441315351449
0.04162476754039905
0.04109020693895967
0.0409388269456317
0.040915173821674214
0.04118481943478965
0.040981402568755196
0.041288893180202624
0.041454465047905086
0.040763793828346245
0.04134093005290911
0.04127943193061963
0.04114697443645766
0.04107601506458518
0.04078271632751224
0.040598221960643784
0.040513070714396804
0.04037115197065184
0.04020558010294937
0.0401015063575364
0.040073122608787405
0.040408996968983826
0.04031911509794535
0.0405272625887713
0.040531993213562795
0.040508340089605306
0.04042318884335832
0.040021085736080916
0.039803476995671966
0.03978455449650597
0.039524370132973524
0.039500717009016036
0.03908915265215562
0.0387532782919592
0.03864447392175473
0.038616090173005733
0.03828967706239231
0.038161950193021835
0.03801057019969387
0.038176142067396335
0.03807206832198336
0.03704079211743659
0.037135404613266566
0.03642108026975023
0.0361372427822603
0.03607574465997081
0.03608047528476231
0.0356689109279019
0.03536615094124597
0.03511542782729653
0.035304652818956485
0.03533303656770548
0.0357020253014424
0.03603789966163882
0.03564998842873591
0.03547022468665895
0.035252615946249996
0.03519584844875201
0.035422918438743956
0.03539453468999496
0.03529519156937349
0.0352478853214585
0.03560268218082092
0.03571621717581689
0.03557902905686342
0.03547968593624194
0.03533303656770548
0.03558375968165492
0.03562633530477841
0.0356641803031104
0.03543237968832696
0.03514854220083702
0.03507758282896454
0.035257346571041494
0.03532357531812248
0.03531411406853948
0.035342497817288474
0.0352478853214585
0.03527626907020749
0.0352478853214585
0.03529992219416499
0.03532830594291398
0.03551280030978244
0.03536615094124597
0.03539453468999496
0.03550333906019944
0.035555375932905926
0.035706755926233895
0.03557902905686342
0.03561687405519542
0.03558849030644642
0.03515800345042002
0.034647095972938136
0.0343348747366992
0.03423553161607773
0.03409361287233276
0.033994269751711284
0.03386181225754931
0.033691509765055354
0.03373408538817884
0.033894926631089804
0.03379085288567683
0.03354486039651888
0.03343605602631441
0.03356851352047638
0.033284676032986446
0.033223177910696955
0.03253723731592961
0.032395318572184646
0.032381126697810146
0.032381126697810146
0.03185129672116227
0.03156745923367233
0.03133092799409739
0.03154380610971484
0.03164787985512781
0.03177087609970679
0.03118900925035242
0.031113319253688435
0.031132241752854433
0.03129781362055689
0.03100451488348396
0.03106128238098195
0.031212662374309915
0.03133565861888889
0.0312741604965994
0.031255237997433405
0.03110385800410544
0.030777444893492014
0.03053145240433407
0.030143541171431157
0.03003946742601818
0.029973238678937194
0.03044157053329559
0.030337496787882612
0.030365880536631605
0.030323304913508115
0.030091504298724668
0.02960424994520028
0.029268375585003854
0.029471792451038308
0.02937244933041683
0.029348796206459336
0.02915957121479938
0.029093342467718396
0.028913578725641435
0.028956154348764924
0.028776390606687966
0.028511475618364028
0.028563512491070517
0.028639202487734498
0.02840740187295105
0.028733814983564476
0.02868650873564949
0.028691239360440986
0.02854458999190452
0.028468899995240538
0.02827967500358058
0.02823709938045709
0.027967453767341652
0.027934339393801157
0.027740383777349702
0.02779715127484769
0.027782959400473192
0.027456546289859766
0.027456546289859766
0.02739031754277878
0.027380856293195782
0.027371395043612787
0.027413970666736277
0.026798989443841417
0.026595572577806963
0.026595572577806963
0.02660976445218146
0.026051550726784587
0.026008975103661094
0.0259995138540781
0.02603262822761859
0.026056281351576085
0.025994783229286597
0.025346687632851247
0.025204768889106277
0.025039197021403815
