0.0
0.0
0.0
0.0
0.0
0.0
0.0
0.0
0.0
7.095937187248389e-05
7.095937187248389e-05
7.095937187248389e-05
7.095937187248389e-05
7.095937187248389e-05
7.095937187248389e-05
7.095937187248389e-05
7.095937187248389e-05
0.00016557186770246242
0.00022233936520044953
0.0002601843635324409
0.00029802936186443236
0.00029802936186443236
0.0004210256064434044
0.0004210256064434044
0.0004352174808179012
0.0003973724824859098
0.0004919849783158883
0.0005061768526903851
0.000577136224562869
0.0005534831006053743
0.0008278593385123121
0.0009887005814232755
0.0010643905780872583
0.001206309321832226
0.0017739842968120972
0.002038899285136037
0.002549806762617921
0.002318006147834474
0.0023936961444984564
0.002355851146166465
0.002563998636992418
0.0028383748748993555
0.0028099911261503623
0.0048110454129544076
0.005624712877092223
0.005672019125007212
0.006097775356242115
0.005634174126675221
0.006613413458515498
0.006670180956013486
0.0070770146880823935
0.007810261530764727
0.007867029028262714
0.00797110277367569
0.008217095262833634
0.00828332400991462
0.007952180274509694
0.007952180274509694
0.0075831915407727785
0.007819722780347725
0.007010785941001408
0.007270970304533849
0.0076636121622282605
0.005454410384598262
0.0043048685602640226
0.004333252309013016
0.004957694781490874
0.005421296011057769
0.005146919773150831
0.006282269723110574
0.0074933096697342985
0.007587922165564277
0.007261509054950851
0.009607898951534318
0.00977820144402828
0.00977820144402828
0.010497256412336117
0.01563944556069545
0.01370462002097239
0.014239180622411767
0.014958235590719604
0.02078636533384628
0.020639715965309814
0.021609494047567093
0.022035250278801998
0.020819479707386773
0.02233801026545793
0.023932230820193065
0.02571094574179666
0.02193590715818052
0.022134593399423474
0.0224515452604539
0.022825264618982318
0.023709891454992617
0.023676777081452126
0.0237903120764481
0.024022112691231546
0.024674938912458397
0.0246607470380839
0.023856540823529084
0.02443367704809195
0.025455492003055722
0.0444915261640474
0.045825562355250093
0.04726840291665727
0.04761373852643669
0.029083881218135398
0.02666180132488795
0.02641580883573
0.027082826931331353
0.02937244933041683
0.029310951208127347
0.029301489958544348
0.02946706182624681
0.029646825568323768
0.03052199115475107
0.0299448549301882
0.032887303550500534
0.03273119293238107
0.033024491669454
0.03335090478006743
0.03315694916361597
0.035403995939577965
0.03571148655102539
0.03588178904351935
0.03687048962494263
0.03827075456322631
0.03678533837869565
0.03720636398513905
0.03678060775390415
0.036969832745564105
0.03769834896345494
0.03153907548492334
0.033757738512136336
0.03381923663442582
0.03532830594291398
0.03277376855550456
0.033204255411530964
0.03324683103465445
0.0330386835438285
0.0330386835438285
0.03460925097460614
0.03497350908355156
0.03502081533146655
0.03553172280894843
0.0357020253014424
0.037338821479301024
0.03677587712911265
0.03748074022304599
0.03659138276224419
0.036969832745564105
0.03828494643760081
0.0387390864175847
0.04035222947148584
0.04022450260211537
0.04060295258543528
0.04796380476100761
0.04839429161703401
0.04747655040748322
0.04783134726684564
0.04761373852643669
0.04792595976267562
0.04834698536911902
0.050239235285718595
0.050106777791556624
0.05103398025069041
0.05082110213507296
0.0519753745841987
0.04967629093553022
0.04824764224849755
0.048342254744327524
0.04811518475433558
0.04822871974933155
0.04876328035077093
0.0510860171233969
0.05115224587047789
0.0519801052089902
0.060887871691382676
0.061327819796992075
0.06140350979365606
0.06193333977030394
0.06414727217272544
0.06458722027833484
0.06493728651290576
0.06538669586809816
0.06727894578469773
0.0683102219892445
0.06794123325550758
0.06527789149789368
0.06771889389030712
0.06834333636278499
0.0691522732021313
0.0682723769909125
0.06909550570463331
0.06909550570463331
0.07052415439166598
0.07103033124435637
0.07346660301197833
0.07521693418483293
0.07449787921652509
0.07727002534434346
0.07684426911310856
0.07683007723873406
0.07713756785018148
0.07786608406807233
0.07789919844161282
0.07913862213698554
0.07899197276844906
0.07845741216700969
0.0788689765238701
0.07900616464282356
0.07893993589574258
0.07903454839157256
0.07895885839490857
0.08076595706526117
0.08253048011249026
0.0823791001191623
0.08364690756328401
0.08310761633705313
0.08316438383455112
0.07873651902970813
0.07893520527095108
0.0788595152742871
0.07873178840491663
0.0801415145927833
0.0801604370919493
0.08084164706192515
0.08120117454607907
0.08246425136540927
0.08254940261165626
0.0828332400991462
0.08273862760331621
0.08289000759664418
0.08312180821142763
0.08315019196017662
0.08291839134539318
0.08307450196351264
0.08403008817139543
0.08380774880619497
0.0823601776199963
0.08303192634038915
0.08244532886624328
0.08336780070058557
0.07714229847497299
0.07720379659726247
0.07757278533099939
0.07766739782682937
0.07769578157557835
0.07754913220704189
0.07766266720203786
0.07858040841158866
0.07919538963448353
0.08129578704190904
0.08135728516419853
0.08070918956776317
0.08288527697185269
0.08351445006912205
0.08214256887958735
0.0823649082447878
0.08245952074061778
0.08254467198686476
0.08258251698519675
0.08284270134872919
0.08346241319641555
0.08282850947435469
0.08293258321976767
0.08351445006912205
0.08348606632037305
0.08411050879285091
0.08419092941430639
0.08438015440596634
0.08443692190346433
0.0846261468951243
0.08125794204357706
0.08113967642378958
0.08152285703190099
0.08297988946768266
0.08233179387124731
0.08276228072727371
0.08261563135873724
0.08350498881953904
0.08345295194683255
0.08429027253492787
0.08422404378784688
0.08435177065721736
0.08490052313303123
0.08479644938761825
0.08481537188678424
0.0846261468951243
0.08487687000907373
0.08485794750990773
0.08343876007245805
0.08347660507079005
0.08357121756662003
0.08353337256828804
0.08187292326647191
0.08171208202356095
0.08202430325979988
0.08222298950104283
0.08194861326313589
0.0818776538912634
0.08198172763667638
0.08188238451605491
0.08187292326647191
0.08269605198019273
0.08141405266169652
0.081503934532735
0.08183034764334843
0.08383140193015247
0.08374625068390548
0.08362798506411802
0.08470183689178827
0.08472075939095426
0.08467818376783078
0.08487213938428223
0.08487687000907373
0.08525058936760214
0.08523639749322764
0.08622982869944243
0.08696780616691625
0.0863433636944384
0.0863433636944384
0.08676911992567331
0.08693469179337576
0.0876963223848071
0.08839172422915743
0.0885525654720684
0.08838699360436593
0.08834441798124244
0.08818830736312298
0.08818830736312298
0.08864244734310688
0.08865663921748138
0.08864244734310688
0.08912024044704826
0.08863771671831537
0.08850525922415341
0.09006636540534806
0.09067188537865992
0.09093206974219235
0.0911496784826013
0.0920958034409011
0.09214310968881607
0.09218568531193957
0.09201065219465411
0.09173627595674717
0.09225191405902056
0.09348187650481028
0.09320276964211184
0.09352918275272526
0.09352445212793377
0.09369475462042773
0.09388871023687918
0.09418673959874362
0.0942482377210331
0.09468345520185101
0.09436650334082057
0.09442800146311006
0.09464087957872751
0.09639121075158212
0.09654259074491008
0.09665612573990606
0.09665139511511456
0.09676019948531903
0.09683588948198302
0.09680750573323402
0.09671289323740405
0.09684062010677451
0.0968784651051065
0.09826453816901569
0.09837807316401166
0.09836861191442867
0.10022774745748775
0.10032709057810922
0.09945665561647342
0.09957019061146939
0.09973576247917186
0.09974049310396335
0.10030816807894323
0.10013786558644927
0.10227610799220678
0.10337361294383453
0.10343984169091551
0.10361960543299248
0.10228083861699828
0.10234706736407927
0.10245114110949224
0.10266401922510969
0.10256940672927971
0.10314654295384258
0.10367164230569896
0.1034776866892475
0.10294785671259962
0.10258359860365421
0.10228556924178978
0.10254102298053072
0.10204430737742333
0.10203011550304884
0.1017131636420184
0.10141513428015397
0.10144351802890297
0.101311060534741
0.1012779461612005
0.10155232239910744
0.10182669863701438
0.10177939238909939
0.10372367917840546
0.10362906668257547
0.10357229918507749
0.10365745043132446
0.10393182666923141
0.10368110355528196
0.10366218105611597
0.1035060704379965
0.1034871479388305
0.10341618856695803
0.10354864606111999
0.10332157607112805
0.10329319232237905
0.10324115544967256
0.10338780481820903
0.10357229918507749
0.10325534732404706
0.10328373107279605
0.10349660918841351
0.10248898610782423
0.10241329611116025
0.10231868361533027
0.10242275736074324
0.10226664674262378
0.10231395299053878
0.10252210048136473
0.10240383486157725
0.10093734117621259
0.10080015305725912
0.10083799805559111
0.10097991679933607
0.09968845623125687
0.0999628324691638
0.09927689187439646
0.09845376316067565
0.09883221314399557
0.09907347500836201
0.09904509125961301
0.09898832376211503
0.099092397507528
0.09924850812564746
0.09926743062481347
0.09859095127962912
0.09844430191109264
0.09846795503505014
0.0986287962779611
0.09892682563982554
0.09893155626461704
0.09923431625127298
0.09991552622124882
0.09994390996999782
0.10008109808895128
0.10028924557977723
0.10079069180767612
0.10082380618121661
0.10102249242245956
0.10100830054808507
0.10105560679600006
0.10102249242245956
0.10124483178766001
0.1013063299099495
0.10147663240244346
0.10091368805225509
0.10056362181768418
0.10049266244581169
0.10057781369205866
0.10060146681601616
0.10030816807894323
0.10040278057477321
0.10038385807560721
0.1004595480722712
0.0999486405947893
0.09920120187773247
0.09991552622124882
0.09971210935521437
0.09989187309729132
0.1000243305914533
0.09931473687272846
0.09918701000335799
0.09934785124626895
0.09914443438023449
0.09923904687606447
0.09927689187439646
0.09915862625460899
0.09923904687606447
0.09922012437689848
0.09920593250252398
0.09920593250252398
0.09914916500502599
0.09937623499501794
0.09927216124960496
0.09913024250586
0.099092397507528
0.09896940126294904
