0.0
0.0
0.0
0.0
0.0
0.0
0.0
0.0
0.0
4.257562312349033e-05
7.095937187248389e-05
9.934312062147745e-05
0.0001466493685364667
0.00020341686603445383
0.0007285162178908346
0.0013624199399516906
0.002180818028881005
0.0022565080255449875
0.002384234894915459
0.002478847390745437
0.0026775336319883923
0.0029140648715633385
0.003008677367393317
0.0030134079921848157
0.0030512529905168074
0.0034155110994622245
0.00356689109279019
0.0037324629604926526
0.0028998729971888414
0.0034155110994622245
0.004394750431302503
0.006362690344566055
0.00577136224562869
0.007110129061622886
0.008562430872613056
0.009806585192777273
0.013978996258879326
0.015071770585715578
0.01731408673688607
0.018827886670165727
0.01004311643235222
0.010771632650243055
0.011315654501265432
0.01141026699709541
0.023047603984182766
0.021954829657346516
0.022882032116480305
0.02567783136825617
0.026240775718444544
0.039439218886726544
0.04043738071773282
0.04062660570939278
0.04268442749369481
0.04546130424630468
0.047599546652062195
0.04969521343469622
0.05126578086547386
0.05280323392271101
0.052826887046668505
0.05258562518230206
0.053763550755385296
0.05704660436068555
0.05722163747797101
0.056857379369025594
0.05569364567031686
0.057179061854847515
0.06684845892867132
0.0683102219892445
0.06843794885861497
0.057179061854847515
0.05968156236955045
0.07023085565459306
0.07373624862509376
0.07603060164897074
0.07807896218368977
0.07117698061289283
0.07156489184579576
0.06997540191585211
0.07165004309204273
0.07260562929992552
0.07368894237717877
0.07581299290856179
0.07641851288187365
0.07901562589240656
0.08112548454941508
0.08284270134872919
0.08473022064053726
0.08539250811134712
0.08745979114523214
0.08912970169663126
0.08873232921414535
0.09093680036698386
0.09128213597676328
0.09152339784112973
0.09166531658487469
0.09369475462042773
0.10188819675930387
0.10338307419341752
0.10500094787211016
0.10929162455799969
0.110119483896512
0.11261725378642343
0.11212053818331605
0.1127355194062109
0.07261035992471701
0.08312180821142763
0.08454572627366881
0.08596491371111849
0.08707187991232923
0.08099775768004461
0.08187292326647191
0.08488633125865673
0.08554861872946658
0.08621563682506793
0.09580461327743625
0.09792866380881926
0.09619725513513067
0.09542616329411634
0.09724272321405192
0.09774416944195082
0.10072446306059513
0.10319857982654908
0.10141040365536248
0.10163747364535443
0.10213891987325331
0.10165166551972893
0.10607479969978041
0.10472184100941173
0.09919174062814948
0.10141986490494548
0.10125902366203451
0.10105560679600006
0.1017746617643079
0.10092314930183809
0.10190711925846986
0.10225718549304079
0.10152393865035846
0.10122117866370252
0.10144824865369446
0.101263754286826
0.10231868361533027
0.09990133434687432
0.09248371467380401
0.09348660712960177
0.09352445212793377
0.09343930088168678
0.09189711719965814
0.0920674196921521
0.09007109603013955
0.07992390585237436
0.08996229165993508
0.09253575154651049
0.09468345520185101
0.09741302570654589
0.09759752007341434
0.09859568190442061
0.0982692687938072
0.10008109808895128
0.10021828620790475
0.10068188743747164
0.10256467610448822
0.10359595230903498
0.10428189290380233
0.10452315476816877
0.10500567849690166
0.1052800547348086
0.10494418037461217
0.10516651973981263
0.1052564016108511
0.1057531172139585
0.10682696904162875
0.10142932615452847
0.1013536361578645
0.09888425001670205
0.096902118229064
0.09766374882049533
0.09779147568986579
0.09762117319737183
0.09231814280610154
0.09282905028358343
0.092464792174638
0.09236544905401653
0.09213837906402458
0.09457938145643803
0.09584245827576825
0.09591814827243222
0.09667031761428055
0.09816519504839422
0.0982598075442242
0.09843484066150965
0.09821250129630921
0.09848214690942464
0.09893155626461704
0.10115494991662154
0.10227137736741528
0.09587084202451723
0.09638174950199913
0.09715757196780495
0.0981841175475602
0.09816046442360271
0.09995337121958081
0.10109818241912355
0.10231395299053878
0.10148609365202646
0.09817938692276872
0.09835442004005417
0.09859568190442061
0.0986619106515016
0.09931000624793695
0.10047847057143719
0.10181250676263989
0.10231395299053878
0.10316546545300857
0.1025930598532372
0.10178412301389089
0.10185508238576338
0.10208215237575533
0.10278228484489717
0.10332630669591954
0.10227137736741528
0.1022193404947088
0.10221460986991729
0.10216257299721081
0.10236598986324526
0.10243221861032624
0.10331684544633654
0.10244167985990925
0.10176993113951639
0.10252683110615622
0.10186927426013788
0.10246060235907524
0.10244167985990925
0.11170424320166414
0.11135890759188471
0.10641540468476834
0.10677493216892225
0.10645324968310033
0.10844484272032139
0.1079528577420055
0.10718176590099117
0.10817046648241445
0.10813735210887394
0.10887059895155628
0.10926324080925069
0.10916862831342071
0.10992552828006054
0.11082907761523685
0.11064931387315988
0.11105614760522879
0.11067296699711737
0.11028032513942296
0.11015732889484399
0.1105499707525384
0.11036547638566994
0.11212526880810754
0.11221515067914603
0.11215838318164803
0.11220568942956302
0.11217730568081404
0.11238545317163999
0.11116968260022476
0.11096626573419031
0.11034182326171245
0.1096653439165281
0.11069662012107487
0.11045062763191693
0.1105641626269129
0.10991606703047754
0.1105452401277469
0.11022828826671648
0.10945719642570215
0.10938623705382966
0.10959911516944712
0.10842592022115538
0.10823196460470393
0.1088327539532243
0.10951869454799164
0.10971265016444309
0.11133998509271872
0.11063039137399389
0.11043643575754243
0.10988295265693705
0.11052631762858091
0.11061619949961939
0.11185562319499211
0.11208269318498405
0.11200700318832008
0.11109872322835228
0.10994445077922654
0.10913551393988022
0.1083502302244914
0.10924904893487619
0.10959438454465562
0.1096606132917366
0.10915443643904622
0.10886586832676479
0.10837861397324039
0.10825088710386993
0.10779674712388602
0.10637282906164484
0.10609372219894642
0.10722907214890616
0.10694523466141623
0.10683169966642024
0.10675600966975626
0.10651947843018132
0.10568215784208601
0.10557335347188153
0.1052895159843916
0.1040122472906869
0.10371894855361395
0.10327426982321306
0.10368110355528196
0.08533574061384913
0.08524112811801915
0.08429973378451086
0.08388343880285895
0.08404428004576991
0.08439907690513233
0.08473495126532876
0.08419566003909788
0.08383613255494397
0.08393547567556545
0.08436596253159184
0.08353337256828804
0.08388816942765046
0.0832968413287131
0.08332995570225359
0.0832542657055896
0.08330630257829609
0.08298935071726565
0.08232233262166432
0.08223245075062584
0.0823554469952048
0.08125321141878555
0.08122955829482806
0.08094099018254662
0.07998540397466385
0.07988606085404236
0.08004217147216183
0.07979144835821239
0.07998067334987234
0.07958803149217793
0.08054834832485222
0.08029762521090276
0.07965426023925892
0.08066661394463968
0.08051523395131172
0.08005636334653632
0.07915754463615153
0.07902035651719806
0.07935150025260299
0.07990498335320836
0.08051523395131172
0.0801509758423663
0.07968264398800791
0.08050104207693723
0.08041116020589874
0.08030708646048577
0.08040169895631574
0.08157962452939897
0.08178304139543344
0.081494473283152
0.07985767710529337
0.07942719024926696
0.07920958150885801
0.07865609840825265
0.0788311315255381
0.07876490277845712
0.07892574402136808
0.07852364091409067
0.07774781844828485
0.07770051220036986
0.07788027594244681
0.07713756785018148
0.07689630598581504
0.07675438724207008
0.07672600349332108
0.0766124684983251
0.07734098471621594
0.07759643845495688
0.07770051220036986
0.07850471841492468
0.07780931657057434
0.07777620219703384
0.07757278533099939
0.07728421721871795
0.07806477030931527
0.07812626843160476
0.0784006446695117
0.07812626843160476
0.07824926467618373
0.07758224658058238
0.0779417740647363
0.0780032721870258
0.0779559659391108
0.07780458594578284
0.07761536095412289
0.07749709533433541
0.07658881537436761
0.07700511035601952
0.07702876347997702
0.07705241660393451
0.07690576723539803
0.07671654224373808
0.07672600349332108
0.0762056347662562
0.07557173104419534
0.07518855043608393
0.07539669792690988
0.07518855043608393
0.07503717044275597
0.07471548795693404
0.07510339918983695
0.07156016122100425
0.07160273684412774
0.07122901748559933
0.07065188126103646
0.07051942376687449
0.07043900314541901
0.07017408815709507
0.06884005196589237
0.06887789696422436
0.0678418901348861
0.06756278327218766
0.06790811888196709
0.06800273137779707
0.06848525510652995
0.06865082697423242
0.06832441386361898
0.06810207449841854
0.06804530700092055
0.06763847326885164
0.06764320389364314
0.06735936640615321
0.06721744766240824
0.06685792017825432
0.06632809020160645
0.0660442527141165
0.0660631752132825
0.06581245209933306
0.06567053335558809
0.06499405401040374
0.06508393588144222
0.06458722027833484
0.06535831211934916
0.06489944151457376
0.06497513151123775
0.06446422403375586
0.0643459584139684
0.06412361904876794
0.06424188466855542
0.06402900655293796
0.06322953096317464
0.06347079282754109
0.0634471397035836
0.06323426158796615
0.06339510283087711
0.0625577822427818
0.06248209224611782
0.06236382662633034
0.062269214130500364
0.06308288159463818
0.06378774468857151
0.06374516906544803
0.0638728959348185
0.06330995158463013
0.06311599596817867
0.062486822870909314
0.06201849101655092
0.061848188524056956
0.061781959776975974
0.06148866103990304
0.06132308917220058
0.06124739917553659
0.06095883106325516
0.06074122232284621
0.06038169483869229
0.06012624109995135
0.060003244855372374
0.06009312672641086
0.05985659548683591
0.05962479487205247
0.059577488624137476
0.05963898674642696
0.05928892051185604
0.05929838176143904
0.059312573635813534
0.05921796113998356
0.05919903864081756
0.05893885427728512
0.05918011614165156
0.0581393786875218
0.05787919432398936
0.05765212433399741
0.05807788056523232
0.057950153695861845
0.05759062621170793
0.05748655246629495
0.05747709121671195
