0.0
0.0
0.0
0.0
0.0
0.0
0.0
0.0
0.0
0.0
0.0
0.0
0.0
0.0
0.0
0.0
0.0
0.0
0.0
0.0
0.0
2.8383748748993554e-05
0.00011353499499597422
0.00013245749416196994
0.00024599248915794413
0.00024599248915794413
0.00037371935852841513
0.0003926418576944109
0.0003926418576944109
0.0004210256064434044
0.0006575568460183508
0.001211039946623725
0.0014191874374496777
0.0013529586903686928
0.0013529586903686928
0.0013908036887006843
0.0020152461611785424
0.0020720136586765297
0.0020720136586765297
0.0020909361578425253
0.0020909361578425253
0.0022328549015874933
0.0014381099366156736
0.001967939913263553
0.002180818028881005
0.0025687292617839167
0.002890411747605844
0.0030323304913508118
0.0030985592384317967
0.003926418576944109
0.003926418576944109
0.0036993485869521604
0.0036993485869521604
0.003997377948816593
0.004442056679217492
0.004498824176715478
0.005577406629177234
0.005653096625841216
0.005511177882096248
0.005832860367918176
0.0059558566124971474
0.00815086651575265
0.008784770237813506
0.008784770237813506
0.008803692736979502
0.008841537735311492
0.008822615236145496
0.00876111711385601
0.008921958356766974
0.008959803355098966
0.009035493351762949
0.009413943335082864
0.009413943335082864
0.009499094581329843
0.011921174474577294
0.01194009697374329
0.013666775022640397
0.013865461263883352
0.01387492251346635
0.013307247538486479
0.01343497440785695
0.014329062493450248
0.014679128728021167
0.014858892470098127
0.0154123755707035
0.01571513555735943
0.015790825554023415
0.016046279292764358
0.016174006162134828
0.015795556178814913
0.01608412429109635
0.01859608605538228
0.01890830729162121
0.018936691040370202
0.018643392303297267
0.018752196673501743
0.021155354067583197
0.021249966563413176
0.02220082214650446
0.022394777762955915
0.026690185073636942
0.026770605695092424
0.026623956326555957
0.026368502587815014
0.026794258819049916
0.026931446938003385
0.02827967500358058
0.029566404946868286
0.029547482447702292
0.029528559948536297
0.030153002421014156
0.030153002421014156
0.030318574288716617
0.03586286654435336
0.036544076514329206
0.037386127727216015
0.037958533326987384
0.03798691707573638
0.03807206832198336
0.038611359548214236
0.039117536400904616
0.041388236300824104
0.041686265662688536
0.04199848689892746
0.04259927624744783
0.042783770614316284
0.0471454066720783
0.04732517041415526
0.047400860410819236
0.04784553914122014
0.04817668287662506
0.04984659342802418
0.050087855292390626
0.0502203127865526
0.050627146518621505
0.05115224587047789
0.051483389605882814
0.05159692460087879
0.051696267721500266
0.05179088021733024
0.04736301541248725
0.04729205604061476
0.04841794474099151
0.04874908847639643
0.04677168731354988
0.046894683558128855
0.04709336979937181
0.04779350226851365
0.04778877164372215
0.04786446164038613
0.04918430595721433
0.05046157465091904
0.05084002463423896
0.05105290274985641
0.052254481446897136
0.05238220831626761
0.052623470180634055
0.0537398976314278
0.05468602258972759
0.05543819193157591
0.05634647189154371
0.05673438312444662
0.056639770628616644
0.055348310060537434
0.056488390635288675
0.05360270951247433
0.054946206953260024
0.05649312126008017
0.05654988875757816
0.05659246438070165
0.05746762996712895
0.05761900996045692
0.058215068684185786
0.05782715745128287
0.05819614618501979
0.05839483242626274
0.05840902430063724
0.05865028616500369
0.05853675117000771
0.05886316428062114
0.0590287361483236
0.059577488624137476
0.059648447996009955
0.059695754243924946
0.06075068357242921
0.062013760391759425
0.06309234284422117
0.0629929997235997
0.06364582594482655
0.06371205469190754
0.0643364971643854
0.06486159651624178
0.06560430460850711
0.06581718272412455
0.06626659207931695
0.06685318955346282
0.06803584575133756
0.0682723769909125
0.06850890823048744
0.06876436196922839
0.06875490071964539
0.07074176313207493
0.0709073349997774
0.07131889935663781
0.07118171123768434
0.0713898587285103
0.07129524623268031
0.0713567443549698
0.0713756668541358
0.0713141687318463
0.07146081810038278
0.07134728310538681
0.07152231622267226
0.07240221243389107
0.07272389491971298
0.07305503865511792
0.0735612155078083
0.07363217487968078
0.0740153554877922
0.07404373923654119
0.07481010045276401
0.07579407040939579
0.07601167914980474
0.0761961735166732
0.07654623975124412
0.07679223224040206
0.077057147228726
0.07715175972455598
0.077085530977475
0.07690576723539803
0.077094992227058
0.07754913220704189
0.07741194408808842
0.07854729403804817
0.07863244528429515
0.07881220902637211
0.07910550776344503
0.07830603217368172
0.07937988400135197
0.07968264398800791
0.079256887756773
0.07923796525760701
0.07909131588907055
0.07923323463281551
0.08229867949770682
0.0788358621503296
0.07935150025260299
0.07940353712530947
0.07959276211696943
0.07950761087072244
0.07951234149551395
0.08170262077397795
0.08158908577898198
0.08177358014585044
0.08188711514084641
0.08199118888625939
0.08282850947435469
0.08282850947435469
0.08347187444599855
0.0832448044560066
0.08392128380119095
0.08404901067056142
0.08426188878617887
0.08523166686843615
0.08523166686843615
0.08540196936093011
0.08562430872613055
0.08561011685175607
0.08587503184008001
0.08570472934758604
0.08610210183007196
0.08672654430254981
0.08886478670830733
0.08886005608351583
0.08890263170663931
0.08788081675167556
0.08793285362438204
0.08873705983893686
0.08886005608351583
0.08893101545538831
0.08907293419913327
0.0893993473097467
0.0907428447505324
0.09091314724302636
0.09105506598677132
0.09430973584332258
0.09453207520852304
0.09458884270602103
0.09467399395226801
0.09452261395894004
0.09441380958873556
0.09462195707956152
0.0951139420578774
0.09526532205120537
0.0991065893819025
0.0990782056331535
0.09955599873709489
0.09957019061146939
0.10053523806893518
0.10066296493830565
0.10116914179099604
0.10107452929516605
0.1017604698899334
0.10193077238242736
0.10192131113284436
0.10199227050471685
0.10430554602775982
0.10436231352525781
0.10427716227901082
0.10459884476483275
0.10445692602108779
0.10550239410000904
0.1048401066291992
0.10448057914504529
0.1044096197731728
0.10500567849690166
0.10554970034792403
0.10539832035459608
0.10669451154746677
0.10692158153745873
0.1074939871372301
0.1074892565124386
0.10750817901160459
0.10758386900826858
0.10764063650576657
0.10785824524617552
0.10783932274700951
0.10854418584094286
0.10868610458468783
0.10908347706717374
0.10935312268028917
0.10932473893154018
0.10946665767528514
0.10971265016444309
0.10932000830674868
0.10945719642570215
0.10957546204548962
0.10961803766861311
0.11031817013775495
0.1101242145213035
0.10981672390985607
0.10985456890818807
0.10986403015777106
0.10991133640568605
0.11114602947626727
0.1114251363389657
0.1114345975885487
0.11157178570750217
0.1114204057141742
0.1114393282133402
0.11213946068248204
0.11227191817664402
0.11289163002433036
0.11309977751515632
0.11314708376307131
0.1131707368870288
0.11294366689703686
0.11414997621886909
0.11402697997429011
0.1141121312205371
0.1149589130582154
0.11521909742174784
0.11467507557072547
0.11491160681030041
0.11474603494259795
0.1149352599342579
0.11467980619551696
0.11479334119051293
0.11479807181530444
0.11449531182864851
0.11485483931280242
0.11481226368967894
0.11558808615548476
0.11553131865798677
0.11713973108709641
0.11708296358959842
0.11706877171522392
0.11688427734835546
0.11797705167519172
0.11778309605874027
0.11788716980415323
0.11757494856791431
0.11763644669020379
0.11745195232333533
0.11748506669687583
0.1176080629414548
0.11756075669353981
0.11823723603872416
0.11925905099368793
0.118927907258283
0.11920228349618994
0.11977468909596131
0.11962803972742485
0.11961384785305035
0.11986457096699979
0.1198172647190848
0.1193725859886839
0.11910294037556846
0.12010583283136624
0.12011529408094923
0.12045589906593715
0.12043697656677116
0.12042751531718816
0.12010110220657473
0.12020517595198771
0.12016733095365571
0.12019098407761321
0.11955234973076086
0.11976049722158681
0.11985984034220828
0.11990241596533179
0.11976995847116981
0.12003487345949375
0.12000648971074475
0.11977468909596131
0.11961384785305035
0.11964696222659084
0.11942935348618189
0.11947192910930537
0.11964223160179933
0.12055051156176713
0.1202619434494857
0.11998283658678727
0.11997337533720426
0.12005379595865974
0.11965642347617383
0.11975103597200382
0.11992133846449778
0.12084381029884006
0.12075865905259309
0.12049847468906065
0.12091950029550405
0.12106141903924901
0.1211229171615385
0.12108980278799801
0.12273606021543963
0.12319493082021503
0.1229016320831421
0.11727691920604988
0.1171586535862624
0.11711134733834741
0.11743776044896084
0.11728638045563287
0.11725799670688387
0.1171633842110539
0.1171586535862624
0.1158151561454767
0.11692212234668746
0.11687481609877247
0.1171491923366794
0.11707350234001541
0.11682277922606597
0.11669505235669551
0.11686062422439797
0.11663355423440602
0.116747089229402
0.11697888984418545
0.11682750985085748
0.11678020360294249
0.11676601172856799
0.11687008547398096
0.11665247673357201
0.11685116297481497
0.11698362046897694
0.11782567168186375
0.11781621043228076
0.1175796791927058
0.1175560260687483
0.11757494856791431
0.11807166417102169
0.11773578981082528
0.11774998168519976
0.11779255730832326
0.1176127935662463
0.11752291169520782
0.1175796791927058
0.1176411773149953
0.11726745795646688
0.11737626232667135
0.11747087482250133
0.1176033323166633
0.1176411773149953
0.1180480110470642
0.11786824730498724
0.11774998168519976
0.11773578981082528
0.11785405543061274
0.11727691920604988
0.11731003357959037
0.11739518482583734
0.1185116122766311
0.11845484477913311
0.1180622029214387
0.11800543542394071
0.1198456484678338
0.1198551097174168
0.11965642347617383
0.11952869660680336
0.11941989223659889
0.11931108786639441
