0.0
0.0
0.0
0.0
0.0
0.0
0.0
0.00042575623123490336
0.0007852837153888218
0.0008042062145548174
0.0006339037220608561
0.0006528262212268517
0.0008609737120528045
0.0009555862078827831
0.0010738518276702561
0.0008562430872613056
0.004550861049421967
0.004550861049421967
0.010355337668591149
0.010383721417340142
0.010610791407332091
0.010823669522949542
0.0105729464090001
0.011216311380643953
0.011859676352287808
0.012105668841445752
0.012077285092696758
0.013188981918699006
0.012446273826433674
0.012517233198306159
0.012758495062672603
0.013936420635755837
0.008822615236145496
0.008884113358434984
0.013132214421201018
0.017687806095414486
0.02695510006196088
0.02083367158176127
0.022238667144836452
0.02193590715818052
0.021448652804656132
0.02142026905590714
0.02148649780298812
0.021964290906929515
0.02800529876567364
0.028166140008584604
0.028208715631708094
0.028923039975224434
0.02911226496688439
0.02985970368394122
0.03042264803412959
0.030342227412674113
0.03162895735596182
0.03178033734928978
0.03162422673117032
0.031813451722830274
0.026699646323219937
0.034779553467100106
0.03509650532813053
0.036846836500985136
0.02832698125149557
0.028516206243155526
0.025531181999719703
0.0251148870180678
0.026354310713440517
0.027674155030268717
0.028085719387129122
0.02788230252109467
0.029788744312068738
0.029959046804562697
0.03012934929705666
0.030536183029125568
0.03069229364724503
0.03218717108135869
0.02229543464233444
0.022574541505032877
0.02312329398084675
0.023473360215417672
0.024594518291002915
0.027953261892967155
0.028203985006916597
0.02809991126150362
0.024556673292670923
0.024343795177053474
0.02549333700138771
0.02506285014536131
0.02493985390078234
0.026094126349908077
0.027115941304871844
0.02616508572178056
0.027688346904643214
0.027655232531102723
0.027674155030268717
0.02805260501358863
0.02470332266120739
0.022560349630658377
0.022759035871901333
0.023586895210413645
0.02399845956727405
0.028393209998576554
0.02854932061669602
0.021335117809660156
0.021074933446127715
0.02132092593528566
0.02479320453224587
0.025531181999719703
0.025791366363252143
0.026288081966359532
0.02752750566173225
0.027555889410481243
0.02748493003860876
0.02766942440547722
0.02849255311919803
0.028790582481062463
0.02985970368394122
0.03207363608636272
0.03300083854549651
0.03246154731926563
0.03256089043988711
0.03331305978173544
0.0334691703998549
0.03371989351380435
0.03828021581280931
0.033005569170288004
0.030924094262028478
0.03133565861888889
0.030952478010777475
0.02998743055331169
0.030167194295388652
0.030488876781210577
0.03053145240433407
0.03179452922366428
0.032045252337613725
0.03334617415527593
0.02154799592527761
0.02176087404089506
0.022754305247109835
0.023104371481680756
0.024438407672883453
0.024632363289334908
0.023194253352719234
0.023411862093128184
0.024457330172049447
0.024556673292670923
0.024637093914126405
0.025479145127013214
0.025001352023071823
0.0251101563932763
0.02581975011200114
0.02932987370729334
0.029452869951872313
0.029746168688945248
0.03406995974837527
0.03449098535481867
0.03554591468332293
0.035971670914557836
0.035962209664974834
0.036141973407051796
0.0365724602630782
0.03800110895011087
0.03837482830863929
0.03849309392842676
0.038966156407576655
0.03905603827861513
0.042845268736605775
0.043133836848887205
0.044061039308020994
0.043971157436982516
0.043971157436982516
0.044254994924472456
0.044259725549263954
0.04443002804175791
0.04463817553258387
0.04332779246533866
0.044860514897784316
0.04556064736692616
0.046795340437507375
0.047150137296869794
0.04829494849641253
0.04719271291999329
0.047618469151228186
0.0475617016537302
0.04804422538246309
0.04811518475433558
0.048460520364114995
0.05575987441739784
0.05318641453082242
0.05356959513893384
0.053328333274567395
0.05394331449746225
0.05498878257638352
0.05606263440405377
0.06059930357910124
0.06150758353906904
0.061796151651350474
0.06240640224945383
0.06774254701426462
0.07414781298195416
0.07436069109757162
0.07505136231713046
0.0757278416623148
0.07604952414813673
0.072667127422215
0.07745451971121192
0.06442637903542388
0.06374043844065654
0.0642844602916789
0.06410469654960195
0.0642939215412619
0.06369786281753304
0.0643364971643854
0.06467710214937332
0.0647149471477053
0.06370732406711603
0.0639107409331505
0.062065797264465906
0.06292677097651872
0.0630024609731827
0.06482848214270129
0.06485686589145027
0.06485213526665878
0.06506974400706773
0.0651974708764382
0.06815884199591653
0.06839537323549147
0.06921850194921228
0.06945976381357873
0.0704626562693765
0.07069918750895145
0.07086475937665392
0.07302192428157742
0.07418092735549466
0.07630024726208617
0.07654623975124412
0.0766597747462401
0.07712337597580698
0.07776674094745084
0.07786135344328082
0.0779890803126513
0.07870340465616764
0.07639012913312465
0.07643743538103964
0.07563795979127633
0.07702876347997702
0.07691049786018954
0.07075595500644943
0.07063768938666197
0.07107290686747987
0.0713898587285103
0.07241167368347406
0.07483848420151301
0.07508447669067095
0.07527370168233091
0.07551969417148885
0.0757514947862723
0.07492836607255149
0.07517435856170944
0.07526897105753941
0.07535885292857789
0.07589814415480876
0.07688684473623204
0.07804111718535778
0.07872705778012512
0.07875544152887412
0.07898251151886607
0.07915281401136003
0.07971102773675691
0.0691380813277568
0.0625577822427818
0.06274700723444175
0.06333833533337913
0.06351809907545608
0.06369786281753304
0.06393439405710799
0.0642702684173044
0.06455410590479435
0.06482375151790978
0.06680588330554783
0.06701876142116528
0.06821560949341451
0.0683102219892445
0.06762428139447715
0.06883532134110087
0.06931784506983377
0.06938880444170625
0.06995647941668612
0.06972940942669417
0.07105398436831387
0.0713898587285103
0.07276173991804498
0.07276647054283648
0.07345714176239532
0.07379774674738325
0.07427553985132464
0.07434176859840562
0.07463979796027005
0.07546292667399086
0.07584610728210228
0.07647528037937164
0.07657462349999311
0.07668815849498908
0.07670235036936358
0.07668815849498908
0.07911023838823654
0.06417092529668293
0.06483321276749278
0.06486159651624178
0.06493255588811425
0.06495620901207175
0.06600640771578452
0.06626659207931695
0.06655989081638988
0.07201903182577965
0.07171627183912371
0.07204741557452864
0.07187238245724319
0.07852837153888217
0.07873651902970813
0.07900616464282356
0.08008474709528532
0.08006582459611933
0.08031654771006877
0.0810829089262916
0.08126267266836855
0.0814897426583605
0.08143770578565401
0.08159854702856498
0.08209999325646386
0.08238383074395379
0.08358067881620303
0.08448895877617082
0.0845646487728348
0.0854823899823856
0.08558173310300707
0.08481537188678424
0.08507082562552519
0.08434704003242585
0.08445584440263032
0.0832495350807981
0.08306031008913814
0.085884493089663
0.08612575495402945
0.08599802808465898
0.08611156307965495
0.08629605744652341
0.08620617557548493
0.08625821244819142
0.08615413870277844
0.0876300936377261
0.08814573173999948
0.08806058049375251
0.08814100111520799
0.08798962112188002
0.08808423361771
0.08863298609352388
0.08875125171331136
0.08965007042369615
0.0920958034409011
0.09260198029359147
0.09258305779442548
0.09365217899730424
0.09392655523521118
0.09391236336083668
0.09428608271936509
0.09415362522520312
0.0982314237954752
0.09856256753088012
0.09811315817568772
0.09764009569653784
0.09832603629130518
0.0986524494019186
0.0986429881523356
0.09838280378880317
0.09873287002337408
0.09907347500836201
0.10002906121624479
0.09993917934520631
0.09992971809562332
0.10054942994330968
0.10049739307060318
0.10075757743413563
0.10406901478818488
0.10366691168090747
0.10369529542965646
0.10371421792882246
0.10369529542965646
0.10348241731403901
0.10343038044133251
0.10331211482154505
0.10385140604777593
0.10387978979652492
0.10385140604777593
0.10459411414004126
0.10468872663587123
0.10459411414004126
0.10512867474148063
0.10576257846354149
0.10493471912502918
0.1048401066291992
0.10211053612450431
0.10233287548970477
0.10237072048803676
0.10236125923845377
0.10299989358530612
0.10292420358864213
0.10282959109281216
0.10255994547969671
0.10211053612450431
0.10238018173761976
0.10187400488492937
0.1017131636420184
0.10168477989326942
0.10150974677598396
0.1008616511795486
0.10101776179766807
0.10079542243246761
0.10084745930517411
0.10105560679600006
0.10038385807560721
0.10062985056476516
0.10029870682936023
0.10037912745081572
0.1004453561978967
0.10069134868705464
0.10107925991995756
0.10115494991662154
0.10124010116286851
0.10200646237909135
0.10209634425012983
0.10210580549971282
0.10221460986991729
0.10222880174429179
0.10200173175429984
0.10229976111616428
0.1022335323690833
0.10249844735740724
0.10264982735073519
0.10256467610448822
0.10342091919174952
0.10273024797219067
0.10247006360865824
0.10248898610782423
0.10260252110282021
0.1025930598532372
0.1030282773340551
0.10282486046802065
0.10271132547302468
0.10143878740411147
0.1012779461612005
0.10095626367537858
0.10170370239243541
0.1017746617643079
0.10235652861366226
0.10252683110615622
0.10235179798887076
0.10137728928182198
0.10162801239577143
0.10205376862700632
0.10225245486824928
0.1022051486203343
0.1021578423724193
0.10217676487158531
0.10210107487492132
0.1021814954963768
0.10199700112950834
0.10159962864702243
0.10161855114618842
0.10163274302056292
0.10147190177765196
0.10209634425012983
0.10227610799220678
0.10223826299387478
0.10238018173761976
0.10250317798219873
0.10247952485824123
0.10187873550972087
0.1017368167659759
0.1017746617643079
0.10167531864368641
0.10199227050471685
0.10195442550638485
0.1021814954963768
0.1017746617643079
0.10266401922510969
0.10250790860699023
0.10234233673928776
0.10212945862367032
0.10181250676263989
0.10179358426347389
0.1009184186770466
0.10142932615452847
0.101311060534741
0.1004690093218542
0.1003933193251902
0.10067242618788864
0.10067715681268015
0.10033655182769222
0.10021355558311325
0.10015678808561526
0.10025140058144524
