0.0
0.0
0.0
0.0
0.0
0.0
0.0004919849783158883
0.001854404918267579
0.0020909361578425253
0.0021335117809660156
0.0024693861411624394
0.0024693861411624394
0.0028478361244823535
0.002791068626984366
0.0031032898632232953
0.003368204851547235
0.003368204851547235
0.0037939610827821386
0.006263347223944578
0.006575568460183507
0.018231827946436862
0.01826967294476885
0.007299354053282843
0.007360852175572329
0.008349552756995605
0.008784770237813506
0.009191603969882414
0.013581623776393416
0.014480442486778213
0.014499364985944209
0.009489633331746846
0.010038385807560722
0.010203957675263184
0.010369529542965645
0.011239964504601449
0.010312762045467659
0.01053037078587661
0.00625388597436158
0.006301192222276569
0.0066039522089325
0.0064809559643535285
0.009650474574657808
0.009745087070487787
0.010194496425680186
0.012810531935379092
0.014551401858650696
0.016684913639616713
0.015213689329460546
0.01651934177191425
0.016964020502315148
0.017257319239388082
0.017810802339993458
0.01910699353286416
0.017493850478963027
0.018123023576232387
0.0259900526044951
0.026269159467193538
0.0295143680741618
0.02943394745270632
0.03079636739265801
0.03211148108469471
0.03240477982176764
0.035403995939577965
0.036279161526005264
0.03650623151599721
0.03731516835534353
0.03629335340037976
0.03687522024973413
0.03872489454321021
0.040664450707724765
0.0370029471191046
0.03608520590955381
0.03608520590955381
0.03707390649097708
0.039283108268607085
0.04330413934138117
0.044827400524243825
0.04539034487443219
0.045617414864424145
0.04616616734023802
0.04675276481438389
0.047027141052290826
0.04569310486108813
0.046360122956689474
0.04656353982272393
0.046695997316885896
0.04704133292666532
0.045532263618177166
0.046530425449183434
0.046274971710442495
0.04546130424630468
0.04594855859982907
0.052623470180634055
0.050494689024459534
0.05575514379260634
0.05226394269648013
0.05236801644189311
0.05248155143688909
0.05278904204833652
0.053129647033324436
0.015298840575707526
0.015885438049853394
0.015923283048185386
0.016292271781922302
0.016349039279420288
0.016367961778586283
0.016448382400041765
0.01659976239336973
0.017072824872519623
0.01273484193871511
0.012791609436213096
0.013132214421201018
0.013501203154937936
0.014172951875330783
0.014655475604063673
0.014045225005960312
0.020299110980321892
0.025223691388272275
0.02973670743936225
0.0303989949101721
0.030512529905168072
0.03090990238765398
0.04686629980937986
0.04656827044751543
0.04826656474766354
0.044292839922804444
0.04468548178049885
0.044945666144031296
0.04522950363152123
0.04585867672879059
0.046232396087319
0.046643960444179414
0.04700348792833333
0.044359068669885426
0.04438745241863442
0.045248426130687226
0.046478388576476945
0.046828454811047866
0.04719271291999329
0.04788338413955213
0.04994120592385416
0.05031492528238258
0.05025342716009309
0.04891939096889039
0.04722109666874228
0.04776038789497316
0.047940151637050114
0.04813410725350157
0.04838009974265951
0.04355959308012211
0.04367785869990958
0.04518692800839774
0.044524640537587895
0.0453714223752662
0.04564579861317314
0.04606682421961654
0.047131214797703797
0.0471595985464528
0.04618035921461251
0.046544617323557934
0.04735355416290425
0.04866393723014945
0.04707444730020581
0.04750493415623221
0.04732517041415526
0.04715486792166129
0.04804422538246309
0.043285216842215174
0.04422188055093196
0.054520450722025125
0.054638716341812596
0.05451098947244212
0.06270916223610977
0.06364582594482655
0.06526369962351919
0.06448314653292186
0.06504609088311024
0.06180088227614197
0.0643081134156364
0.06480009839395229
0.06553807586142613
0.06559484335892411
0.06634701270077244
0.06706133704428878
0.07019774128105256
0.0713803974789273
0.07134728310538681
0.07167842684079173
0.07171627183912371
0.07052415439166598
0.07157908372017024
0.06862244322548341
0.06905766070630132
0.06925161632275278
0.07035858252396353
0.07147974059954877
0.07169261871516622
0.07196226432828166
0.06978144629940065
0.07070391813374295
0.07106817624268837
0.07156016122100425
0.07175411683745571
0.07038696627271251
0.07463506733547856
0.07564742104085932
0.07668815849498908
0.07758224658058238
0.07817830530431125
0.07742140533767142
0.07823980342660074
0.07825872592576673
0.08692523054379277
0.08715703115857622
0.08791393112521605
0.08703876553878874
0.08934731043704022
0.09068607725303442
0.07754913220704189
0.07743086658725443
0.07768632032599536
0.08040169895631574
0.08058146269839271
0.08459303252158379
0.08477752688845225
0.08666504618026033
0.08956964980224066
0.09034547226804648
0.09086584099511137
0.09240802467714002
0.09250263717297
0.09243640842588902
0.0911354866082268
0.0912017153553078
0.09154705096508722
0.09036439476721249
0.09221879968548007
0.09265401716629797
0.09259724966879998
0.09258778841921698
0.09243167780109751
0.09278647466045993
0.09329265151315032
0.09560592703619329
0.09582826640139375
0.09700619197447698
0.09728529883717542
0.09791920255923627
0.09789081881048728
0.09758805882383134
0.09704403697280897
0.09579515202785326
0.09509501955871141
0.09528424455037136
0.09507609705954541
0.09638174950199913
0.09655678261928458
0.0964716313730376
0.09722853133967743
0.09753129132633336
0.09761171194778884
0.09803273755423224
0.0986902944002506
0.09746979320404388
0.09801854567985775
0.0981935787971432
0.08578514996904152
0.08973522166994313
0.09036912539200398
0.09055835038366394
0.09124902160322279
0.09440907896394407
0.09497202331413244
0.09626821450700314
0.09615467951200717
0.09675073823573603
0.09712445759426445
0.09846795503505014
0.09931473687272846
0.0995134231139714
0.0898960629128541
0.09016097790117802
0.09042589288950197
0.09194442344757313
0.0929425852785794
0.0929425852785794
0.09192077032361563
0.09216676281277357
0.09223772218464606
0.09264928654150646
0.0929473159033709
0.0933352271362738
0.09719068634134544
0.09641959450033111
0.09710553509509845
0.09903089938523851
0.09924850812564746
0.09930527562314545
0.09979726060146134
0.09977833810229535
0.10056362181768418
0.10065823431351414
0.10116914179099604
0.10126848491161751
0.10110764366870655
0.10083326743079961
0.10015678808561526
0.10075757743413563
0.10092787992662959
0.10124956241245152
0.10295731796218263
0.10377098542632045
0.10420620290713835
0.10475495538295222
0.10421093353192984
0.10430554602775982
0.10339253544300053
0.10304719983322111
0.10326480857363006
0.1030897754563446
0.10361014418340948
0.10366691168090747
0.10640594343518535
0.10686008341516924
0.11095207385981581
0.11119806634897375
0.11063512199878538
0.11067769762190888
0.11001541015109903
0.1100863695229715
0.11023301889150798
0.11048847263024891
0.11045062763191693
0.11121698884813976
0.11116495197543326
0.11160490008104267
0.11260306191204894
0.11313762251348831
0.11321331251015229
0.11485956993759393
0.11481699431447043
0.11571108240006373
0.11612737738171564
0.11642067611878856
0.11642067611878856
0.1162787573750436
0.1153893999142418
0.11589557676693218
0.11602330363630266
0.11695050609543645
0.11720595983417739
0.114537887451772
0.11321331251015229
0.11425878058907356
0.11447638932948251
0.11485010868801093
0.1149447211838409
0.11444327495594202
0.11442435245677603
0.11466561432114247
0.1149731049325899
0.11431554808657154
0.11439123808323554
0.1149352599342579
0.11450477307823151
0.11470818994426596
0.11602330363630266
0.11780674918269775
0.11783986355623825
0.11691739172189596
0.11659097861128254
0.11674235860461049
0.11697888984418545
0.1175938710670803
0.11778309605874027
0.11897994413098949
0.11978415034554431
0.12051739718822664
0.12119860715820248
0.12062147093363962
0.12121279903257698
0.121137109035913
0.12099992091695953
0.12117968465903649
0.12127429715486647
0.12131214215319847
0.12164801651339488
0.12211634836775327
0.12272186834106513
0.12258468022211166
0.12318546957063203
0.12417417015205531
0.12431608889580027
0.12415997827768081
0.12418363140163831
0.1241883620264298
0.12394236953727186
0.12361595642665843
0.12453369763620922
0.12433974201975777
0.125564973840756
0.125527128842424
0.1258819257017864
0.12760387312589203
0.12793974748608847
0.12876760682460076
0.12914605680792068
0.1295434292904066
0.1295103149168661
0.12892844806751172
0.1287155699518943
0.12957654366394708
0.13107142109806075
0.1320459298051095
0.13295420976507732
0.13285959726924734
0.13295420976507732
0.13328062287569073
0.13372057098130014
0.1338104528523386
0.13411321283899455
0.13372057098130014
0.13364015035984467
0.134326090954612
0.13445381782398247
0.13540940403186527
0.13545671027978023
0.14038602131252212
0.14077393254542503
0.14085908379167203
0.14107196190728946
0.14115238252874496
0.14116184377832794
0.1404617113091861
0.1405847075537651
0.14126118689894943
0.140925312538753
0.14025356381836016
0.1404617113091861
0.14391033678218884
0.14409956177384878
0.14443070550925372
0.14504568673214857
0.14506460923131456
0.14509299298006356
0.14521125859985104
0.14521125859985104
0.14530587109568102
0.14382518553594184
0.14372111179052888
0.14367380554261389
0.14376841803844387
0.1435460786732434
0.14356500117240942
0.14437866863654722
0.14467669799841165
0.1445158567555007
0.14530114047088952
0.1465926010389687
0.14680074852979466
0.14719339038748908
0.14634660854981077
0.14647906604397273
0.14606750168711233
0.1457032435781669
0.14563701483108593
0.1462425348043978
0.14694739789833114
0.14722177413623808
0.14736369287998305
0.14745830537581303
0.14733057850644254
0.14725488850977858
0.14726908038415307
0.14680547915458617
0.1471224310156166
0.14639391479772576
0.1462188816804403
0.14566539857983493
0.1457221660773329
0.14556132483442194
0.14563701483108593
0.1457789335748309
0.14590666044420136
0.14617630605731682
0.14617630605731682
0.14750561162372802
0.14721231288665507
0.14744411350143852
0.14784148598392444
0.14809693972266538
0.14907144842971415
0.1489058765620117
0.1488680315636797
0.14854161845306627
0.1484801203307768
0.14919444467429313
0.14934582466762109
0.14986146276989448
0.14820101346807835
