0.0
0.0
0.0
0.0
0.0
0.0
0.0
0.0
0.0
0.0
0.0
0.003074906114474302
0.003074906114474302
0.003074906114474302
0.003074906114474302
0.0031032898632232953
0.0031032898632232953
0.0030843673640572997
0.0031505961111382846
0.0033587436019642375
0.0033871273507132312
0.004167680441310554
0.004196064190059547
0.004285946061098027
0.004782661664205414
0.005355067263976785
0.005615251627509225
0.006012624109995135
0.005416565386266271
0.005908550364582159
0.007119590311205883
0.007214202807035862
0.0075737302911897805
0.008349552756995605
0.008926688981558474
0.00933825333841888
0.01224758758519072
0.01251250257351466
0.01299975692703905
0.013756656893678876
0.013018679426205045
0.010189765800888687
0.010894628894822027
0.01171775760854284
0.011911713224994295
0.011632606362295858
0.013160598169950011
0.014627091855314679
0.01911645478244716
0.019613170385554546
0.021732490292146064
0.0229151464900208
0.025095964518901802
0.026146163222614566
0.02805260501358863
0.0295096374493703
0.030427378658921093
0.03156745923367233
0.03266969481009158
0.03380504476005133
0.0343490666110737
0.03475590034314261
0.03648730901683122
0.03739558897679901
0.038294407687183805
0.039117536400904616
0.03966155825192699
0.03936352889006256
0.03933514514131357
0.04044211134252432
0.040210310727740874
0.04120847255874714
0.04220190376496192
0.04324737184388318
0.04440164429300892
0.04608574671878254
0.047888114764343626
0.04982767092885819
0.047632661025602686
0.04862136160702596
0.04940664532241478
0.050139892165097115
0.05068391401611949
0.04957694781490875
0.05036223153029756
0.05030073340800808
0.050877869632570946
0.0515354264785893
0.05139350773484433
0.050054740918850135
0.048909929719307396
0.04908969346138436
0.05070756714007699
0.05267077642854904
0.05378720387934279
0.05571256816948285
0.055868678787602315
0.05728786622505199
0.05758589558691642
0.06092098606492317
0.06153123666302653
0.05786973307440636
0.049449220945538275
0.0502155821617611
0.04875854972597943
0.05009731654197363
0.050087855292390626
0.05068391401611949
0.052486282061680586
0.05431703385599067
0.05475698196160007
0.05847525304771822
0.05971940736788244
0.06012151047515985
0.06032965796598581
0.06096356168804666
0.07394912674071122
0.07735517659059044
0.07762482220370588
0.07123847873518233
0.0722461018157716
0.07460668358672956
0.07648474162895463
0.07730787034267544
0.079256887756773
0.08037804583235825
0.08043481332985623
0.08024558833819628
0.07235963681076757
0.0726340130486745
0.07300300178241143
0.07205214619932014
0.07286108303866645
0.07323480239719488
0.07447895671735909
0.07789919844161282
0.08218514450271085
0.08269132135540122
0.08334414757662807
0.08829238110853596
0.08859514109519188
0.08870394546539637
0.09018936164992702
0.09055361975887244
0.09174573720633017
0.09260198029359147
0.09345349275606128
0.09482064332080448
0.09616414076159017
0.09632971262929263
0.09939515749418393
0.10041224182435621
0.10095153305058709
0.10077649993330162
0.10114548866703854
0.10097518617454458
0.10110291304391504
0.1017226248916014
0.1017273555163929
0.10239437361199426
0.10361960543299248
0.10404536166422738
0.10402170854026989
0.10786770649575851
0.10821304210553793
0.11092369011106681
0.11146298133729769
0.11261725378642343
0.11253210254017645
0.11166166757854065
0.11174208819999613
0.11122171947293125
0.11032763138733795
0.1114440588381317
0.11229557130060151
0.11259833128725744
0.1132464268836928
0.10635390656247885
0.10728110902161264
0.10856783896490035
0.10900305644571825
0.10975049516277509
0.11022355764192497
0.11160490008104267
0.11177993319832813
0.11204484818665206
0.11208742380977556
0.11203065631227757
0.1100863695229715
0.10989714453131155
0.11062093012441089
0.11115549072585026
0.11116968260022476
0.110147867645261
0.11063512199878538
0.11138256071584221
0.10729530089598714
0.10748452588764709
0.10754602400993658
0.1083218464757424
0.10823669522949543
0.10991133640568605
0.10932473893154018
0.1105357788781639
0.1114062138397997
0.11130687071917823
0.1114156750893827
0.11109872322835228
0.11138256071584221
0.11134471571751023
0.11102776385647979
0.10997756515276703
0.11174681882478762
0.11211580755852454
0.11196915818998808
0.1092253958109187
0.1096748051661111
0.11065877512274287
0.1110088413573138
0.11137783009105072
0.1114345975885487
0.11141094446459121
0.1101525982700525
0.1105499707525384
0.1127449806557939
0.1127639031549599
0.11484064743842792
0.11430608683698855
0.11434866246011204
0.1149541824334239
0.11618887550400513
0.11666193798315501
0.1158151561454767
0.11564012302819125
0.11646325174191206
0.11460411619885298
0.11441962183198452
0.11575838864797872
0.11564485365298274
0.11546035928611428
0.11546982053569728
0.11596653613880467
0.11630714112379259
0.11692212234668746
0.1176033323166633
0.11525694242007983
0.11543670616215679
0.11634498612212459
0.11657205611211653
0.11594288301484718
0.1163118717485841
0.11660990111044853
0.11772632856124228
0.1176317160654123
0.11565431490256574
0.11643013736837157
0.1162834879998351
0.11636863924608208
0.11619360612879662
0.11640648424441408
0.1167139748558615
0.11644432924274606
0.11717757608542839
0.11731949482917337
0.1176033323166633
0.1180574722966472
0.11795812917602572
0.11857311039892059
0.11854472665017159
0.11795339855123423
0.11816154604206018
0.11845957540392461
0.11943408411097338
0.11922593662014744
0.12107088028883202
0.12062620155843111
0.11976049722158681
0.11809531729497919
0.11915970787306644
0.118927907258283
0.11874814351620604
0.11868664539391656
0.11842173040559262
0.11925905099368793
0.1197936115951273
0.12020517595198771
0.12043224594197965
0.12051266656343514
0.12073027530384409
0.12276444396418863
0.12262725584523516
0.12227718961066424
0.1224522227279497
0.12207850336942129
0.12221569148837476
0.12034236407094118
0.12061674030884811
0.1198030728447103
0.11969426847450583
0.12015786970407272
0.12096680654341904
0.12060727905926512
0.1215534040175649
0.12160071026547989
0.12182778025547185
0.12179466588193134
0.12194131525046782
0.1220075439975488
0.12128848902924097
0.12212107899254478
0.12355918892916044
0.1233510414383345
0.12330373519041951
0.12307666520042757
0.1237673364199864
0.12367745454894792
0.12363960955061593
0.123346310813543
0.12321385331938103
0.1233131964400025
0.12318546957063203
0.12360176455228394
0.12339361706145799
0.12448639138829423
0.12527167510368306
0.12520544635660208
0.12486957199640565
0.12476549825099267
0.12483645762286516
0.12427824389746829
0.1241930926512213
0.12494053136827814
0.1250824501120231
0.12477022887578418
0.12458573450891572
0.12437285639329826
0.1246898082543287
0.12475603700140968
0.12468507762953719
0.12540886322263653
0.12577785195637345
0.12577312133158194
0.12546090009534303
0.1254656307201345
0.12499256824098462
0.12476549825099267
0.12490741699473765
0.12401805953393584
0.12389979391414838
0.12397548391081235
0.12475130637661817
0.1250587969880656
0.12523383010535108
0.1250635276128571
0.12607115069344638
0.12561228008867098
0.12539940197305352
0.12538994072347054
0.12470400012870318
0.12455735076016672
0.1242167457751788
0.12296313020543158
0.12278809708814613
0.12308612645001056
0.12383829579185889
0.1229252852070996
0.12313343269792555
0.12257994959732017
0.12228665086024723
0.12234814898253672
0.12215419336608527
0.1220028133727573
0.12190820087692732
0.1216196327646459
0.12240491648003471
0.12240964710482621
0.12302935895251257
0.12255629647336268
0.12239545523045171
0.12258941084690317
0.12254683522377968
0.12371056892248841
0.12366326267457342
0.12388560203977388
0.12298678332938907
0.12279755833772912
0.12261306397086066
0.12293001583189109
0.12262252522044366
0.12216838524045977
0.12175682088359936
0.12186089462901234
0.12168113088693537
0.11994499158845527
0.11997337533720426
0.11947192910930537
0.11954288848117786
0.11914551599869196
0.11906036475244497
0.11877652726495504
0.11884748663682752
0.11871975976745705
0.11949085160847137
0.11820412166518367
0.11772159793645078
0.11766009981416128
0.1176127935662463
0.11747560544729282
0.11741883794979484
0.11799597417435771
0.11816627666685167
0.11885221726161901
0.11884275601203602
0.11927797349285392
0.11885221726161901
0.11908874850119397
0.11901778912932148
0.11952396598201187
0.11949085160847137
0.1193962391126414
0.11913605474910895
0.11900359725494698
0.118946829757449
0.11856837977412908
0.11829400353622214
0.11818992979080917
0.11793920667685973
0.11790609230331923
0.11818519916601766
0.11637810049566508
0.11680385672689998
0.11642540674358007
0.11653421111378455
0.11697888984418545
0.11653894173857604
0.11664301548398902
0.11677547297815098
0.11698835109376844
0.11691266109710446
0.11684170172523198
0.11606114863463465
0.11702619609210044
0.11699781234335144
0.116718705480653
0.11664301548398902
0.11642067611878856
0.11649636611545255
0.11613210800650714
0.11583407864464271
0.11570635177527223
0.11654367236336755
0.11772632856124228
0.11771686731165927
0.1176080629414548
0.11747560544729282
0.11700254296814294
0.1163118717485841
0.11622672050233711
0.11604695676026015
0.11577258052235322
0.11595707488922168
0.11577731114714472
0.11552185740840377
0.11524275054570533
0.11506771742841988
0.11464669182197647
0.1136816443645107
0.11334103937952276
0.11346876624889324
0.1132322350093183
0.11354445624555723
0.11341199875139525
0.11460411619885298
0.11151501821000419
0.11085273073919433
0.11076757949294735
0.11155286320833617
0.11221042005435453
0.11152921008437867
0.11198808068915407
0.11179885569749412
0.11160016945625116
0.1114393282133402
0.11127848697042923
0.1110088413573138
0.11091422886148382
0.1105547013773299
0.11076284886815585
0.11049320325504042
0.11042697450795944
0.11016679014442698
0.1110324944812713
0.11150082633562969
0.1114062138397997
0.11084326948961133
0.11137309946625921
0.11065404449795138
0.10621671844352538
0.10580042346187347
0.10544089597771956
