0.0
0.0
0.0
0.0
0.0
0.0
0.0
0.0007568999666398282
0.000832589963303811
0.0009224718343422906
0.0015658368059861445
0.0018875192918080715
0.0015090693084881574
0.0015090693084881574
0.0016415268026501273
0.0016415268026501273
0.0022092017776299986
0.0027059173807373856
0.0029046036219803405
0.000894088085593297
0.001211039946623725
0.0013671505647431896
0.0014049955630751811
0.0013766118143261875
0.0016982943001481144
0.00599370161082914
0.006145081604157105
0.006433649716438539
0.00673640970309447
0.006745870952677468
0.0056010597531347284
0.005705133498547705
0.005544292255636741
0.007318276552448839
0.007507501544108796
0.0075642690416067825
0.008103560267837661
0.008113021517420658
0.008690157741983527
0.009040223976554448
0.009967426435688237
0.010312762045467659
0.01141026699709541
0.010866245146073032
0.011840753853121812
0.01396007375971333
0.016330116780254294
0.014352715617407742
0.014362176866990739
0.015752980555691423
0.012938258804749563
0.01246519632559967
0.012493580074348663
0.012834185059336586
0.012881491307251575
0.013401860034316457
0.012408428828101684
0.012853107558502582
0.013217365667448
0.01338766815994196
0.013529586903686929
0.013832346890342859
0.014740626850310653
0.015043386836966585
0.01593274429776838
0.01612669991421984
0.016278079907547805
0.016528803021497247
0.01651934177191425
0.01928675727494112
0.0193813697707711
0.01965574600867804
0.019925391621793475
0.02000108161845746
0.020672830338850305
0.020753250960305787
0.02052145034552234
0.020592409717394827
0.021084394695710714
0.023818695825197092
0.023776120202073602
0.02383761832436309
0.02338347834437919
0.02361054833437114
0.0224515452604539
0.022664423376071354
0.02220082214650446
0.022702268374403346
0.022271781518376943
0.0224704677596199
0.022952991488352788
0.023099640856889255
0.023440245841877178
0.023544319587290155
0.023364555845213197
0.023482821465000667
0.025346687632851247
0.01682683238336168
0.017474927979797033
0.017560079226044013
0.018123023576232387
0.01633484740504579
0.016405806776918275
0.016632876766910224
0.01683156300815318
0.017323547986469068
0.01735193173521806
0.016855216132110672
0.01739450735834155
0.018127754201023884
0.01814667670018988
0.018373746690181828
0.018416322313305318
0.022077825901925488
0.02316586960397024
0.02321317585188523
0.023454437716251674
0.02356797271124765
0.0237855814516566
0.023804503950822595
0.023951153319359063
0.024026843316023044
0.02506285014536131
0.02523315263785527
0.024476252671215445
0.023728813954158615
0.02409307206310403
0.024211337682891503
0.02498242952390583
0.026231314468861545
0.02576771323929465
0.02564471699471568
0.024438407672883453
0.025053388895778312
0.025261536386604264
0.02441002392413446
0.02475535953391388
0.02498242952390583
0.02449044454558994
0.02462290203975191
0.02489727827765885
0.02518111576514878
0.02639215571177251
0.026325926964691524
0.027333550045280795
0.0273098969213233
0.027953261892967155
0.027016598184250368
0.027603195658396234
0.027778228775681695
0.02798164564171615
0.02832698125149557
0.0295190986989533
0.02963263369394927
0.029798205561651737
0.029883356807898716
0.03042264803412959
0.03047941553162758
0.03070175489682803
0.031170086751186425
0.0312836217461824
0.03122212362389291
0.03151542236096584
0.03162895735596182
0.0325940048134276
0.032698078558840576
0.03294407104799852
0.033100181666117987
0.03183710484678777
0.033942232879004795
0.034074690373166766
0.035001892832300555
0.03502081533146655
0.03528573031979049
0.03602370778726432
0.03626023902683927
0.03651569276558021
0.03670964838203167
0.03734828272888402
0.038478902054052265
0.03859243704904824
0.03854986142592475
0.03932568389173057
0.04025288635086436
0.035271538445415994
0.03504446845542404
0.03602370778726432
0.03366312601630636
0.03242843294572514
0.03252777606634662
0.03317587166278197
0.032300706076354664
0.03205471358719672
0.03118900925035242
0.03143027111471886
0.030072581799558674
0.030091504298724668
0.029973238678937194
0.03016246367059715
0.03071121614641103
0.03212567295906921
0.03237166544822715
0.032835266677794045
0.03299137729591351
0.03334617415527593
0.0334786316494379
0.033577974770059374
0.03355905227089338
0.03341713352714842
0.03374354663776184
0.034382180984614194
0.035186387199169014
0.03554591468332293
0.0356783721774849
0.03584867466997886
0.03594328716580884
0.036581921512661195
0.0356689109279019
0.036264969651630764
0.03537561219082897
0.03541345718916096
0.03551753093457394
0.036458925268082226
0.036615035886201686
0.03688941212410862
0.03708809836535158
0.0369982164943131
0.03758008334366747
0.037636850841165456
0.038109913320315346
0.03824237081447732
0.03849782455321826
0.038441057055720276
0.038682318920086715
0.038828968288623186
0.040408996968983826
0.04094355757042321
0.04116116631083216
0.04147338754707108
0.04157273066769256
0.04179980065768451
0.04216878939142143
0.042258671262459906
0.04233436125912389
0.042376936882247376
0.04174303316018652
0.041832915031225
0.041672073788314036
0.04061714445980978
0.040777985702720745
0.04133146880332612
0.041856568155182496
0.04428337867322145
0.0444915261640474
0.044780094276328834
0.04260873749703083
0.04282634623743978
0.04118008880999815
0.04120847255874714
0.043417674336377145
0.04323791059430018
0.04392858181385903
0.04383396931802905
0.04371097307345008
0.043838699942820546
0.04451517928800489
0.044728057403622346
0.04497878051757179
0.045333577376934206
0.04532884675214271
0.045787717356918105
0.045825562355250093
0.04592490547587157
0.04631754733356599
0.04642162107897896
0.046913606057294846
0.04688522230854585
0.04702241042749932
0.04673857294000939
0.04754277915456421
0.04769415914789217
0.047684697898309175
0.04751912603060671
0.047467089157900225
0.047467089157900225
0.04749547290664922
0.047500203531440716
0.04784080851642864
0.04769415914789217
0.04760427727685369
0.04784553914122014
0.04792595976267562
0.04856459410952797
0.04871597410285594
0.04816249100225056
0.04779350226851365
0.04823818099891455
0.04829494849641253
0.04865447598056646
0.04953910281657675
0.04959587031407474
0.049704674684279214
0.0497709034313602
0.04982294030406669
0.04964790718678123
0.04955329469095125
0.04902819533909487
0.049534372191785254
0.048592977858276966
0.04918903658200583
0.04972832780823671
0.049737789057819705
0.05104817212506491
0.05124212774151637
0.05145973648192532
0.051771957718164244
0.05180980271649624
0.05221663644856515
0.052708621426881035
0.05268969892771504
0.05278904204833652
0.0532904882762354
0.05344186826956337
0.05325264327790341
0.05300192016395397
0.053399292646439875
0.05321006765477992
0.05312491640853294
0.054288650107241675
0.05437853197828015
0.054856325082221546
0.055031358199507004
0.05535777131012043
0.055698376295108355
0.05576933566698084
0.05627551251967122
0.05635120251633521
0.055934907534683304
0.05611467127676026
0.056535696883203666
0.05674857499882112
0.05663030937903364
0.05730678872421799
0.059497068002681994
0.05981875048850392
0.06093517793929767
0.06149339166469454
0.06157381228615002
0.06140350979365606
0.061796151651350474
0.062250291631334366
0.06243005537341133
0.062165140385087386
0.06262874161465429
0.06271862348569276
0.06266658661298627
0.06155488978698403
0.061649502282814
0.06163531040843951
0.061611657284482015
0.06140350979365606
0.06143662416719655
0.0616542329076055
0.06145081604157105
0.06187184164801445
0.062255022256125864
0.06221244663300238
0.062401671624662335
0.06251047599486681
0.06238274912549634
0.062169871009878884
0.06216040976029589
0.06242532474861983
0.06241113287424533
0.0621272953867554
0.0621083728875894
0.06182453540009947
0.06199483789259343
0.062486822870909314
0.06233071225278985
0.06293150160131021
0.06263820286423728
0.06272335411048426
0.06267604786256926
0.06285581160464623
0.06151704478865203
0.061947531644678436
0.062084719763631904
0.06187184164801445
0.06202322164134242
0.06223609975695987
0.06326264533671513
0.06378301406378002
0.063868165310027
0.06466764089979032
0.06466764089979032
0.06440745653625787
0.0643317665395939
0.06441691778584088
0.0643033827908449
0.06624293895535946
0.06643216394701942
0.06661192768909638
0.06640851082306193
0.06621928583140196
0.06624766958015096
0.06626659207931695
0.06573203147787758
0.06596856271745252
0.06598275459182702
0.066067905838074
0.06626186145452545
0.06621455520661047
0.06632335957681494
0.06659300518993039
0.0664700089453514
0.06579352960016706
0.06507920525665073
0.06484740464186728
0.0647196777724968
0.0647717146452033
0.06484267401707577
0.06469129402374782
0.06511231963019122
0.06503662963352723
0.06506974400706773
0.0651407033789402
0.06485213526665878
0.06465817965020731
0.06497040088644625
0.06468656339895631
0.0647433308964543
0.06462506527666682
0.0642844602916789
0.06453991403041985
0.06467237152458181
0.06449260778250486
0.06501770713436124
0.06460614277750083
0.06510758900539972
0.06522112400039569
0.0652400464995617
0.06538669586809816
0.06511231963019122
0.06509812775581672
0.06523058524997868
0.06526843024831068
0.066077367087657
0.06640378019827042
0.06642743332222792
0.06634701270077244
0.06637066582472993
0.06663558081305387
0.0664983926941004
0.06664031143784536
0.06665923393701137
0.06664977268742837
0.06656935206597289
0.0664794701949344
0.06670180956013486
0.06678223018159034
0.06676330768242435
0.06662611956347088
0.06646054769576841
0.06636120457514694
0.06609155896203149
0.06605371396369951
0.06617671020827848
0.06600640771578452
0.06661665831388788
0.06675857705763284
0.06690049580137782
0.0674255951532342
0.06745397890198318
0.06744924827719169
0.06761482014489414
0.06805476825050355
0.06795542512988208
0.06787027388363509
0.06787027388363509
0.06776620013822211
0.06787027388363509
0.06831495261403599
0.06837172011153397
0.06769051014155814
0.06836698948674248
0.068267646366121
0.06837645073632548
0.06857986760235993
0.06866028822381541
0.06747290140114919
0.06729313765907222
0.06718433328886775
0.06744451765240018
0.06714648829053575
0.06672546268409235
0.06692414892533531
0.0669667245484588
0.0669383407997098
0.06678696080638184
