0.0
0.0
0.0
0.0
0.0
0.0
0.0
0.0
0.0
0.0
0.0
0.0008467818376783078
0.000894088085593297
0.0009508555830912841
0.0006102505981033614
0.0006102505981033614
0.0006102505981033614
0.0007994755897633185
0.0007994755897633185
0.0019963236620125467
0.0020152461611785424
0.0020672830338850307
0.0022092017776299986
0.0023416592717919685
0.0004730624791498926
0.0006291730972693572
0.0006622874708098497
0.0008042062145548174
0.0008704349616358024
0.0008704349616358024
0.001211039946623725
0.0016982943001481144
0.00171721679931411
0.002559268012200919
0.0030323304913508118
0.005653096625841216
0.0053976428871002746
0.005057037902112352
0.005454410384598262
0.006003162860412137
0.006296461597485071
0.006372151594149053
0.007545346542440787
0.007545346542440787
0.007611575289521772
0.008037331520756676
0.008401589629702092
0.009972157060479736
0.01000054080922873
0.010208688300054683
0.009972157060479736
0.0064005353428980465
0.0065424540866430144
0.006665450331221987
0.007516962793691793
0.009153758971550421
0.011159543883145967
0.011362960749180421
0.011873868226662304
0.012853107558502582
0.016632876766910224
0.022867840242105808
0.02276849712148433
0.02300029773626778
0.024499905795172937
0.025034466396612318
0.025270997636187262
0.027773498150890193
0.02798164564171615
0.028402671248159553
0.02937717995520833
0.029708323690613256
0.030143541171431157
0.030763253019117517
0.03225813045323118
0.03197429296574124
0.03168099422866831
0.031595842982421324
0.03222028545489918
0.03267442543488308
0.03493093346042807
0.035739870299774386
0.036056822160804816
0.036194010279758285
0.03608993653434531
0.034382180984614194
0.034864704713347086
0.035318844693330985
0.03956221513130552
0.044278648048429944
0.045385614249640695
0.045655259862756134
0.04704606355145682
0.04908969346138436
0.0484463284897405
0.04883897034743491
0.04959113968928324
0.04982294030406669
0.05238220831626761
0.052486282061680586
0.052661315178966044
0.05107182524902241
0.051384046485261334
0.0524153226898081
0.053110724534158445
0.05356959513893384
0.053702052633095805
0.05358851763809983
0.05086840838298795
0.05070756714007699
0.04912280783492485
0.048039494757671594
0.048626092231817464
0.04956275594053425
0.050650799642579
0.05115697649526939
0.05150704272984031
0.05480428820951506
0.051819263966079235
0.05246735956251459
0.053716244507470305
0.0537209751322618
0.052912038292915485
0.04593909735024607
0.04619455108898701
0.04685683855979686
0.046237126712110506
0.04740559103561074
0.04911807721013335
0.04910861596055035
0.023894385821861076
0.02431068080351298
0.02453302016871343
0.02426810518038949
0.025403455130349233
0.025781905113669148
0.026046820101993086
0.02634484946385752
0.02678952819425842
0.025393993880766234
0.02590017073345662
0.026160355096989062
0.02629281259115103
0.026401616961355505
0.026127240723448568
0.027518044412149254
0.027806612524430688
0.028028951889631136
0.028308058752329574
0.02837428749941056
0.03016246367059715
0.03125050737264191
0.032499392317597624
0.03253723731592961
0.034278107239201216
0.034718055344810615
0.034415295358154685
0.03439164223419719
0.03428756848878422
0.03537088156603747
0.036094667159136805
0.036529884639954706
0.03546549406186745
0.03554118405853143
0.035739870299774386
0.035891250293102354
0.03607101403517931
0.03277376855550456
0.03371516288901284
0.034935664085219566
0.035167464700003016
0.03462817347377214
0.034784284091891604
0.03502554595625805
0.03590544216747685
0.03642108026975023
0.0383133301863498
0.04026707822523886
0.037452356474297
0.03756116084450147
0.037873382080740405
0.038043684573234364
0.0365582683887037
0.037722002087412436
0.03760846709241646
0.04025761697565586
0.04057456883668629
0.04083475320021873
0.04260400687223933
0.04293515060764425
0.0427222724920268
0.04292568935806126
0.042646582495362816
0.04176195565935252
0.04513489113569125
0.04381031619407155
0.04384816119240355
0.04369205057428408
0.04341294371158565
0.04460033053425187
0.04480374740028633
0.045655259862756134
0.04557483924130065
0.04524369550589573
0.045115968636525255
0.04477063302674584
0.04505447051423577
0.045754602983377614
0.045887060477539585
0.04584921547920759
0.04602424859649305
0.045972211723786564
0.04613305296669753
0.04764212227518568
0.04826656474766354
0.048469981613698
0.048512557236821484
0.04856459410952797
0.048209797250165554
0.04863082285660896
0.04748601165706622
0.04708863917458031
0.04739139916123624
0.04790703726350962
0.047855000390803135
0.04849363473765549
0.04916065283325684
0.04938772282324879
0.04930730220179331
0.048441597864949004
0.048124646003918574
0.04941137594720628
0.04879639472431142
0.04898088909117988
0.05004054904447564
0.05014462278988861
0.04994120592385416
0.05001216529572665
0.04989389967593917
0.05006420216843313
0.05039534590383806
0.05088260025736245
0.05149285085546581
0.05179561084212174
0.05258562518230206
0.053063418286243454
0.05310126328457544
0.051819263966079235
0.052136215827109665
0.05192806833628371
0.0519753745841987
0.05267077642854904
0.0533046801506099
0.05402373511891773
0.0546150632178551
0.056322818767586214
0.05611467127676026
0.055821372539687324
0.05619036127342424
0.05732098059859249
0.057344633722549984
0.05890100927895313
0.06005528172807886
0.059411916756435014
0.059449761754767
0.06031073546681981
0.06042427046181578
0.0603627723395263
0.05994174673308289
0.05951599050184799
0.059497068002681994
0.05908077302103009
0.0585793267931312
0.05873543741125067
0.05829548930564127
0.05807788056523232
0.05889627865416163
0.058919931778119126
0.05202741145690519
0.051871300838785724
0.0519706439594072
0.052561972058344564
0.05266604580375754
0.05278431142354502
0.05303503453749446
0.05298299766478797
0.053195875780405424
0.05337090889769088
0.05402373511891773
0.05436434010390566
0.054544103845982614
0.05468129196493609
0.05611467127676026
0.05597748315780679
0.055821372539687324
0.05696618373923007
0.05666342375257413
0.05749128309108645
0.0576899693323294
0.0567958812467361
0.056573541881535655
0.05698037561360456
0.05699456748797906
0.05758589558691642
0.05797380681981934
0.05801165181815133
0.05810626431398131
0.058167762436270795
0.058153570561896295
0.05841848555022024
0.058470522422926725
0.0585982492922972
0.058825319282289144
0.05886316428062114
0.05971940736788244
0.059544374250596985
0.05967210111996745
0.06114805605491512
0.06047157670973077
0.060570919830352246
0.06085948794263368
0.060135702349534345
0.06110074980700013
0.06111967230616613
0.06118590105324711
0.061157517304498116
0.059965399857040386
0.05918484676644306
0.05937407175810302
0.05973359924225694
0.05974306049183994
0.059227422389566554
0.05935041863414552
0.059430839255601005
0.05936934113331152
0.05942137800601801
0.05941664738122651
0.059378802382894516
0.0590192748987406
0.05872124553687617
0.05866920866416968
0.05908550364582159
0.05828129743126677
0.058267105556892275
0.05839010180147124
0.05886316428062114
0.05880639678312315
0.05883004990708064
0.05880166615833165
0.0585745961683397
0.05871651491208467
0.05865028616500369
0.05871178428729317
0.05847525304771822
0.058688131163335676
0.05876855178479116
0.05854621241959071
0.05778931245295088
0.057850810575240365
0.05795961494544484
0.05844686929896923
0.05848944492209272
0.05885370303103814
0.058990891149991606
0.058957776776451115
0.05890100927895313
0.05861244116667169
0.058602979917088696
0.058990891149991606
0.05854621241959071
0.05875435991041666
0.0585935186675057
0.058839511156663644
0.05881585803270615
0.05960114174809497
0.0599275548587084
0.059747791116631435
0.06001270610495538
0.06017354734786634
0.06019246984703233
0.059899171109959404
0.05999378360578938
0.06023031484536433
0.06059930357910124
0.06022558422057283
0.06015462484870034
0.06191914789592944
0.06187184164801445
0.06161638790927351
0.06182453540009947
0.062302328504040855
0.06256251286757329
0.062335442877581346
0.062165140385087386
0.06202322164134242
0.0621272953867554
0.062117834137172395
0.06197118476863593
0.06128524417386859
0.061091288557417134
0.06089733294096567
0.0608027204451357
0.06031073546681981
0.05963898674642696
0.059274728637481545
0.05933622675977103
0.05897669927561711
0.05892939302770212
0.058200876809811286
0.05831441180480726
0.058300219930432766
0.0581393786875218
0.05807314994044081
0.058068419315649315
0.05800692119335983
0.059577488624137476
0.05981875048850392
0.05982348111329542
0.05997486110662338
0.05868340053854418
0.058607710541880194
0.05881585803270615
0.05871178428729317
0.058569865543548205
0.058205607434602784
0.05747236059192045
0.05762847121003992
0.05761427933566542
0.05786973307440636
0.05807788056523232
0.057727814330661396
0.05745816871754596
0.05748182184150345
0.05743924621837996
0.05665396250299114
0.056758036248404115
0.05666815437736564
0.05689522436735758
0.05667761562694863
0.05689522436735758
0.057022951236728056
0.056942530615272574
0.05715067810609852
0.05691887749131508
0.05686210999381709
0.05653096625841217
0.057496013715877946
0.05747236059192045
0.05724055997713701
0.05672965249965512
0.05626132064529673
0.0563795862650842
0.056606656255076146
0.05642689251299919
0.056502582509663175
0.05678641999715311
0.05678641999715311
0.05678641999715311
0.05687157124340009
0.05718852310443052
0.05719798435401351
0.05735882559692448
0.05749128309108645
0.057500744340669444
0.05733517247296698
0.057325711223383986
0.057727814330661396
0.057803504327325374
0.05778931245295088
0.058035304942108824
0.05774673682982739
0.05761900996045692
0.057647393709205914
0.05757643433733343
0.05725002122672
0.05721690685317951
0.05708444935901754
0.05734936434734148
0.05729732747463499
0.057278404975468995
0.056824264995485096
0.05678641999715311
0.056989836863187565
0.05647419876091418
0.0555091513034484
0.055258428189498957
0.05439272385265465
0.054236613234535186
0.05422242136016069
0.054335956355156666
0.054406915727029145
0.05435487885432266
0.054189306986620195
0.05396223699662825
0.054373801353488654
0.05429811135682467
0.05428391948245018
0.054288650107241675
0.054321764480782166
0.05501243570034101
