0.0
0.0
0.0
0.0
0.0
7.568999666398282e-05
7.568999666398282e-05
9.461249582997852e-05
0.00020814749082595274
0.00020814749082595274
0.0002649149883239399
0.002748493003860876
0.002748493003860876
0.0027674155030268715
0.0029093342467718395
0.0030275998665593128
0.003122212362389291
0.003193171734261775
0.0032925148548832526
0.003443894848211218
0.003443894848211218
0.0031505961111382846
0.0031742492350957793
0.003514854220083702
0.006655989081638989
0.006864136572464942
0.006864136572464942
0.007270970304533849
0.00722366405661886
0.007304084678074342
0.007909604651386204
0.008434704003242584
0.008472549001574577
0.008472549001574577
0.007427080922653314
0.010989241390652006
0.011046008888149992
0.011159543883145967
0.01524207307820954
0.015015003088217592
0.011381883248346415
0.01259765381976164
0.012843646308919585
0.012985565052664553
0.012503041323931662
0.012517233198306159
0.01303760192537104
0.012086746342279756
0.012294893833105709
0.012323277581854702
0.012134052590194745
0.012351661330603695
0.012919336305583567
0.013241018791405493
0.01339239878473346
0.012933528179958064
0.012914605680792068
0.013425513158273951
0.013468088781397443
0.013761387518470376
0.013837077515134358
0.013676236272223394
0.015928013672976884
0.013600546275559412
0.013084908173286029
0.013018679426205045
0.012110399466237251
0.012517233198306159
0.012602384444553139
0.013685697521806393
0.016665991140450715
0.01595166679693438
0.016500419272748253
0.018979266663493692
0.019088071033698167
0.01965574600867804
0.019977428494499964
0.02003419599199795
0.02018557598532592
0.019930122246584976
0.014589246856982688
0.014882545594055621
0.015029194962592089
0.01523734245341804
0.015336685574039518
0.015781364304440416
0.016580839894203735
0.017626307973124998
0.017701997969788982
0.01924891227660913
0.01942394539389459
0.019811856626797502
0.020431568474483863
0.02056402596864583
0.021633147171524588
0.022134593399423474
0.022626578377739362
0.023071257108140262
0.023203714602302233
0.025124348267650795
0.025403455130349233
0.025431838879098227
0.023515935838541162
0.024168762059768013
0.022205552771295958
0.022262320268793948
0.022011597154844503
0.02501554389744632
0.02514800139160829
0.024783743282662873
0.02638742508698101
0.026675993199262445
0.027499121912983256
0.027697808154226213
0.02884261935376895
0.02892777060001593
0.029135918090841886
0.029400833079165824
0.02815667875900161
0.028431054996908546
0.028355365000244562
0.02800529876567364
0.028123564385461115
0.028151948134210108
0.028464169370449037
0.028440516246491545
0.0281803318829591
0.03057402802745756
0.03156745923367233
0.0317377617261663
0.0316999167278343
0.031742492350957795
0.03185602734595377
0.032617657937385094
0.03149649986179985
0.031657341104710815
0.0317235698517918
0.030980861759526468
0.03117954800076942
0.029812397436026233
0.028393209998576554
0.028691239360440986
0.02889465622647544
0.02902238309584591
0.02915957121479938
0.02938191057999983
0.029542751822910794
0.02977928306248574
0.029698862441030257
0.02788230252109467
0.02814721750941861
0.02678006694467542
0.026765875070300923
0.027016598184250368
0.027016598184250368
0.027153786303203836
0.02809991126150362
0.02806206626317163
0.027863380021928674
0.028166140008584604
0.028227638130874092
0.028270213753997582
0.028487822494406533
0.028648663737317497
0.028743276233147475
0.028705431234815483
0.02888519497689244
0.028823696854602957
0.028833158104185953
0.022205552771295958
0.022347471515040927
0.021912254034223026
0.02198321340609551
0.02189333153505703
0.02278268899585883
0.02278268899585883
0.02278268899585883
0.022394777762955915
0.0259995138540781
0.02595693823095461
0.02586232573512463
0.02585286448554163
0.025909631983039617
0.026420539460521503
0.02678479756946692
0.02633538821427452
0.026136701973031567
0.026316465715108525
0.027111210680080346
0.027645771281519724
0.027078096306539852
0.027333550045280795
0.028213446256499596
0.02827967500358058
0.028402671248159553
0.028468899995240538
0.028601357489402505
0.028781121231479467
0.02955694369728529
0.02969413181623876
0.03224393857885668
0.03257508231426161
0.030337496787882612
0.030460493032461584
0.03064971802412154
0.030763253019117517
0.030706485521619527
0.030763253019117517
0.03073486927036852
0.03079163676786651
0.03097140050994347
0.031113319253688435
0.031118049878479936
0.031113319253688435
0.03109439675452244
0.031217392999101413
0.03153907548492334
0.03179925984845578
0.03235274294906115
0.03245681669447413
0.03262711918696809
0.034074690373166766
0.03409361287233276
0.034178764118579744
0.03450517722919317
0.03537561219082897
0.035489147185824944
0.03547022468665895
0.03405103724920927
0.03453356097794216
0.03472278596960212
0.03794907207740438
0.038128835819481344
0.038024762074068366
0.03800583957490237
0.037452356474297
0.04110912943812567
0.041336199428117615
0.04149231004623708
0.04197956439976147
0.04428810929801295
0.04428337867322145
0.044813208649869325
0.04772727352143266
0.04789757601392663
0.047514395405815216
0.0475806241528962
0.047940151637050114
0.04791176788830112
0.04789284538913513
0.04811518475433558
0.04856459410952797
0.04919376720679733
0.04922215095554632
0.05052780339800003
0.050456844026127545
0.05059876276987251
0.05085421650861346
0.05439745447744615
0.05427918885765868
0.054406915727029145
0.054960398827634524
0.05496986007721752
0.05498878257638352
0.054572487594731614
0.0554854981794909
0.05555172692657189
0.05559430254969538
0.05530573443741395
0.05558957192490388
0.055830833789270326
0.05585921753801932
0.05589706253635131
0.05521585256637546
0.05710337185818354
0.057268943725886
0.057145947481307025
0.06245370849736882
0.06157854291094152
0.06184345789926546
0.061914417271137945
0.06448314653292186
0.0683102219892445
0.06883059071630937
0.06884005196589237
0.06838591198590847
0.06683426705429683
0.0669194183005438
0.06707552891866327
0.06706133704428878
0.0678608126340521
0.06734990515657022
0.06806896012487805
0.06848052448173846
0.06861298197590042
0.06874070884527089
0.06849471635611296
0.06766212639280914
0.06765739576801764
0.06809261324883555
0.06837645073632548
0.06875490071964539
0.07211364432160963
0.072676588671798
0.06979563817377515
0.06970575630273668
0.06938880444170625
0.06983348317210715
0.06998486316543512
0.06997540191585211
0.07024977815375905
0.07040115814708701
0.07081272250394742
0.0709120656245689
0.07107290686747987
0.0722082568174396
0.07259616805034252
0.07262928242388302
0.07261035992471701
0.07384978362008973
0.07384505299529824
0.07391128174237922
0.07394439611591971
0.07406739236049868
0.0740390086117497
0.07421877235382665
0.07431338484965663
0.07432284609923963
0.07342402738885483
0.07361798300530628
0.07373624862509376
0.07408158423487318
0.0739917023638347
0.07464925920985305
0.07429446235049063
0.07457829983798057
0.07462560608589555
0.07339564364010584
0.07651312537770363
0.07635701475958416
0.07628132476292018
0.07630497788687768
0.0740058942382092
0.07417619673070316
0.07424242547778415
0.07429919297528213
0.07451680171569108
0.07460195296193807
0.07505609294192196
0.07507028481629646
0.07506555419150496
0.07538250605253538
0.07478644732880652
0.07497567232046648
0.07542508167565888
0.07555753916982084
0.07590760540439177
0.0757562254110638
0.07600694852501325
0.07612048352000922
0.0761725203927157
0.07637120663395866
0.07642797413145665
0.07692942035935553
0.07700037973122802
0.07765793657724637
0.07784243094411483
0.07786135344328082
0.07787081469286382
0.0779559659391108
0.07805057843494079
0.07807896218368977
0.0775254790830844
0.07756332408141639
0.07760116907974839
0.07772416532432735
0.0779370434399448
0.07790392906640431
0.07812153780681326
0.07812626843160476
0.07800800281181729
0.0766077378735336
0.0766313909974911
0.07649893350332913
0.07668815849498908
0.07671654224373808
0.07666450537103159
0.07653677850166113
0.07599275665063875
0.07605425477292824
0.07616778976792421
0.07600221790022174
0.0761772510175072
0.07657462349999311
0.07638066788354166
0.07585556853168528
0.07590760540439177
0.07615359789354971
0.0766124684983251
0.0766219297479081
0.0766077378735336
0.07665504412144859
0.07666450537103159
0.07666450537103159
0.07692468973456404
0.07823034217701774
0.07832022404805622
0.07878855590241461
0.07878855590241461
0.07857094716200566
0.07890209089741058
0.07933730837822849
0.07933730837822849
0.07808369280848128
0.0783911834199287
0.07819722780347725
0.07789919844161282
0.07847633466617568
0.07846687341659268
0.0783627996711797
0.07846214279180119
0.07898724214365757
0.07906293214032155
0.07922377338323251
0.07919538963448353
0.07942719024926696
0.07910077713865354
0.07910077713865354
0.07908185463948755
0.07905820151553006
0.0788973602726191
0.07868921278179314
0.0788500540247041
0.0788074784015806
0.07811680718202177
0.07811680718202177
0.07823034217701774
0.07830603217368172
0.07834387717201372
0.07714229847497299
0.07718014347330497
0.07718014347330497
0.07732206221704994
0.07722271909642847
0.07639959038270766
0.07641851288187365
0.07641851288187365
0.07634755351000116
0.07645635788020565
0.07667869724540609
0.07636174538437566
0.07651785600249512
0.07647528037937164
0.07584137665731078
0.07592179727876626
0.07515070543775194
0.07494728857171748
0.07507501544108795
0.07524058730879042
0.07537304480295239
0.0753446610542034
0.07542035105086738
0.07635701475958416
0.07653677850166113
0.07684426911310856
0.07759170783016539
0.07726056409476045
0.07735517659059044
0.07726529471955196
0.07729840909309245
0.07727475596913495
0.07726056409476045
0.07734571534100744
0.07739775221371392
0.0775680547062079
0.07810734593243877
0.07806950093410678
0.07818776655389426
0.07824453405139224
0.07829657092409872
0.07854729403804817
0.07869867403137613
0.07878382527762312
0.07893047464615958
0.07899670339324057
0.07911969963781953
0.07898724214365757
0.0788311315255381
0.079332577753437
0.079332577753437
0.07919065900969202
0.07902035651719806
0.07907712401469605
0.07906766276511305
0.07915754463615153
0.07913862213698554
0.07940826775010097
0.07948395774676495
0.0797299502359229
0.07965426023925892
