0.0
0.0
0.0
0.0
0.0
0.0
0.0
0.0
0.0
0.0
0.0
0.0
0.00018922499165995705
0.0017030249249396134
0.0
0.000127726869370471
0.00016557186770246242
0.00011353499499597422
0.0004967156031073873
0.0007143243435163378
0.0007285162178908346
0.0016935636753566156
0.0017077555497311122
0.0032877842300917536
0.0032877842300917536
0.004120374193395565
0.004645473545251945
0.004796853538579911
0.004929311032741881
0.0056814803745902104
0.0056814803745902104
0.005851782867084172
0.00594639536291415
0.0060551997331186255
0.007323007177240337
0.007379774674738325
0.007464925920985305
0.0074933096697342985
0.005700402873756206
0.005804476619169182
0.006514070337894021
0.0065519153362260125
0.0037513854596586483
0.003959532950484601
0.0037371935852841516
0.00665125845684749
0.006991863441835413
0.006012624109995135
0.006249155349570081
0.009418673959874361
0.010203957675263184
0.011902251975411298
0.01215770571415224
0.012564539446221148
0.0127726869370471
0.01299975692703905
0.015582678063197462
0.018780580422250736
0.01974089725492502
0.020204498484491913
0.020417376600109366
0.02188860091026553
0.022134593399423474
0.022035250278801998
0.022456275885245403
0.022006866530053005
0.022049442153176495
0.023629470833537135
0.024291758304346985
0.024613440790168913
0.027380856293195782
0.02550279825097071
0.025630525120341183
0.026595572577806963
0.02766942440547722
0.028445246871283043
0.026586111328223964
0.02674695257113493
0.026628686951347454
0.02666180132488795
0.042514125001200845
0.04299191810514224
0.046251318586485
0.04569783548587963
0.04620401233857001
0.04762793040081119
0.04827602599724654
0.05024396591051009
0.04974251968261121
0.05210783207836067
0.053314141400192895
0.05338983139685688
0.05439745447744615
0.055059741948256
0.055447653181158914
0.05568891504552536
0.05597275253301529
0.058423216175011734
0.05881112740791465
0.05933149613497953
0.05576933566698084
0.055310465062205445
0.05438326260307166
0.05624239814613073
0.05629916564362872
0.0563748556402927
0.056843187494651094
0.0576946999571209
0.060490499208896764
0.060973022937629656
0.05690941624173208
0.05927945926227304
0.059307843011022036
0.05968629299434195
0.05963425612163546
0.061379856669698564
0.06128051354907709
0.06179142102655897
0.0620941810132149
0.062472630996534814
0.06174884540343548
0.06306868972026368
0.06306395909547219
0.06263820286423728
0.06240640224945383
0.06490417213936527
0.06713702704095276
0.06557592085975811
0.06580299084975007
0.06613886520994648
0.06631862895202345
0.0669572632988758
0.06688630392700332
0.06684372830387983
0.06791758013155008
0.0678513513844691
0.06794596388029907
0.06794123325550758
0.07081745312873892
0.0713614749797613
0.0713425524805953
0.0713520137301783
0.07037750502312952
0.070457925644585
0.07031600690084004
0.07036804377354652
0.0704342725206275
0.07170681058954072
0.07161219809371074
0.07101613936998188
0.07130943810705481
0.07487632919984501
0.07507028481629646
0.07537304480295239
0.07524058730879042
0.07666450537103159
0.07701457160560252
0.07749709533433541
0.07769105095078686
0.07780931657057434
0.07726529471955196
0.07539669792690988
0.07570418853835731
0.07587922165564277
0.07637593725875017
0.07624347976458819
0.07615832851834121
0.07640432100749915
0.07802219468619179
0.07890209089741058
0.07874124965449962
0.0788074784015806
0.079256887756773
0.07907239338990454
0.07515543606254343
0.07631443913646067
0.07425661735215865
0.07461614483631256
0.07450260984131658
0.07545346542440787
0.07558119229377834
0.07578460915981279
0.07555280854502935
0.07553861667065485
0.07554807792023785
0.07545346542440787
0.07542035105086738
0.07651785600249512
0.07731260096746695
0.0774781728351694
0.07744032783683742
0.07738356033933944
0.07786608406807233
0.0779133903159873
0.07791812094077881
0.07807896218368977
0.07766739782682937
0.07855675528763116
0.07893993589574258
0.07869394340658463
0.0784006446695117
0.0717919618357877
0.0717919618357877
0.07398224111425171
0.07420458047945215
0.07426607860174164
0.07425661735215865
0.07429919297528213
0.07437488297194611
0.07469183483297655
0.07603533227376223
0.0762009041414647
0.07741667471287993
0.07744978908642042
0.07820195842826874
0.07658881537436761
0.07674965661727857
0.07697672660727052
0.07723218034601147
0.0775018259591269
0.07785662281848932
0.07716595159893049
0.07694834285852153
0.07720379659726247
0.07764374470287187
0.07896831964449157
0.07897778089407458
0.08010366959445131
0.08064296082068219
0.08073757331651217
0.0810734476767086
0.08139513016253053
0.08336780070058557
0.08372259755994799
0.08562430872613055
0.08526005061718514
0.08531208748989164
0.08565742309967106
0.08573311309633504
0.08611629370444646
0.08639066994235339
0.08666504618026033
0.08853364297290241
0.08845795297623842
0.08837280172999144
0.08842010797790642
0.088131539865625
0.0880795029929185
0.08838226297957444
0.08849579797457041
0.0885005285993619
0.08868029234143887
0.08848633672498742
0.08933311856266572
0.09047792976220846
0.09023666789784202
0.09042116226471048
0.09055361975887244
0.09062930975553643
0.09050158288616596
0.09065296287949393
0.09097937599010734
0.0902413985226335
0.08961222542536415
0.08972576042036012
0.09004744290618205
0.0898061810418156
0.08971156854598564
0.08957911105182366
0.08902089732642679
0.08905874232475879
0.08839172422915743
0.08833495673165945
0.08862825546873238
0.08931419606349972
0.09058673413241293
0.09075703662490689
0.09083745724636237
0.09179777407903666
0.09366164024688724
0.09276755216129394
0.0929615077777454
0.09304665902399238
0.09308923464711587
0.0933494190106483
0.09324534526523533
0.09305612027357538
0.09324061464044384
0.09366164024688724
0.09389817148646218
0.09376098336750871
0.09386505711292169
0.09275336028691944
0.09239856342755702
0.09243640842588902
0.09224718343422905
0.09192550094840712
0.09186873345090914
0.09200119094507112
0.09217149343756507
0.09198699907069662
0.09197753782111362
0.09228502843256105
0.0934251090073123
0.09351972150314226
0.09344403150647829
0.09325480651481832
0.09283851153316643
0.09277701341087694
0.09247425342422101
0.09255940467046798
0.09260198029359147
0.09269659278942145
0.09222353031027156
0.09221879968548007
0.09246006154984651
0.09263982529192347
0.09266347841588096
0.09259251904400848
0.09375152211792571
0.09347241525522727
0.09358121962543176
0.0933872640089803
0.0937940977410492
0.09369948524521923
0.09364271774772125
0.09363325649813824
0.0937940977410492
0.09361433399897225
0.09349606837918477
0.09350079900397627
0.0933352271362738
0.09331630463710781
0.09400697585666666
0.09416781709957762
0.09419147022353512
0.09415362522520312
0.09405901272937314
0.09431446646811409
0.09464087957872751
0.09467399395226801
0.09465507145310201
0.09505244393558793
0.09499094581329844
0.09590868702284923
0.09595599327076422
0.0959701851451387
0.09588030327410023
0.09576676827910426
0.09624456138304564
0.09581880515181075
0.09607898951534319
0.09611210388888368
0.09591814827243222
0.09670343198782104
0.09661828074157407
0.09705349822239197
0.09706295947197496
0.0969163101034385
0.09837334253922017
0.0995276149883459
0.09941407999334993
0.09936204312064344
0.09942827186772443
0.09944719436689042
0.09970737873042286
0.0995891131106354
0.0995370762379289
0.09966007248250787
0.0999817549683298
0.09991552622124882
0.09986348934854233
0.09976414622792085
0.09948976999001391
0.0991255118810685
0.09905455250919601
0.09938569624460093
0.09921539375210697
0.0973515275842564
0.0973751807082139
0.0982408850450582
0.0982692687938072
0.09900724626128102
0.09883694376878706
0.09885586626795306
0.09961749685938438
0.10004325309061929
0.09995337121958081
0.09995337121958081
0.09934312062147745
0.09896940126294904
0.099101858757111
0.09880856002003807
0.09852945315733963
0.09854364503171413
0.0986761025258761
0.09839699566317767
0.09793339443361077
0.09762590382216334
0.09849160815900763
0.09840645691276066
0.09858149003004613
0.0986524494019186
0.09931946749751995
0.0995654599866779
0.09895520938857454
0.09833076691609667
0.09849160815900763
0.09846795503505014
0.09850106940859064
0.09835915066484567
0.09696834697614498
0.09679804448365102
0.09548293079161432
0.09548766141640583
0.09500986831246443
0.09499567643808993
0.09357175837584876
0.0929000096554559
0.09263982529192347
0.092531020921719
0.0925073677977615
0.0925168290473445
0.09237964092839103
0.09229448968214404
0.09256413529525949
0.09244113905068051
0.09236544905401653
0.09216203218798208
0.09221406906068856
0.092531020921719
0.09244586967547201
0.09230868155651854
0.09213364843923308
0.09208634219131809
0.09154705096508722
0.09095099224135836
0.0907523060001154
0.09064823225470242
0.0903549335176295
0.09027451289617401
0.09032181914408899
0.09009947977888855
0.08995756103514357
0.08970683792119413
0.08970210729640264
0.08958857230140665
0.0898818710384796
0.08999540603347557
0.08968791542202814
0.08975887479390063
0.08994809978556058
0.0898724097888966
0.08950342105515968
0.08975887479390063
0.08967372354765364
0.08964060917411315
0.08919119981892075
0.0893851554353722
0.08931892668829122
0.08919119981892075
0.0889593992041373
0.08888370920747332
0.08875125171331136
0.08885532545872432
0.08864717796789838
0.0885147204737364
0.08850998984894491
0.08838699360436593
0.08831130360770195
0.08822142173666347
0.08820249923749747
0.08815992361437398
0.08824507486062097
0.08835387923082544
0.08882221108518383
0.08872759858935386
0.08840118547874043
0.0885005285993619
0.08830657298291045
0.08820249923749747
0.08845322235144693
0.08839645485394892
0.08760170988897711
0.08758278738981112
0.08752601989231312
0.08691576929420977
0.08478225751324375
0.08280485635039721
0.0827859338512312
0.0828190482247717
0.08275755010248222
0.08256832511082225
0.08219933637708533
0.08168369827481195
0.08154177953106699
0.08183980889293142
0.08186819264168041
0.08163639202689697
0.08151339578231799
