0.0
0.0
0.0
0.0
0.0
0.0
0.0
3.784499833199141e-05
0.0
0.0
0.0
9.461249582997852e-06
2.365312395749463e-05
2.365312395749463e-05
2.365312395749463e-05
0.00013245749416196994
5.676749749798711e-05
0.00013245749416196994
0.00022706998999194844
0.00034060498498792265
0.00034060498498792265
8.042062145548174e-05
0.00011826561978747315
0.00027910686269843666
0.00033587436019642374
0.00044940935519239796
0.0006102505981033614
0.0007710918410143249
0.0011684643235002348
0.0012678074441217122
0.0012961911928707057
0.0013576893151601918
0.0017645230472290994
0.0017645230472290994
0.0020010542868040457
0.002374773645332461
0.002630227384073403
0.0027390317542778783
0.003372935476338734
0.003377666101130233
0.0037939610827821386
0.004290676685889526
0.004565052923796464
0.004896196659201388
0.005066499151695349
0.005123266649193337
0.005742978496879696
0.006097775356242115
0.006717487203928475
0.00665125845684749
0.00669383407997098
0.007034439064958903
0.007535885292857789
0.007744032783683742
0.00929567771529539
0.009839699566317766
0.010090422680267209
0.010814208273366545
0.01118792763189496
0.011050739512941492
0.011121698884813975
0.01114535200877147
0.011424458871469907
0.011944827598534788
0.012181358838109734
0.012361122580186694
0.012455735076016673
0.012607115069344638
0.013028140675788042
0.013666775022640397
0.013491741905354937
0.013803963141593866
0.01374719564409588
0.013879653138257848
0.014215527498454273
0.014295948119909755
0.014409483114905728
0.014565593733025193
0.015383991821954508
0.015341416198831018
0.01573405805652543
0.015516449316116477
0.015795556178814913
0.015871246175478897
0.016453113024833266
0.016547725520663244
0.016665991140450715
0.016713297388365706
0.01682683238336168
0.01678425676023819
0.016760603636280694
0.016580839894203735
0.016490958023165254
0.016623415517327225
0.01651934177191425
0.019305679774107118
0.019329332898064613
0.019518557889724567
0.019944314120959473
0.020072040990329942
0.02131146468570266
0.021633147171524588
0.02185548653672504
0.02211567090025748
0.02214878527379797
0.022096748401091482
0.024334333927470475
0.023932230820193065
0.02263603962732236
0.022967183362727284
0.02308071835772326
0.023014489610642275
0.030053659300392676
0.03022396179288664
0.030096234923516166
0.03000635305247769
0.03003946742601818
0.029656286817906767
0.029802936186443234
0.03011988804747366
0.030030006176435184
0.030313843663925116
0.03022396179288664
0.03025707616642713
0.03020503929372064
0.03057402802745756
0.03073486927036852
0.030644987399330043
0.03088624926369649
0.031184278625560922
0.03147757736263385
0.03153907548492334
0.0317141086022088
0.03177087609970679
0.03243789419530813
0.03289676480008353
0.032868381051334536
0.033369827279233426
0.03370570163942985
0.03382869788400882
0.03354486039651888
0.03356378289568488
0.03366312601630636
0.033975347252545286
0.03405103724920927
0.03422607036649473
0.03428756848878422
0.03431595223753321
0.03308125916695199
0.033067067292577496
0.03314275728924147
0.03300083854549651
0.032835266677794045
0.0325892741886361
0.032579812939053106
0.032787960429879054
0.03233855107468666
0.03211148108469471
0.03206417483677972
0.031288352370973896
0.03134985049326338
0.03168099422866831
0.031472846737842355
0.03168099422866831
0.03173303110137479
0.031742492350957795
0.031789798598872786
0.03202632983844773
0.031572189858463835
0.031657341104710815
0.03164787985512781
0.03179925984845578
0.032012137964073234
0.03201686858886473
0.03233382044989516
0.032433163570516635
0.03247573919364013
0.03311437354049248
0.033067067292577496
0.032664964185300085
0.03266023356050859
0.032631849811759595
0.03235274294906115
0.0326034660630106
0.03113697237764593
0.03113697237764593
0.03110385800410544
0.03762738959158246
0.03778823083449342
0.037826075832825413
0.03792541895344689
0.03757535271887597
0.03766050396512295
0.03794907207740438
0.037636850841165456
0.03783080645761691
0.03650623151599721
0.03560268218082092
0.03462817347377214
0.034561944726691156
0.03444367910690368
0.0348079372158491
0.03516273407521152
0.035290460944581985
0.03541818781395246
0.03529992219416499
0.035257346571041494
0.035318844693330985
0.035290460944581985
0.0352478853214585
0.03505866032979854
0.03503027658104955
0.03574933154935738
0.03579663779727237
0.035621604679986915
0.03571148655102539
0.03594328716580884
0.036397427145792735
0.03634065964829475
0.03635485152266925
0.036132512157468794
0.03630754527475426
0.03602843841205582
0.03608993653434531
0.03617035715580079
0.0356783721774849
0.03574933154935738
0.037405050226382006
0.037324629604926524
0.037272592732220035
0.0374665483486715
0.037253670233054044
0.037234747733888046
0.03711175148930908
0.036969832745564105
0.037116482114100575
0.037154327112432564
0.0370076777438961
0.03714486586284957
0.03710702086451757
0.036884681499317125
0.03680899150265314
0.03670964838203167
0.03702660024306209
0.03710702086451757
0.03714013523805807
0.036832644626610636
0.03704079211743659
0.03668599525807417
0.03630754527475426
0.036042630286430316
0.03600478528809833
0.03591490341705984
0.03534722844207998
0.035167464700003016
0.03554591468332293
0.03549387781061644
0.03542764906353546
0.03551280030978244
0.035739870299774386
0.0356878334270679
0.0365677296382867
0.03625077777725627
0.03666234213411668
0.03682318337702764
0.03674276275557216
0.03579663779727237
0.03571621717581689
0.03560268218082092
0.03472751659439362
0.03475116971835111
0.03496404783396856
0.03505392970500704
0.03513908095125402
0.03534722844207998
0.0352478853214585
0.035049199080215546
0.03509650532813053
0.0352478853214585
0.03529519156937349
0.035252615946249996
0.0347984759662661
0.03482212909022359
0.035389804065203465
0.035035007205841046
0.03465182659772963
0.03400373100129428
0.034079420997958264
0.03497350908355156
0.0347937453414746
0.03472278596960212
0.03492620283563657
0.034935664085219566
0.0348032065910576
0.03440583410857169
0.03426391536482672
0.03400846162608578
0.033639472892348865
0.03371516288901284
0.0334786316494379
0.0334786316494379
0.033289406657777944
0.0330481447934115
0.03289203417529203
0.032797421679462056
0.03252304544155512
0.03206417483677972
0.03200267671449023
0.03202159921365623
0.03191752546824325
0.031860757970745265
0.03174722297574929
0.03184656609637077
0.03136404236763788
0.029367718705625333
0.02929675933375285
0.029235261211463363
0.028785851856270965
0.028757468107521972
0.028833158104185953
0.028899386851266938
0.02960424994520028
0.02959005807082578
0.0290696893437609
0.029140648715633384
0.029046036219803405
0.02884261935376895
0.02858716561502801
0.028610818738985504
0.028464169370449037
0.0286297412381515
0.028440516246491545
0.028218176881291093
0.027976915016924647
0.027891763770677667
0.02749439128819176
0.027518044412149254
0.0273051662965318
0.02717270880236983
0.02699767568508437
0.026359041338232015
0.026184008220946554
0.025994783229286597
0.025961668855746106
0.02641580883573
0.026221853219278547
0.026283351341568034
0.02607520385074208
0.0259900526044951
0.02602789760282709
0.02580555823762664
0.025876517609499126
0.025876517609499126
0.026307004465525526
0.02625023696802754
0.026316465715108525
0.026657070700096448
0.02656245820426647
0.026595572577806963
0.026453653834061994
0.026401616961355505
0.026500960081976985
0.02615562447219756
0.026236045093653043
0.026316465715108525
0.026368502587815014
0.0268699488157139
0.026699646323219937
0.02721528442549332
0.027295705046948802
0.027120671929663342
0.02739031754277878
0.027186900676744327
0.027120671929663342
0.027343011294863794
0.027522775036940752
0.027830265648388183
0.027853918772345675
0.027593734408813235
0.026723299447177433
0.026888871314879895
0.026813181318215914
0.02682737319259041
0.026202930720112552
0.026179277596155057
0.02611304884907407
0.025914362607831115
0.02576771323929465
0.0255501044988857
0.025744060115337156
0.025971130105329105
0.026236045093653043
0.02620766134490405
0.02625969821761054
0.02611777947386557
0.026136701973031567
0.025739329490545658
0.025701484492213666
0.025734598865754157
0.02577244386408615
0.025630525120341183
0.025384532631183235
0.025398724505557732
0.02514800139160829
0.024935123275990838
0.024944584525573837
0.024949315150365334
0.024949315150365334
0.024902008902450347
0.024689130786832894
0.024868894528909852
0.024656016413292403
0.02458505704141992
0.024438407672883453
0.02431068080351298
0.02408834143831253
0.024069418939146537
0.023690968955826622
0.023473360215417672
0.023246290225425723
0.023203714602302233
0.023146947104804246
0.023184792103136235
0.023057065233765765
0.022882032116480305
0.02285364836773131
0.022806342119816324
0.02272119087356934
0.02255561900586688
0.02276849712148433
0.02259819462899037
0.022574541505032877
0.022479929009202898
0.022565080255449878
0.02233327964066643
0.022352202139832425
0.022342740890249426
0.02229543464233444
0.022002135905261504
0.02180344966401855
0.021557457174860607
0.021089125320502212
0.0211458928180002
0.021046549697378722
0.02106074157175322
0.02083367158176127
0.020909361578425253
0.020847863456135766
0.02079109595863778
0.0207059447123908
0.020516719720730842
0.020422107224900864
0.02022815160844941
0.020119347238244933
0.02003892661678945
0.01986389349950399
0.01986389349950399
0.019788203502840006
0.01969832163180153
0.019693591007010028
0.01965574600867804
0.01952328851451607
0.019542211013682063
0.019792934127631508
0.019712513506176026
0.019542211013682063
0.019532749764099064
0.01956113351284806
0.01959897851118005
0.01959424788638855
0.01952328851451607
0.019433406643477587
0.019220528527860138
0.019215797903068637
0.01973143600534202
0.01965574600867804
0.01956113351284806
0.019475982266601077
0.019466521017018082
0.019466521017018082
0.019494904765767075
0.0193813697707711
0.019187414154319644
0.019225259152651636
0.019234720402234635
0.019263104150983628
0.019239451027026132
0.019154299780779153
0.01867177605204626
0.018652853552880266
0.018430514187679815
0.018430514187679815
0.018335901691849836
0.018160868574564375
0.017990566082070416
0.01775876546728697
0.017744573592912472
0.01765469172187399
0.017607385473959004
0.017616846723542
