0.0
0.0
0.0
0.0
0.0
0.0
0.0
0.0
0.0
0.0
0.0
0.0
0.0
0.0
0.0
0.0
0.0
0.0
0.0
0.0
0.0
3.784499833199141e-05
6.622874708098497e-05
9.461249582997852e-05
0.00013245749416196994
0.00016084124291096348
0.0002743762379069377
0.00035006623457092053
0.0007190549683078368
0.0007900143401803207
0.0008183980889293142
0.0008278593385123121
0.0009224718343422906
0.0008609737120528045
0.0010975049516277508
0.001272538068913211
0.001281999318496209
0.001281999318496209
0.0013718811895346887
0.0029140648715633385
0.003008677367393317
0.0032120942334277706
0.003453356097794216
0.0036993485869521604
0.003718271086118156
0.003888573578612117
0.004285946061098027
0.0044373260544259925
0.004560322299004964
0.0044042116808855
0.0044042116808855
0.0044042116808855
0.004782661664205414
0.005005001029405863
0.004981347905448369
0.005075960401278347
0.0055490228804282405
0.00585651349187567
0.006074122232284621
0.0069871328170439135
0.007171627183912372
0.0075027709193172965
0.007616305914313271
0.007436542172236312
0.007516962793691793
0.005918011614165156
0.0045177466758814745
0.004688049168375436
0.004654934794834943
0.004654934794834943
0.005355067263976785
0.005355067263976785
0.006310653471859567
0.0065424540866430144
0.007010785941001408
0.008482010251157574
0.008798962112188002
0.009044954601345946
0.013207904417865
0.01330251691369498
0.013718811895346886
0.014116184377832795
0.014598708106565685
0.011608953238338365
0.012006325720824274
0.012786878811421596
0.012976103803081554
0.014925121217179111
0.015686751808610438
0.015587408687988961
0.01638688427775228
0.01646257427441626
0.01655718677024624
0.016391614902543778
0.01655718677024624
0.01659976239336973
0.016930906128774657
0.017195821117098595
0.017806071715201956
0.018023680455610907
0.018127754201023884
0.024883086403284353
0.026245506343236042
0.027395048167570282
0.02765996315589422
0.02823709938045709
0.025252075137021268
0.025379802006391738
0.025204768889106277
0.025095964518901802
0.021529073426111614
0.02132092593528566
0.021136431568417203
0.02498242952390583
0.027101749430497347
0.027243668174242314
0.02757481190964724
0.03272173168279807
0.03703606149264509
0.03710702086451757
0.03767942646428894
0.03809572144594085
0.03813829706906434
0.038327522060724296
0.03883842953820618
0.03904657702903214
0.03954329263213952
0.03504446845542404
0.03516273407521152
0.03355905227089338
0.033724624138595845
0.03361581976839137
0.03412199662108175
0.0339375022542133
0.03638323527141824
0.039150650774445114
0.03993593448983394
0.040096775732744894
0.03937772076443706
0.040144081980659885
0.04117535818520665
0.04144500379832209
0.04167680441310554
0.027518044412149254
0.027518044412149254
0.027768767526098696
0.028066796887963128
0.02810464188629512
0.03606628341038781
0.037433433975131
0.03801530082448537
0.03813829706906434
0.0383369833103073
0.03847417142926077
0.03892831140924466
0.04137877505124111
0.041832915031225
0.04205052377163395
0.041941719401429475
0.042395859381413374
0.042324900009540894
0.04199848689892746
0.04223501813850241
0.042395859381413374
0.04285946061098027
0.04298718748035074
0.042968264981184744
0.0431574899728447
0.04303449372826573
0.044373260544259926
0.044292839922804444
0.044463142415298404
0.04467602053091586
0.045045009264652776
0.04444421991613241
0.04469967365487335
0.04329940871658967
0.043488633708249624
0.044207688676557465
0.043938043063442025
0.044174574303016974
0.044562485535919884
0.044548293661545384
0.044193496802182965
0.04418876617739147
0.04443002804175791
0.045650529237964636
0.04840375286661701
0.04893358284326489
0.04878220284993692
0.054539373221191116
0.05654988875757816
0.05605790377926227
0.062084719763631904
0.06223609975695987
0.06308761221942968
0.06690995705096081
0.06673019330888386
0.06674911580804985
0.06852783072965345
0.06856567572798543
0.06836698948674248
0.06842375698424047
0.0687028638469389
0.06881639884193488
0.06987605879523064
0.06977671567460916
0.07061403626270447
0.07198591745223916
0.07208526057286063
0.07228394681410359
0.07274754804367048
0.07269078054617249
0.07306923052949241
0.07514124418816893
0.07658881537436761
0.07894466652053407
0.07902508714198955
0.08028816396131977
0.0810592558023341
0.08113967642378958
0.08081799393796765
0.08228921824812382
0.0823554469952048
0.0824027532431198
0.08226083449937482
0.0823743694943708
0.08253994136207327
0.08256832511082225
0.08248317386457528
0.08307450196351264
0.08308869383788714
0.08416254566555739
0.08427608066055337
0.0845551875232518
0.08518909124531265
0.08518909124531265
0.08685900179671179
0.08707661053712074
0.08700565116524825
0.08712864740982722
0.08759697926418561
0.08750709739314713
0.08754021176668762
0.08801800487062902
0.08823561361103797
0.08932838793787422
0.0925262902969275
0.09276755216129394
0.09176465970549617
0.09580461327743625
0.09636755762762463
0.09632971262929263
0.09570053953202327
0.09562958016015079
0.09619252451033916
0.09619252451033916
0.09607425889055168
0.09733260508509041
0.09739410320737989
0.09797123943194276
0.09831184441693068
0.10081907555642511
0.10077649993330162
0.10091368805225509
0.10116914179099604
0.1008285368060081
0.10113129679266404
0.10091368805225509
0.10078123055809313
0.10047847057143719
0.10037439682602421
0.10048793182102018
0.1004406255731052
0.10074338555976113
0.10097518617454458
0.10102249242245956
0.10122117866370252
0.10143405677931998
0.10128267678599201
0.10145297927848597
0.10170370239243541
0.1017604698899334
0.10203011550304884
0.1022004179955428
0.10233760611449627
0.10536047535626408
0.10636809843685335
0.10655259280372181
0.10671816467142427
0.10665193592434329
0.1066188215508028
0.10644851905830884
0.10910713019113123
0.10942408205216166
0.10932000830674868
0.10943827392653616
0.10948084954965964
0.10960857641903012
0.11006744702380551
0.10976468703714957
0.11001067952630753
0.11018098201880148
0.11005325514943101
0.11028032513942296
0.11074865699378136
0.11068715887149187
0.11097572698377331
0.11102776385647979
0.11169005132728964
0.11171843507603864
0.11138729134063372
0.11075811824336436
0.10866718208552183
0.10852526334177687
0.10861041458802384
0.10865772083593883
0.10861514521281534
0.10873341083260281
0.10873814145739431
0.10870975770864531
0.10866245146073034
0.10847322646907037
0.10851107146740237
0.10869556583427083
0.10864825958635584
0.10861514521281534
0.10882802332843279
0.1088327539532243
0.10881383145405829
0.10868137395989633
0.10913078331508873
0.10981672390985607
0.11047901138066592
0.11110345385314378
0.11127375634563774
0.11195969694040508
0.11205430943623507
0.11196442756519658
0.1123239550493505
0.11254629441455095
0.11216784443123104
0.11204957881144356
0.11242802879476348
0.11289636064912187
0.11178466382311962
0.11147717321167219
0.1110324944812713
0.11167585945291515
0.11174681882478762
0.11177520257353663
0.11176101069916212
0.1118745456941581
0.11170897382645564
0.11153394070917018
0.11160963070583416
0.11165220632895766
0.11165220632895766
0.11112710697710126
0.11132106259355273
0.11129740946959524
0.11125010322168025
0.11162382258020866
0.11212999943289904
0.11180831694707712
0.11170424320166414
0.11595234426443017
0.1158388092694342
0.11512921555070936
0.11612737738171564
0.11614629988088163
0.11610845488254964
0.11599491988755367
0.11590030739172369
0.1158151561454767
0.1167612811037765
0.11644905986753756
0.11626929612546061
0.1167234361054445
0.11677547297815098
0.11624091237671161
0.11632133299816709
0.11615576113046464
0.11630714112379259
0.11607534050900915
0.11621252862796262
0.11698362046897694
0.11691266109710446
0.11704038796647492
0.11704511859126643
0.11619360612879662
0.11616049175525613
0.11638756174524807
0.11640648424441408
0.1162929492494181
0.11602330363630266
0.11599965051234516
0.11641121486920557
0.11659097861128254
0.11619360612879662
0.11638283112045658
0.11655313361295054
0.11663828485919751
0.1167139748558615
0.11748979732166732
0.11780674918269775
0.11792501480248523
0.11834130978413714
0.11783986355623825
0.11779255730832326
0.1175844098174973
0.11723434358292638
0.11713973108709641
0.11708769421438991
0.1171728454606369
0.11740937670021184
0.11739518482583734
0.11731949482917337
0.11727218858125837
0.11710188608876441
0.11705457984084942
0.11720122920938589
0.11700727359293443
0.11729584170521587
0.11729584170521587
0.1171681148358454
0.11824669728830715
0.11810950916935369
0.11838861603205213
0.11827981166184764
0.11829873416101365
0.11777836543394876
0.11784459418102974
0.1176269854406208
0.1176127935662463
0.11756548731833132
0.11575838864797872
0.11484537806321943
0.11481226368967894
0.11467980619551696
0.11446692807989951
0.11441016058240153
0.11432500933615454
0.11423039684032457
0.11413578434449459
0.11434393183532054
0.11384248560742165
0.11356337874472322
0.11344038250014425
0.1149541824334239
0.11478387994092994
0.11469872869468296
0.11479807181530444
0.11472238181864046
0.11476968806655545
0.11480753306488743
0.11477914931613845
0.11483591681363643
0.11515759929945836
0.11482645556405344
0.11459465494926999
0.11454261807656349
0.11449058120385701
0.11443854433115051
0.11447165870469102
0.11447165870469102
0.11444327495594202
0.11475549619218095
0.11476495744176395
0.11465142244676797
0.1145236955773975
0.1145236955773975
0.11424458871469906
0.11321331251015229
0.11311870001432232
0.11432973996094604
0.11413578434449459
0.1140979393461626
0.11432973996094604
0.11350661124722523
0.11444327495594202
0.11301935689370084
0.11299097314495185
0.11284432377641539
0.11369583623888518
0.1136296074918042
0.11414997621886909
0.11413105371970308
0.11197861943957108
0.1118981988181156
0.11199281131394558
0.11198335006436258
0.11199754193873708
0.11195023569082209
0.11264090691038092
0.11248479629226146
0.11279228690370889
0.1127355194062109
0.11274025003100241
0.11283959315162388
