0.0
0.0
0.0
0.0
0.0
0.0
0.0
0.0
0.0
0.0
0.0
0.0
0.0
0.0
2.8383748748993554e-05
2.8383748748993554e-05
5.676749749798711e-05
9.461249582997852e-05
0.00010407374541297637
0.00016084124291096348
0.000255453738740942
0.000255453738740942
0.0002932987370729334
0.0002932987370729334
0.0002932987370729334
0.0002932987370729334
0.00032168248582192696
0.0003595274841539184
0.0004919849783158883
0.0006197118476863593
0.0007568999666398282
0.0009461249582997852
0.00048252372873289044
0.0006433649716438539
0.0006812099699758453
0.0006764793451843464
0.0007805530905973227
0.001225231820998222
0.0016415268026501273
0.0018733274174335746
0.0020672830338850307
0.0021902792784640026
0.0027721461278183705
0.002753223628652375
0.0027248398799033812
0.002791068626984366
0.0034297029738367215
0.0038081529571566356
0.0044042116808855
0.004697510417958434
0.0048820047848268915
0.005165842272316827
0.005511177882096248
0.005582137253968732
0.005705133498547705
0.006277539098319075
0.006807369074966954
0.007143243435163378
0.007181088433495369
0.007446003421819309
0.0077156490349347484
0.007947449649718196
0.008264401510748623
0.00845362650240858
0.008751655864273013
0.008737463989898516
0.008122482767003655
0.009111183348426932
0.009092260849260935
0.007805530905973228
0.00819344213887614
0.008519855249489566
0.01039791329171464
0.01061552203212359
0.010842592022115538
0.010932473893154018
0.011523801992091383
0.011708296358959843
0.011793447605206822
0.012167166963735238
0.013633660649099905
0.013709350645763887
0.013993188133253823
0.01401211063241982
0.014210796873662774
0.014773741223851146
0.014953504965928106
0.01523734245341804
0.014352715617407742
0.014456789362820717
0.014835239346140632
0.015161652456754058
0.015436028694660996
0.016065201791930352
0.016136161163802835
0.016718028013157204
0.016935636753566154
0.017172167993141103
0.017295164237720075
0.01797164358290442
0.01897453603870219
0.017191090492307097
0.0176121160987505
0.017649961097082494
0.01792433733498943
0.01853931855788429
0.019466521017018082
0.019840240375546495
0.020199767859700415
0.020597140342186324
0.020649177214892813
0.02163787779631609
0.02269753774961185
0.022437353386079405
0.022711729623986345
0.022976644612310283
0.023326710846881205
0.02344497646666868
0.02330778834771521
0.023265212724591717
0.023421323342711183
0.02346862959062617
0.025346687632851247
0.025909631983039617
0.026089395725116576
0.02621712259448705
0.026983483810709873
0.026851026316547903
0.027447085040276768
0.028166140008584604
0.028681778110857988
0.029050766844594903
0.029046036219803405
0.02880950498022846
0.02942448620312332
0.029840781184775227
0.030096234923516166
0.030058389925184177
0.029892818057481712
0.029977969303728695
0.030105696173099165
0.029670478692281264
0.029315681832918845
0.02982658931040073
0.02973670743936225
0.030938286136402975
0.031207931749518414
0.0312599686222249
0.03192225609303475
0.031170086751186425
0.031236315498267407
0.031255237997433405
0.03113697237764593
0.030772714268700513
0.029831319935192228
0.029717784940196255
0.03003946742601818
0.030134079921848158
0.029225799961880364
0.029348796206459336
0.029888087432690214
0.03087678801411349
0.03122685424868441
0.03139715674117837
0.031165356126394924
0.031132241752854433
0.029836050559983725
0.02973197681457075
0.03022396179288664
0.03052199115475107
0.03042264803412959
0.03156745923367233
0.031354581118054885
0.03132619736930589
0.03122685424868441
0.03123158487347591
0.03153907548492334
0.031557997984089335
0.03179452922366428
0.031912794843451754
0.031813451722830274
0.03204998296240522
0.03191752546824325
0.03189860296907726
0.0321540567078182
0.0321682485821927
0.032277052952397176
0.03206417483677972
0.03223447732927368
0.03255615981509561
0.0326081966878021
0.03220609358052469
0.03295826292237302
0.032868381051334536
0.0330386835438285
0.03275484605633856
0.03231962857552066
0.032433163570516635
0.03240951044655914
0.032262861078022675
0.032262861078022675
0.032248669203648175
0.032631849811759595
0.0326034660630106
0.031908064218660256
0.03180872109803878
0.03211621170948621
0.03212094233427771
0.03323263916027996
0.03314275728924147
0.03374354663776184
0.033587436019642376
0.0334597091502719
0.03253723731592961
0.03311437354049248
0.03321844728590546
0.03331779040652694
0.03332725165610993
0.03325156165944595
0.033204255411530964
0.033322521031318435
0.03344551727589741
0.03365366476672336
0.03286365042654304
0.032664964185300085
0.03262711918696809
0.03276430730592156
0.032381126697810146
0.0321587873326097
0.032078366711154216
0.030058389925184177
0.030408456159755095
0.03056929740266606
0.03056456677787456
0.030578758652249058
0.030976131134734967
0.030857865514947496
0.03110385800410544
0.031217392999101413
0.031108588628896938
0.030985592384317966
0.031122780503271434
0.031174817375977923
0.0312694298718079
0.03131673611972289
0.03132146674451439
0.03141607924034437
0.03122212362389291
0.031288352370973896
0.031042359881815952
0.031032898632232953
0.03105182113139895
0.03105182113139895
0.03114170300243743
0.031080204880147944
0.030985592384317966
0.03079163676786651
0.03079636739265801
0.030715946771202526
0.03057402802745756
0.03025707616642713
0.030455762407670086
0.03017192492018015
0.03043683990850409
0.03030438241434212
0.029892818057481712
0.03004419805080968
0.029940124305396703
0.029807666811234732
0.030134079921848158
0.030110426797890662
0.029883356807898716
0.029935393680605205
0.029930663055813704
0.03007731242435017
0.02766942440547722
0.027764036901307198
0.027697808154226213
0.02752750566173225
0.027636310031936725
0.027849188147554178
0.027664693780685718
0.02766942440547722
0.02837428749941056
0.02839794062336805
0.02888519497689244
0.02854458999190452
0.02859189623981951
0.028506744993572527
0.028388479373785056
0.028341173125870065
0.028033682514422637
0.027967453767341652
0.028109372511086618
0.027820804398805184
0.028128295010252616
0.02809991126150362
0.027816073774013687
0.02766942440547722
0.02779242065005619
0.027768767526098696
0.027934339393801157
0.027655232531102723
0.02757481190964724
0.026798989443841417
0.02665234007530495
0.026368502587815014
0.026444192584478995
0.026595572577806963
0.026193469470529553
0.026448923209270496
0.026084665100325078
0.0259900526044951
0.02639215571177251
0.026325926964691524
0.026141432597823065
0.025483875751804715
0.025616333245966686
0.02524261388743827
0.025072311394944306
0.0246607470380839
0.024589787666211418
0.02458505704141992
0.02431541142830448
0.024121455811853022
0.023984267692899554
0.024022112691231546
0.02391803894581857
0.023648393332703133
0.023411862093128184
0.02357270333603915
0.02356797271124765
0.023449707091460176
0.02342605396750268
0.023459168341043175
0.023421323342711183
0.023544319587290155
0.023440245841877178
0.023005028361059277
0.02295772211314429
0.0228962239908548
0.023090179607306256
0.023118563356055253
0.02299556711147628
0.022891493366063304
0.022882032116480305
0.02320844522709373
0.023146947104804246
0.023151677729595744
0.022801611495024823
0.02281107274460782
0.022749574622318334
0.02285837899252281
0.02281580336939932
0.022929338364395296
0.0229151464900208
0.022952991488352788
0.023061795858557263
0.022952991488352788
0.022943530238769792
0.022943530238769792
0.022673884625654353
0.022744843997526836
0.022787419620650326
0.022872570866897306
0.022867840242105808
0.022489390258785893
0.02264077025211386
0.02255088838107538
0.022607655878573368
0.02232854901587493
0.022399508387747416
0.022456275885245403
0.022361663389415424
0.022205552771295958
0.02211094027546598
0.022016327779636
0.021997405280470006
0.02192171528380602
0.021647339045899085
0.021467575303822126
0.02140134655674114
0.021245235938621678
0.021117509069251205
0.021254697188204674
0.021197929690706687
0.021122239694042706
0.021179007191540693
0.02109858657008521
0.0211411621932087
0.02105601094696172
0.0211317009436257
0.021022896573421226
0.020814749082595275
0.02061133221656082
0.02061606284135232
0.0202612659819899
0.02009096348949594
0.019882815998669985
0.01977874225325701
0.01986389349950399
0.019707782881384524
0.01921106727827714
0.01921106727827714
0.01912591603203016
0.01911645478244716
0.019017111661825684
0.019097532283281163
0.019182683529528146
0.01912591603203016
0.01907860978411517
0.019092801658489665
0.01902657291140868
0.018998189162659686
0.019045495410574678
0.019059687284949174
0.018936691040370202
0.019239451027026132
0.019163761030362148
0.018946152289953198
0.018988727913076688
0.018979266663493692
0.019012381037034183
0.01907860978411517
0.019059687284949174
0.01920160602869414
0.019130646656821657
0.019002919787451184
0.018861001043706218
0.01885153979412322
0.018771119172667737
0.01873327417433575
0.018790041671833735
0.018747466048710245
0.018600816680173778
0.018600816680173778
0.01858189418100778
0.01842105293809682
0.018350093566224333
0.018250750445602856
0.018222366696853863
0.01810883170185789
0.018482551060386303
0.018482551060386303
0.018250750445602856
0.01832644044226684
0.018298056693517847
0.018241289196019857
0.01831697919268384
0.01858662480579928
0.018572432931424784
0.018600816680173778
0.018553510432258787
0.0185014735595523
0.018307517943100843
0.018335901691849836
0.01828386481914335
0.018340632316641337
0.01842105293809682
0.01840213043893082
0.018430514187679815
0.01836428544059883
0.018293326068726346
0.018198713572896368
0.01814194607539838
0.017981104832487417
0.018255481070394354
0.018080447953108897
0.017929067959780928
0.017815532964784955
0.01783445546395095
0.017853377963116947
0.017678344845831487
0.01757427110041851
0.017536426102086517
0.017503311728546026
0.01745600548063104
0.017295164237720075
0.017200551741890096
0.017072824872519623
0.017006596125438637
0.016940367378357656
0.016902522380025663
0.016930906128774657
0.018113562326649388
0.018028411080402408
0.017848647338325446
0.0176121160987505
0.017460736105422536
0.01730935611209457
0.01735666236000956
0.017224204865847588
0.016978212376689644
0.016921444879191658
0.016964020502315148
0.016888330505651167
0.016765334261072195
0.016765334261072195
0.016793718009821188
0.016770064885863693
