0.0
0.0
0.0
0.0
0.0
0.0
1.8922499165995704e-05
1.8922499165995704e-05
1.8922499165995704e-05
1.8922499165995704e-05
1.8922499165995704e-05
9.461249582997852e-05
9.461249582997852e-05
0.00018922499165995705
0.00018922499165995705
0.0004115643568604066
0.0003689887337369162
0.00032168248582192696
0.00032168248582192696
0.00035006623457092053
0.0003689887337369162
0.00035006623457092053
0.00035006623457092053
0.0
0.0
9.461249582997852e-05
9.461249582997852e-05
0.00015137999332796563
0.0003784499833199141
0.0003784499833199141
0.0003784499833199141
0.001721947424105609
0.0017739842968120972
0.00211458928180002
0.00211458928180002
0.0022092017776299986
0.0022092017776299986
0.00224704677596199
0.0022565080255449875
0.0022565080255449875
0.002284891774293981
0.0024031573940814545
0.0024599248915794414
0.0026775336319883923
0.0040210310727740875
0.0040210310727740875
0.004030492322357085
0.004068337320689076
0.00700132469141841
0.007020247190584406
0.007171627183912372
0.007228394681410359
0.007275700929325348
0.007318276552448839
0.0074318115474448125
0.008921958356766974
0.009087530224469438
0.009172681470716417
0.009324061464044383
0.009574784577993826
0.009593707077159822
0.010066769556309715
0.010161382052139694
0.010246533298386673
0.01026072517276117
0.010298570171093162
0.01127307887814194
0.01171775760854284
0.01206782384311376
0.022120401525048978
0.02042683784969236
0.02612251009865707
0.026150893847406063
0.023761928327699106
0.022323818391083432
0.022484659633994396
0.022617117128156367
0.02357270333603915
0.023984267692899554
0.023709891454992617
0.024826318905786363
0.025100695143693303
0.026146163222614566
0.03645419464329072
0.03507758282896454
0.03497823970834306
0.03492147221084507
0.03526207719583299
0.03564525780394441
0.03579663779727237
0.03590071154268535
0.03761792834199946
0.0379017658294894
0.037944341452612884
0.03860662892342274
0.03867758829529522
0.039519639508182026
0.03889519703570417
0.039538562007348024
0.03622239402850728
0.03682318337702764
0.03578717654768938
0.03632173714912875
0.03670964838203167
0.036766415879529654
0.03578717654768938
0.017919606710197933
0.01832644044226684
0.01638688427775228
0.020890439079259256
0.021831833412767544
0.019277296025358125
0.019348255397230608
0.016410537401709776
0.01822709732164536
0.02496350702473983
0.026179277596155057
0.03421660911691173
0.04550387986942817
0.04558903111567515
0.049382992198457286
0.049501257818244764
0.04973305843302821
0.050726489639242985
0.05342294577039737
0.05348917451747836
0.0546103325930636
0.053347255773733386
0.0620894503884234
0.062065797264465906
0.05910442614498758
0.05705133498547705
0.05885370303103814
0.05888681740457863
0.059615333622469464
0.0603249273411943
0.06064187920222473
0.06067972420055672
0.060840565443467685
0.06096356168804666
0.06098248418721266
0.0647149471477053
0.06509339713102522
0.06507447463185922
0.06619090208265298
0.06631389832723195
0.06850890823048744
0.06877855384360289
0.06928000007150177
0.07031600690084004
0.06901035445838634
0.06670180956013486
0.0669052264261693
0.06796961700425656
0.06785608200926059
0.06853729197923644
0.06682007517992233
0.0669146876757523
0.068286568865287
0.06832441386361898
0.06897724008484583
0.06948341693753622
0.06982402192252415
0.07183453745891119
0.07191022745557517
0.0722366405661886
0.0722508324405631
0.07242586555784855
0.0726434742982575
0.07292731178574745
0.0739775104894602
0.07432757672403112
0.07454518546444007
0.07454991608923157
0.07677804036602758
0.07696253473289602
0.08035439270840075
0.08040642958110725
0.08077068769005266
0.07830130154889023
0.07862298403471216
0.07831076279847322
0.07853310216367367
0.09834968941526268
0.09580934390222774
0.09612156513846667
0.08880328858601784
0.08642851494068537
0.08714283928420172
0.0872374517800317
0.08673127492734131
0.0863055186961064
0.08671235242817531
0.09155178158987871
0.09229922030693555
0.09447530771102505
0.09438069521519507
0.09411104960207964
0.09395020835916867
0.09414416397562013
0.09450842208456554
0.0951754401801669
0.09524166892724788
0.09530789767432886
0.0920532278177776
0.09230395093172704
0.09237964092839103
0.09169370033362369
0.09587557264930874
0.08620617557548493
0.08657516430922184
0.0868116955487968
0.08700092054045674
0.0911354866082268
0.09529843642474586
0.09597491576993021
0.09799489255590026
0.09829765254255618
0.09915862625460899
0.10059673619122467
0.10068661806226314
0.10015678808561526
0.1000337918410363
0.1008569205547571
0.10104141492162556
0.10151447740077546
0.10194023363201035
0.10211526674929582
0.10320331045134057
0.10322223295050656
0.1034776866892475
0.10344457231570701
0.09465034082831052
0.09469764707622551
0.09503825206121343
0.09517070955537539
0.09555389016348681
0.09655678261928458
0.0987044862746251
0.10104614554641705
0.10108399054474905
0.10050685432018618
0.1008758430539231
0.10148609365202646
0.10153339989994145
0.10243221861032624
0.1026214436019862
0.10303773858363811
0.10317019607780008
0.10304719983322111
0.10327900044800456
0.10326007794883856
0.10318438795217458
0.10368110355528196
0.10378517730069493
0.10371894855361395
0.10404063103943588
0.10416835790880635
0.10507663786877415
0.10563958221896251
0.10434339102609182
0.1044001585235898
0.10443800352192179
0.10463668976316474
0.10387505917173341
0.10409739853693387
0.10378517730069493
0.10413524353526586
0.10441435039796429
0.10498202537294417
0.10504825412002515
0.10515232786543813
0.10546927972646855
0.10576730908833298
0.10737099089265112
0.10387032854694192
0.10256940672927971
0.10255994547969671
0.10234233673928776
0.10314181232905108
0.10138201990661348
0.10141513428015397
0.10137728928182198
0.1031039673307191
0.10308504483155309
0.10319857982654908
0.10319384920175757
0.10383248354860992
0.10656678467809631
0.10652893967976432
0.10780147774867753
0.10901724832009276
0.10916862831342071
0.10931054705716568
0.10719122715057416
0.10738991339181712
0.10688846716391823
0.10700200215891421
0.10869083520947932
0.10941935142737017
0.10979307078589857
0.10987822203214556
0.10977887891152407
0.1100863695229715
0.10988768328172856
0.11095207385981581
0.11109399260356077
0.11221988130393752
0.11210161568415004
0.10882802332843279
0.10889425207551377
0.10914497518946323
0.10911659144071423
0.10907401581759074
0.10931054705716568
0.11015732889484399
0.11021882701713348
0.11154813258354468
0.11157178570750217
0.11161436133062566
0.11165693695374915
0.11175154944957913
0.11181777819666011
0.11128321759522074
0.11065877512274287
0.11088111448794333
0.11053104825337241
0.11315181438786281
0.11306666314161583
0.1131943900109863
0.11338361500264627
0.11271659690704491
0.11775944293478277
0.11781621043228076
0.11779728793311475
0.11879544976412103
0.11912186287473446
0.11946719848451388
0.11524748117049684
0.11481226368967894
0.11485010868801093
0.11484064743842792
0.11480753306488743
0.1154461674117398
0.11562593115381675
0.11556916365631877
0.11556443303152726
0.11665720735836352
0.11686062422439797
0.11642540674358007
0.11635444737170758
0.1162787573750436
0.11662409298482303
0.11024721076588247
0.11047901138066592
0.10997756515276703
0.11112237635230977
0.10991606703047754
0.10564431284375402
0.10630660031456386
0.10477860850690972
0.10656678467809631
0.10800962523950348
0.10824615647907843
0.10826507897824442
0.1083644220988659
0.10859149208885785
0.10863406771198134
0.1083596914740744
0.10851107146740237
0.11031817013775495
0.11040332138400194
0.11051685637899791
0.1105641626269129
0.11044116638233392
0.11081015511607084
0.11062093012441089
0.11062566074920238
0.1105357788781639
0.11070608137065786
0.11076284886815585
0.11081488574086235
0.11226718755185251
0.11244695129392947
0.11286797690037288
0.11393236747846014
0.11434393183532054
0.11429189496261405
0.11500621930613039
0.1149683743077984
0.11505825617883687
0.1154461674117398
0.1154319755373653
0.1153846692894503
0.11659097861128254
0.11560700865465075
0.11562593115381675
0.11558808615548476
0.11549347365965477
0.11567796802652323
0.11616995300483912
0.11647271299149506
0.11662882360961452
0.11689373859793846
0.11643486799316306
0.11705457984084942
0.1171964985845944
0.11740937670021184
0.11741883794979484
0.11751345044562482
0.11685589359960646
0.1171633842110539
0.11721542108376039
0.11731003357959037
0.11949085160847137
0.11966115410096534
0.11920701412098143
0.11897994413098949
0.1189326378830745
0.11905563412765346
0.11866772289475055
0.11864880039558456
0.11866299226995906
0.11885694788641052
0.11875287414099754
0.118946829757449
0.11836023228330313
0.11810477854456218
0.11808585604539619
0.11769794481249328
0.11800543542394071
0.11788243917936174
0.11797705167519172
0.11836496290809463
0.12089111654675505
0.1206876996807206
0.12077285092696759
0.12050793593864365
0.12029505782302619
0.12044643781635415
0.12032344157177519
0.12047009094031165
0.12145879152173493
0.1215675958919394
0.12162436338943738
0.12153921214319041
0.12168113088693537
0.1216196327646459
0.1215675958919394
0.1220028133727573
0.1220217358719233
0.12216365461566826
0.12347403768291347
0.12358757267790944
0.12372003017207141
0.1233226576895855
0.1264164863032258
0.12671924628988174
0.1268706262832097
0.1273058437640276
0.12762279562505802
0.1273342275127766
0.12763225687464103
0.12754710562839405
0.12696523877903967
0.12697943065341416
0.12707404314924414
0.12673343816425622
0.1272396150169466
0.12676655253779673
0.1273153050136106
0.12714027189632512
0.1269273937807077
0.12924539992854217
0.1295150455416576
0.12968534803415155
0.12973738490685804
0.12877233744939226
0.12842227121482133
0.12849796121148532
0.12712608002195064
0.12757075875235155
0.12751399125485355
0.12763225687464103
0.12753291375401954
0.1273626112615256
0.12741937875902357
0.12746195438214705
0.12742410938381507
0.12770794687130502
0.127670101872973
0.12891425619313723
0.12890952556834573
0.12932108992520613
0.1295670824143641
0.1294393555449936
0.12939677992187013
0.1295292374160321
0.12937785742270413
0.1294772005433256
