0.0
0.0
0.0
0.0
0.0
0.0
0.0
0.0
7.095937187248389e-05
7.095937187248389e-05
7.095937187248389e-05
0.0002601843635324409
0.00033587436019642374
0.001466493685364667
0.0014854161845306627
0.001665179926607622
0.002303814273459977
0.0020956667826340244
0.0036993485869521604
0.003968994200067599
0.0040730679454805754
0.005402373511891773
0.005392912262308776
0.005274646642521303
0.006083583481867619
0.006334306595817062
0.007602114039938774
0.011963750097700784
0.011864406977079307
0.01272538068913211
0.01215770571415224
0.012261779459565216
0.011112237635230978
0.01141026699709541
0.012753764437881105
0.010554023909834105
0.010643905780872584
0.011632606362295858
0.013047063174954038
0.014650744979272174
0.015081231835298576
0.015511718691324979
0.016325386155462793
0.016363231153794785
0.016798448634612686
0.0176215773483335
0.029145379340424882
0.030758522394326016
0.028790582481062463
0.03267915605967458
0.03327994540819494
0.032494661692806126
0.035754062174148886
0.02986443430873272
0.034613981599397645
0.037154327112432564
0.037906496454280895
0.03810518269552385
0.03714486586284957
0.03842213455655428
0.038833698913414684
0.03854986142592475
0.03897561765715965
0.030342227412674113
0.030465223657253085
0.027021328809041865
0.027106480055288845
0.02576771323929465
0.01999635099366596
0.021812910913601546
0.02078636533384628
0.021330387184868658
0.021656800295482084
0.0224610065100369
0.022806342119816324
0.026226583844070044
0.03175195360054079
0.032750115431547065
0.034330144111907705
0.03467547972168713
0.036160895906217794
0.04205998502121695
0.039808207620463464
0.03469440222085313
0.035474955311450444
0.03584867466997886
0.039708864499841984
0.039406104513186054
0.04062187508460128
0.04015354323024289
0.04265604374494582
0.0435974380784541
0.04398534931135702
0.044609791783834875
0.04475644115237134
0.042140405642672435
0.04630335545919149
0.046946720430835344
0.04725894166707427
0.03702660024306209
0.03711175148930908
0.03776457771053593
0.040408996968983826
0.045669451737130634
0.04585867672879059
0.04641689045418746
0.05017773716342911
0.050508880898834034
0.0510860171233969
0.051951721460241206
0.05229232644522913
0.052807964547502514
0.05359324826289133
0.05360270951247433
0.0537446282562193
0.055144893194502984
0.055532804427405894
0.05733517247296698
0.06083110419388469
0.059312573635813534
0.06011204922557685
0.0603627723395263
0.06170626978031199
0.0550550113234645
0.048086801005586585
0.049699944059487716
0.05044738277654455
0.052694429552506535
0.052320710193978125
0.05355067263976784
0.0550550113234645
0.046577731697098425
0.05038588465425506
0.04967629093553022
0.04946814344470427
0.055040819449090006
0.055348310060537434
0.05587814003718532
0.05566999254635936
0.055513881928239896
0.05561795567365287
0.0559301769098918
0.056526235633620664
0.05704660436068555
0.058134648062730304
0.057396670595256466
0.058503636796467216
0.060183008597449336
0.060102587975993854
0.06073649169805471
0.06172519227947799
0.06081218169471869
0.06096829231283816
0.06104398230950214
0.0612190154267876
0.06129943604824308
0.06185764977363996
0.06231178975362385
0.06144135479198805
0.06185764977363996
0.06269970098652676
0.06748236265073218
0.06749182390031518
0.06766685701760064
0.06825345449174651
0.0673877501549022
0.06459668152791784
0.06381612843732051
0.05759062621170793
0.06006947360245336
0.06124739917553659
0.059761982991005935
0.060235045470155825
0.059884979235584904
0.060670262950973726
0.062179332259461886
0.06266658661298627
0.06234017350237285
0.06470075527333081
0.06541507961684714
0.06586448897203954
0.06632335957681494
0.06682480580471382
0.06720798641282524
0.06733571328219572
0.0669667245484588
0.0629409628508932
0.05913754051852808
0.06041480921223279
0.060722299823680215
0.06094463918888066
0.06126159104991109
0.0612142848019961
0.062169871009878884
0.06269497036173527
0.06506974400706773
0.06514543400373171
0.06862244322548341
0.06949287818711922
0.07504663169233897
0.07581299290856179
0.07675911786686157
0.07780931657057434
0.0779417740647363
0.07902981776678106
0.07939880650051798
0.08012259209361731
0.081466089534403
0.08109237017587459
0.08098829643046161
0.08403954942097842
0.08578988059383302
0.08593652996236949
0.08691103866941827
0.08695834491733326
0.08837280172999144
0.08876544358768584
0.08824034423582947
0.08849579797457041
0.09269659278942145
0.09724745383884342
0.09785770443694679
0.09870921689941659
0.09963641935855037
0.1004169724491477
0.10053050744414367
0.0942955439689481
0.09483010457038747
0.09369475462042773
0.0938319427393812
0.09376571399230021
0.09369948524521923
0.09491525581663446
0.08574730497070954
0.08571892122196054
0.08666977680505182
0.08795177612354803
0.088055849868961
0.08963114792453016
0.0898440260401476
0.08870394546539637
0.09272497653817045
0.0925168290473445
0.09241748592672303
0.09236544905401653
0.0925073677977615
0.09319803901732034
0.09318857776773734
0.09285270340754093
0.09449423021019104
0.09384140398896419
0.09237491030359953
0.0933636108850228
0.09300881402566039
0.09255940467046798
0.09109764160989482
0.09246006154984651
0.0911733316065588
0.09173627595674717
0.09127267472718027
0.09182615782778565
0.0916463940857087
0.09219514656152257
0.09358595025022326
0.0933872640089803
0.09298516090170289
0.09279120528525144
0.09298043027691139
0.09283378090837492
0.09289527903066441
0.09307504277274137
0.09339199463377179
0.0934109171329378
0.08745979114523214
0.08707187991232923
0.0871948761569082
0.08821196048708048
0.08833022610686794
0.08842483860269792
0.08786662487730106
0.08787608612688405
0.08827345860936996
0.08944192293287019
0.08837280172999144
0.08821196048708048
0.08878436608685185
0.08841064672832342
0.08868975359102187
0.08933784918745721
0.0898818710384796
0.09055361975887244
0.09061038725637043
0.09070973037699191
0.09067188537865992
0.09101249036364784
0.09102195161323083
0.09084218787115388
0.09182142720299416
0.09135309534863575
0.09126794410238878
0.09217149343756507
0.09230868155651854
0.09234652655485054
0.09570527015681478
0.09596545452034722
0.09627767575658615
0.09661355011678256
0.09714338009343045
0.09774416944195082
0.09898359313732352
0.09974995435354636
0.09874233127295708
0.09787662693611278
0.09787662693611278
0.0973657194586309
0.09753602195112486
0.09765901819570383
0.09787189631132127
0.0990782056331535
0.09873287002337408
0.09991079559645731
0.10016151871040677
0.10023247808227924
0.10029870682936023
0.09963168873375888
0.09961276623459289
0.09949450061480541
0.09982564435021034
0.10036020495164971
0.09979726060146134
0.09994390996999782
0.09990606497166582
0.10036966620123271
0.1004169724491477
0.1008616511795486
0.10063458118955665
0.1008616511795486
0.10214365049804482
0.1022098792451258
0.1022051486203343
0.10249371673261573
0.10244641048470074
0.10249371673261573
0.1025930598532372
0.1030519304580126
0.10344457231570701
0.10320804107613207
0.10413051291047436
0.10466507351191374
0.10199227050471685
0.10230449174095578
0.10074811618455262
0.10112656616787254
0.10125429303724301
0.10054942994330968
0.10111237429349805
0.09931473687272846
0.09931000624793695
0.09855310628129713
0.09853891440692263
0.0982361544202667
0.09796650880715126
0.09799016193110875
0.09844903253588415
0.09982564435021034
0.10041224182435621
0.10051631556976919
0.10072919368538663
0.10055416056810117
0.10076703868371863
0.10037439682602421
0.10453734664254327
0.10456099976650077
0.10474549413336923
0.10541251222897056
0.10508609911835715
0.10542197347855356
0.10617887344519339
0.1052564016108511
0.10552131659917505
0.10554023909834104
0.10509082974314864
0.10450423226900278
0.10545508785209406
0.10562539034458802
0.10548347160084305
0.10651474780538982
0.10675127904496476
0.10681277716725425
0.10710134527953569
0.1070824227803697
0.10701146340849721
0.10687427528954374
0.10736626026785963
0.10759806088264308
0.10752710151077059
0.10733314589431914
0.1074419502645236
0.10783459212221802
0.10664247467476029
0.10751290963639609
0.10769267337847305
0.10785824524617552
0.10830765460136792
0.10826980960303592
0.10891317457467978
0.1087854477053093
0.10975995641235808
0.11000121827672453
0.11093788198544131
0.11067769762190888
0.11062093012441089
0.11086219198877734
0.11044116638233392
0.10992552828006054
0.1105499707525384
0.11040805200879343
0.1105357788781639
0.11065404449795138
0.11091895948627532
0.11077231011773885
0.1105594320021214
0.11063512199878538
0.11130687071917823
0.11074865699378136
0.11152921008437867
0.11154813258354468
0.10977887891152407
0.10974103391319208
0.1096416907925706
0.10698781028453971
0.10727164777202965
0.10712499840349318
0.10728583964640415
0.10751290963639609
0.10752710151077059
0.10771159587763905
0.1075034483868131
0.10851580209219386
0.10849687959302787
0.10790555149409051
0.1079623189915885
0.10804273961304398
0.10797651086596298
0.10800016398992048
0.10789609024450751
0.10846376521948738
0.10899359519613526
0.10931054705716568
0.10894628894822027
0.10853472459135986
0.10817992773199744
0.10843538147073838
0.10876652520614331
0.10872868020781132
0.10904563206884174
0.10947138830007665
0.1092301264357102
0.10884221520280729
0.10896521144738626
0.10890844394988827
0.10887532957634778
0.10948558017445115
0.10951869454799164
0.10975522578756658
0.1096416907925706
0.10974576453798358
0.11044116638233392
0.11052631762858091
0.11040805200879343
0.11029924763858896
0.11044116638233392
0.11044116638233392
0.11152447945958718
0.11136836884146771
0.11122171947293125
0.11103722510606279
0.11173735757520463
0.11178939444791113
0.11184616194540911
0.11173735757520463
0.11151028758521268
0.11244695129392947
0.11210634630894155
0.11218203630560553
0.1122861100510185
0.11220095880477153
0.1119029294429071
0.11176101069916212
0.11126902572084624
0.11129267884480373
0.11114602947626727
0.11116495197543326
0.1110183026068968
0.11111291510272678
0.11112237635230977
0.11185562319499211
0.11199281131394558
0.11195969694040508
0.11180831694707712
