0.0
0.0
0.0
3.784499833199141e-05
3.784499833199141e-05
0.00011353499499597422
0.00011353499499597422
0.00011353499499597422
0.00011353499499597422
0.00011353499499597422
0.00011353499499597422
0.00011353499499597422
0.00011353499499597422
0.00011353499499597422
0.00011353499499597422
0.00011353499499597422
0.0003595274841539184
0.0004162949816519055
0.0004162949816519055
0.00045413997998389687
0.00045413997998389687
0.0006244424724778583
0.0006433649716438539
0.0006717487203928475
0.0006717487203928475
0.0007332468426823335
0.0007758224658058238
0.0007758224658058238
0.0007758224658058238
0.0007568999666398282
0.0008988187103847959
0.0008988187103847959
0.0009177412095507917
0.0017408699232716047
0.0014948774341136605
0.0014948774341136605
0.0015469143068201489
0.0015185305580711552
0.0015185305580711552
0.0015185305580711552
0.0015185305580711552
0.0016841024257736176
0.0016841024257736176
0.001665179926607622
0.0014759549349476649
0.0014759549349476649
0.00255453738740942
0.0027863380021928676
0.002814721750941861
0.002814721750941861
0.002828913625316358
0.002942448620312332
0.0037655773340331453
0.003836536705905629
0.003883842953820618
0.003883842953820618
0.004205525439642545
0.004233909188391539
0.004196064190059547
0.004337982933804515
0.004593436672545457
0.0045981672973369565
0.004678587918792438
0.004716432917124429
0.004300137935472524
0.004300137935472524
0.004300137935472524
0.004432595429634494
0.003973724824859098
0.004106182319021068
0.004683318543583937
0.0054686022589727585
0.005307761016061795
0.005558484130011238
0.0059653178620801455
0.006012624109995135
0.006712756579136976
0.006007893485203636
0.007048630939333399
0.007550077167232286
0.0077960696563902305
0.008363744631370101
0.008552969623030059
0.008647582118860037
0.008524585874281065
0.008567161497404555
0.008642851494068538
0.008642851494068538
0.009172681470716417
0.00942340458466586
0.011046008888149992
0.011258887003767443
0.011386613873137915
0.011954288848117786
0.01202524821999027
0.012138783214986244
0.012488849449557164
0.012678074441217121
0.012720650064340613
0.013032871300579542
0.01325994129057149
0.013406590659107957
0.013449166282231447
0.013856000014300355
0.013827616265551361
0.013662044397848898
0.01374246501930438
0.0136573137730574
0.010998702640235003
0.01097031889148601
0.010066769556309715
0.010237072048803676
0.010095153305058708
0.010894628894822027
0.010544562660251106
0.010937204517945517
0.011126429509605474
0.011292001377307936
0.011334577000431426
0.01180290885478982
0.012190820087692733
0.012540886322263653
0.012564539446221148
0.013203173793073503
0.012630768193302132
0.01251250257351466
0.012853107558502582
0.013179520669116008
0.013241018791405493
0.012403698203310184
0.012365853204978192
0.012479388199974167
0.012720650064340613
0.012919336305583567
0.013099100047660526
0.013056524424537036
0.013155867545158514
0.014097261878666799
0.014499364985944209
0.014915659967596114
0.014953504965928106
0.015213689329460546
0.01519476683029455
0.015431298069869497
0.015998973044849367
0.016055740542347353
0.016197659286092323
0.01686467738169367
0.01691198362960866
0.017139053619600608
0.017517503602920523
0.017550617976461017
0.017848647338325446
0.01791487608540643
0.016845754882527677
0.01727151111376258
0.01731408673688607
0.018160868574564375
0.018160868574564375
0.018160868574564375
0.01942394539389459
0.019608439760763048
0.019802395377214503
0.020029465367206453
0.020247074107615403
0.020687022213224805
0.021037088447795723
0.021259427812996175
0.0211458928180002
0.021396615931949643
0.021907523409431525
0.02184602528714204
0.02184602528714204
0.022002135905261504
0.02153380405090311
0.021831833412767544
0.022030519654010497
0.02238531651337292
0.02267861525044585
0.022494120883577395
0.022683345875237352
0.022475198384411397
0.02228597339275144
0.022248128394419447
0.022711729623986345
0.023184792103136235
0.023544319587290155
0.024111994562270027
0.024074149563938035
0.02414983956060202
0.024523558919130432
0.024547212043087928
0.02476482078349688
0.02501554389744632
0.02515746264119129
0.02502027452223782
0.02498242952390583
0.022900954615646302
0.02286310961731431
0.022380585888581418
0.023719352704575616
0.024949315150365334
0.0259853219797036
0.026184008220946554
0.027759306276515697
0.027830265648388183
0.02788230252109467
0.02806206626317163
0.029358257456042335
0.02929202870896135
0.030048928675601178
0.03021450054330364
0.027622118157562228
0.02779242065005619
0.027645771281519724
0.027858649397137177
0.028071527512754626
0.028833158104185953
0.02872908435877298
0.02876692935710497
0.029083881218135398
0.029135918090841886
0.030105696173099165
0.029854973059149723
0.03011988804747366
0.031387695491595376
0.031789798598872786
0.03192225609303475
0.0326129273125936
0.03272646230758957
0.03295826292237302
0.03319952478673946
0.03364893414193186
0.03361108914359987
0.03378612226088533
0.03383815913359182
0.034666018472104126
0.03415038036983075
0.0343679891102397
0.03505866032979854
0.03591963404185135
0.03616562653100929
0.03663868901015918
0.03494512533480257
0.03474643909355961
0.03504446845542404
0.03500662345709205
0.03540872656436946
0.0339043878806728
0.033809775384842825
0.03361581976839137
0.03382396725921732
0.03408888224754126
0.03405576787400077
0.0343679891102397
0.035205309698335005
0.03538507344041197
0.0356641803031104
0.03394696350379629
0.034145649745039246
0.034599789725023145
0.035120158452088025
0.03517692594958601
0.03507758282896454
0.03558849030644642
0.03573513967498289
0.035777715298106375
0.035739870299774386
0.03616562653100929
0.036898873373691625
0.036851567125776634
0.036458925268082226
0.03662449713578469
0.03647311714245672
0.037201633360347555
0.03821398706572832
0.03872489454321021
0.03890938891007867
0.03889046641091267
0.03927837764381558
0.03943448826193505
0.039283108268607085
0.03879112329029119
0.03878639266549969
0.039037115779449134
0.03971359512463348
0.04021504135253237
0.04046576446648181
0.040413727593775324
0.04338929058762815
0.0431716818472192
0.04347917245866663
0.04325683309346618
0.04347917245866663
0.042443165629328365
0.042745925615984295
0.04302976310347423
0.04321425747034269
0.04374408744699057
0.04364947495116059
0.043417674336377145
0.043200065595968194
0.04305814685222323
0.0431527593480532
0.04339402121241965
0.0436163605776201
0.043569054329705106
0.04413199867989348
0.04416984367822547
0.044694943030081855
0.044912551770490805
0.04542345924797269
0.04546130424630468
0.04596275047420356
0.04611886109232303
0.04620874296336151
0.04606682421961654
0.046057362970033544
0.04423134180051496
0.04560795361484114
0.04587759922795658
0.04587759922795658
0.04609520796836553
0.04589179110233108
0.04577825610733511
0.04587759922795658
0.04515381363485725
0.045030817390278276
0.04470913490445635
0.04466655928133286
0.044865245522575814
0.04460033053425187
0.04259454562265633
0.042783770614316284
0.0427175418672353
0.04264185187057132
0.04259454562265633
0.042712811242443804
0.04293988123243575
0.0427222724920268
0.04349809495783263
0.043436596835543136
0.0436163605776201
0.04429757054759594
0.044259725549263954
0.044458411790506906
0.04440637491780042
0.04440637491780042
0.04439691366821742
0.04420295805176597
0.04394750431302502
0.04461925303341787
0.04479901677549483
0.04478482490112033
0.04532411612735121
0.045314654877768215
0.04532411612735121
0.04528627112901922
0.04542818987276419
0.04562687611400714
0.04571202736025412
0.044950396768822794
0.04506866238861027
0.04503554801506977
0.04550861049421967
0.04514435238527425
0.04514435238527425
0.04586340735358209
0.04647365795168545
0.04648784982605995
0.046544617323557934
0.04671965044084339
0.04699875730354183
0.047500203531440716
0.0475617016537302
0.04682372418625637
0.04699875730354183
0.04695145105562684
0.04702241042749932
0.04726840291665727
0.04710756167374631
0.047150137296869794
0.04705552480103982
0.04665815231855391
0.046795340437507375
0.04699402667875033
0.04705552480103982
0.04698456542916733
0.047367746037278745
0.04690414480771185
0.04673384231521789
0.046828454811047866
0.046591923571472925
0.04748601165706622
0.04728732541582326
0.047315709164572256
0.04739139916123624
0.047381937911653245
0.04744816665873423
0.047348823538112754
0.046591923571472925
0.046407429204604465
0.04745762790831723
0.0475711629033132
0.04766104477435168
0.04771308164705817
0.04747655040748322
0.04745762790831723
0.04772727352143266
0.04775092664539016
0.04816722162704207
0.047538048529772704
0.04742451353477673
0.047566432278521704
0.047684697898309175
0.047784041018930655
0.04788338413955213
0.04783134726684564
0.047888114764343626
0.047755657270181655
0.04768942852310067
0.047717812271849666
0.04751912603060671
0.0475569710289387
0.04754750977935571
0.047538048529772704
0.047722542896641164
0.04749074228185772
0.047452897283525725
0.04734409291332125
0.047769849144556155
0.04778877164372215
0.04808207038079509
0.0480158416337141
0.0479969191345481
0.048086801005586585
0.048460520364114995
0.04856932473431947
0.04868759035410695
0.04812937662871007
0.048469981613698
0.04735828478769575
0.04766577539914318
0.047722542896641164
0.04766577539914318
0.047618469151228186
0.04762319977601969
0.04762793040081119
0.047637391650394184
0.047500203531440716
0.04765631414956018
0.04789284538913513
0.047821886017262644
0.047632661025602686
0.04738666853644474
0.04745762790831723
0.04645000482772795
0.046577731697098425
0.04681426293667337
0.046828454811047866
0.04685683855979686
0.0466865360673029
0.04682372418625637
0.04680480168709037
0.046795340437507375
0.046506772325225945
0.04640269857981297
0.046440543578144956
0.04656827044751543
0.046591923571472925
0.04636485358148097
0.046393237330229965
0.04674330356480089
0.04653515607397494
0.04651623357480894
0.046861569184588364
0.04667234419292841
0.04650204170043444
0.046610846070638916
0.04656353982272393
0.04656353982272393
0.0466865360673029
0.04678114856313288
0.047433974784359734
0.047717812271849666
0.04783607789163714
0.04793069038746712
0.047888114764343626
0.047902306638718126
0.047538048529772704
0.04743870540915123
0.04721163541915928
0.04742451353477673
0.04725894166707427
0.04707444730020581
0.04720217416957628
0.04737720728686175
0.04750493415623221
0.04787392288996913
0.04688995293333736
