0.0
0.0
0.0
0.0
0.0
0.0
0.0
0.0
0.0
0.0
3.784499833199141e-05
0.0001986862412429549
0.0002649149883239399
0.0002649149883239399
0.00015137999332796563
0.00032168248582192696
0.00033587436019642374
0.00032641311061342587
0.0008183980889293142
0.0008893574608017981
0.0013624199399516906
0.0031789798598872783
0.0032215554830107686
0.0032972454796747516
0.003633119839871175
0.0038601898298631235
0.003268861730925758
0.003335090478006743
0.0033540129771727385
0.0034202417242537235
0.0033871273507132312
0.00920579584425691
0.012271240709148213
0.014816316846974636
0.01757427110041851
0.017981104832487417
0.01820344419768787
0.020327494729070885
0.021689914669022575
0.022096748401091482
0.020459952223232856
0.022569810880241375
0.023866002073112083
0.02233327964066643
0.0202518047324069
0.0202612659819899
0.02871016185960698
0.02938191057999983
0.032031060463239225
0.03204998296240522
0.03147757736263385
0.03246154731926563
0.02923999183625486
0.03335090478006743
0.018960344164327694
0.01912118540723866
0.01916849165515365
0.02074852033551429
0.022271781518376943
0.02264550087690536
0.024608710165377412
0.023624740208745637
0.01933879414764761
0.01999162036887446
0.0211458928180002
0.024551942667879426
0.02498242952390583
0.033322521031318435
0.03061660365058105
0.031160625501603426
0.03542764906353546
0.02939137182958283
0.03122685424868441
0.03395169412858779
0.03460925097460614
0.03489308846209608
0.05874489866083366
0.05896723802603411
0.06216040976029589
0.06496093963686325
0.06556172898538362
0.0656090352332986
0.061465007915945544
0.06241586349903683
0.06252466786924131
0.06553807586142613
0.06331941283421312
0.06374043844065654
0.06270443161131826
0.06284161973027173
0.044713865529247845
0.04383396931802905
0.044865245522575814
0.0453950754992237
0.046251318586485
0.04704133292666532
0.04806314788162909
0.04575933360816911
0.04567418236192213
0.046232396087319
0.04632700858314898
0.0449409355192398
0.047348823538112754
0.05053253402279153
0.05431703385599067
0.055433461306784414
0.05618090002384125
0.059785636114963424
0.060684454825348226
0.061744114778643985
0.06626659207931695
0.06795069450509057
0.06831495261403599
0.06689103455179482
0.06679169143117333
0.06997540191585211
0.07018354940667806
0.06502716838394423
0.06730259890865523
0.06837645073632548
0.06735936640615321
0.0718250762093282
0.07065661188582796
0.07334360676739934
0.0722224486918141
0.014433136238863224
0.014646014354480675
0.016888330505651167
0.01752696485250352
0.01747965860458853
0.01330251691369498
0.01348228065577194
0.013458627531814444
0.013458627531814444
0.014258103121577763
0.01569148243340194
0.017370854234384055
0.017408699232716048
0.017484389229380032
0.018685967926420757
0.01873327417433575
0.018520396058718296
0.019258373526192127
0.019826048501172
0.020284919105947395
0.020332225353862383
0.02034168660344538
0.021860217161516537
0.026846295691756405
0.02890411747605844
0.029083881218135398
0.02942448620312332
0.02972724618977925
0.03292514854883252
0.03292514854883252
0.03296299354716452
0.03250412294238912
0.03484578221418109
0.03492147221084507
0.03484578221418109
0.03515800345042002
0.03495931720917706
0.03495931720917706
0.035522261559365435
0.036496770266414215
0.03382869788400882
0.034330144111907705
0.03462344284898064
0.034718055344810615
0.039538562007348024
0.04305341622743172
0.044510448663213395
0.04465709803174986
0.04485105364820132
0.04505920113902727
0.04606209359482504
0.04620401233857001
0.04636485358148097
0.04596275047420356
0.04596275047420356
0.04660611544584742
0.046544617323557934
0.04346498058429213
0.04354067058095611
0.043635283076786095
0.04391438993948453
0.04399481056094001
0.044051578058438
0.04399954118573151
0.043975888061774014
0.044037386184063505
0.04376300994615656
0.044160382428642474
0.04667234419292841
0.04855513285994498
0.048574055359110975
0.04965736843636423
0.05007366341801613
0.050201390287386606
0.05017300653863761
0.05036696215508907
0.05046157465091904
0.04957221719011724
0.048876815345766905
0.04877274160035393
0.04990809155031367
0.05836171805272225
0.05889154802937013
0.057779851203367885
0.06403373717772946
0.0642986521660534
0.06445476278417286
0.06609155896203149
0.06601113834057601
0.06678223018159034
0.06777566138780511
0.06810680512321003
0.06812572762237604
0.06845687135778096
0.06812572762237604
0.06814938074633353
0.06836225886195098
0.06857986760235993
0.06872651697089639
0.06846160198257245
0.0682818382404955
0.068248723866955
0.06831495261403599
0.06831495261403599
0.06823926261737201
0.06822507074299751
0.06866028822381541
0.06879274571797739
0.06884951321547537
0.06882112946672637
0.06978144629940065
0.07092625749894339
0.07112021311539485
0.07165477371683424
0.07167369621600023
0.07173992496308121
0.0717966924605792
0.07194334182911567
0.07184872933328569
0.07185819058286869
0.07182034558453669
0.0727002417957555
0.07281850741554297
0.07359906050614029
0.0735422930086423
0.0739964329886262
0.0744600342181931
0.0761725203927157
0.0762103653910477
0.0761630591431327
0.0749094435733855
0.07779985532099133
0.0779512353143193
0.07780931657057434
0.07777620219703384
0.07799381093744279
0.07810734593243877
0.07832495467284772
0.0783911834199287
0.07838172217034571
0.07852837153888217
0.07961641524092693
0.0797062971119654
0.08119644392128757
0.08606425683173996
0.08659881743317933
0.08637174744318739
0.08651839681172385
0.08650893556214086
0.08642378431589388
0.08634809431922989
0.08605952620694846
0.08614940807798695
0.08638593931756189
0.08576149684508402
0.08581826434258202
0.08584664809133101
0.08604060370778246
0.08608317933090595
0.08595545246153549
0.08600275870945047
0.08594126058716099
0.08621090620027642
0.08626767369777441
0.08802273549542051
0.08833968735645094
0.08838699360436593
0.08842010797790642
0.09036439476721249
0.0911969847305163
0.09370894649480223
0.09361906462376375
0.09391236336083668
0.09440907896394407
0.09452261395894004
0.09452261395894004
0.09507609705954541
0.09581407452701925
0.10080961430684211
0.10203011550304884
0.10207742175096382
0.1022335323690833
0.10247006360865824
0.10260252110282021
0.10251736985657323
0.10243221861032624
0.09905928313398751
0.0991538956298175
0.09931946749751995
0.10258832922844571
0.10258832922844571
0.10290528108947614
0.10452788539296026
0.10494891099940368
0.1052422097364766
0.10601330157749093
0.10594234220561845
0.10595180345520144
0.10560646784542202
0.10938150642903817
0.1096416907925706
0.10973630328840059
0.11095207385981581
0.11068715887149187
0.11089530636231783
0.11045062763191693
0.11147717321167219
0.11149609571083818
0.11034182326171245
0.11008163889818001
0.11008163889818001
0.10844484272032139
0.10817046648241445
0.10841645897157239
0.10807112336179296
0.1131849287614033
0.11378571810992366
0.11252737191538495
0.11246587379309547
0.11250371879142745
0.11254156378975945
0.11238072254684849
0.11194077444123908
0.11196442756519658
0.11194550506603058
0.11353972562076572
0.11381883248346417
0.11340726812660375
0.11371475873805119
0.11489268431113442
0.11483118618884493
0.11521436679695635
0.11522382804653934
0.11520490554737335
0.1154461674117398
0.11555970240673577
0.11469872869468296
0.11455680995093799
0.11467034494593396
0.11441489120719303
0.11430608683698855
0.11415470684366058
0.11421147434115857
0.11427770308823956
0.11431081746178005
0.11432973996094604
0.11450004245344
0.11354445624555723
0.11360122374305522
0.1180622029214387
0.11807166417102169
0.11798651292477472
0.11823250541393265
0.1180480110470642
0.11821831353955817
0.11886167851120201
0.11810950916935369
0.11822304416434966
0.11833184853455414
0.11952869660680336
0.11952396598201187
0.121146570285496
0.121099264037581
0.12209742586858728
0.12212580961733628
0.12218257711483427
0.12226772836108124
0.12234341835774523
0.12253264334940518
0.1224285696039922
0.12257048834773718
0.12146352214652642
0.1216196327646459
0.1215581346423564
0.12170005338610138
0.12180885775630584
0.12174262900922486
0.12195550712484231
0.12198389087359131
0.12226772836108124
0.12226299773628975
0.12236707148170271
0.12257994959732017
0.12273132959064814
0.12318546957063203
0.12207377274462979
0.1219791602487998
0.12196969899921681
0.12188454775296984
0.12175209025880786
0.12167166963735238
0.12184197212984633
0.12187981712817833
0.12239545523045171
0.12240491648003471
0.1224758758519072
0.1224806064766987
0.12249952897586469
0.12231503460899623
0.12307666520042757
0.12305774270126156
0.12328954331604501
0.12260833334606916
0.12260833334606916
0.12257048834773718
0.12222042211316625
0.12218257711483427
0.12292055458230809
0.12283067271126961
0.12261306397086066
0.12249952897586469
0.12235761023211972
0.12239545523045171
0.12247114522711569
0.12258468022211166
0.12249952897586469
0.12263671709481816
0.12269821521710765
0.12270294584189914
0.12274552146502263
0.12278809708814613
0.1233226576895855
0.12336996393750049
0.12427824389746829
0.12411267202976582
0.12437285639329826
0.12448639138829423
0.12456208138495822
0.1246756163799542
0.1228969014583506
0.12268875396752464
0.12227718961066424
0.12231030398420473
0.12234814898253672
0.12186562525380383
0.12190820087692732
0.12190820087692732
0.12189873962734432
0.12212107899254478
0.12240018585524322
0.12234341835774523
0.12230557335941324
0.12254683522377968
0.12256575772294567
0.12231030398420473
0.12232922648337073
0.1224806064766987
0.12076812030217608
0.12098572904258503
0.1219791602487998
0.1219933521231743
0.12206904211983828
0.12212580961733628
0.12447219951391975
0.12680912816092021
0.12664355629321775
0.12694631627987368
0.1268233200352947
0.1264117556784343
0.12633133505697883
0.1264496006767663
0.13027667613308894
0.13022463926038244
0.12959073553832157
0.12935893492353814
0.129898226149769
0.1298461892770625
0.13010164301580346
0.13051793799745537
0.13003541426872248
0.13005433676788847
0.12981307490352204
0.12973738490685804
0.12971373178290055
0.13044224800079138
