0.0
0.0
0.0
0.0
0.0
0.0
0.0
0.0
0.0
3.784499833199141e-05
0.00017030249249396133
0.00017030249249396133
0.00017030249249396133
0.0001986862412429549
0.00021287811561745168
0.00024126186436644522
0.00024126186436644522
0.00024126186436644522
0.00024126186436644522
0.00029802936186443236
0.00043994810560940014
0.0006528262212268517
0.0006717487203928475
0.0010407374541297637
0.0010596599532957595
0.0010785824524617552
0.0012205011962067229
0.001272538068913211
0.0015516449316116477
0.0015658368059861445
0.0016320655530671295
0.0015090693084881574
0.001603681804318136
0.0016982943001481144
0.0018402130438930821
0.0020010542868040457
0.002100397407425523
0.0020625524090935317
0.002100397407425523
0.0017692536720205984
0.0019963236620125467
0.001977401162846551
0.001967939913263553
0.001920633665348564
0.0025356148882434244
0.002630227384073403
0.0026444192584478996
0.002757954253443874
0.003273592355717257
0.0036946179621606613
0.004342713558596014
0.005350336639185285
0.007024977815375905
0.00726623967974235
0.009139567097175925
0.010724326402328066
0.011556916365631876
0.009896467063815754
0.010539832035459606
0.01070540390316207
0.011547455116048879
0.01272538068913211
0.014021571882002816
0.015577947438405963
0.015615792436737955
0.015880707425061896
0.016088854915887848
0.01699240425106414
0.01721001299147309
0.017687806095414486
0.018387938564556325
0.019092801658489665
0.01889411541724671
0.02061133221656082
0.021089125320502212
0.021264158437787672
0.02277322774627583
0.022177169022546964
0.020048387866372447
0.020597140342186324
0.020937745327174247
0.003453356097794216
0.0035385073440411968
0.0038270754563226313
0.003467547972168713
0.0035243154696666997
0.003633119839871175
0.004025761697565586
0.004077798570272074
0.0043663666825535085
0.0044467873040089905
0.005142189148359333
0.005572676004385735
0.005757170371254193
0.006107236605825113
0.006466764089979032
0.006835752823715948
0.008070445894297168
0.008392128380119095
0.008865190859268988
0.010024193933186223
0.011258887003767443
0.013283594414528985
0.013794501892010869
0.01418241312491378
0.024864163904118355
0.02541764700472373
0.025001352023071823
0.026406347586147006
0.026832103817381908
0.02765050190631122
0.029126456841258887
0.030332766163091114
0.030720677395994024
0.031070743630564945
0.03220609358052469
0.03228178357718867
0.03268861730925758
0.03426864598961822
0.03429229911357572
0.0348079372158491
0.03511542782729653
0.03687995087452563
0.03751385459658648
0.03798691707573638
0.03838428955822228
0.03879112329029119
0.03911280577611312
0.039302030767773076
0.03949598638422453
0.039439218886726544
0.04027180885003036
0.04061714445980978
0.04127470130582813
0.04250466375161785
0.04278850123910779
0.04322844934471719
0.04418403555259997
0.04409415368156149
0.04638850670543847
0.04650204170043444
0.04706971667541431
0.04732517041415526
0.04678114856313288
0.047079177924997315
0.04685683855979686
0.04688522230854585
0.0471595985464528
0.047197443544784785
0.04308179997618072
0.0436305524519946
0.04378666307011406
0.046057362970033544
0.04641689045418746
0.04557956986609215
0.04563160673879864
0.04468548178049885
0.04504027863986128
0.044595599909460375
0.04458140803508588
0.045267348629853224
0.0466818054425114
0.047027141052290826
0.04737247666207024
0.04731097853978076
0.0471406760472868
0.04704133292666532
0.04762793040081119
0.04805368663204609
0.048507826612029986
0.049278918453044315
0.04969521343469622
0.049889169051147673
0.04984186280323268
0.049903360925522174
0.05220244457419065
0.05259508643188506
0.05289784641854099
0.052926230167289985
0.052964075165621974
0.05377301200496829
0.054321764480782166
0.05470967571368508
0.05528681193824795
0.05587814003718532
0.05699456748797906
0.057817696201699874
0.05775619807941039
0.05942610863080951
0.05982348111329542
0.059832942362878415
0.05950652925226499
0.05975725236621443
0.060235045470155825
0.06044792358577328
0.06051888295764576
0.060708107949305715
0.05998905298099788
0.05944030050518401
0.05980455861412942
0.059795097364546426
0.06052834420722876
0.06161638790927351
0.061545428537401026
0.06224083038175137
0.061171709178872616
0.06131835854740908
0.06143189354240505
0.061242668550745095
0.0612379379259536
0.06144608541677955
0.06105344355908514
0.060977753562421154
0.06104398230950214
0.06162584915885651
0.06192387852072094
0.061862380398431456
0.06418038654626593
0.06462506527666682
0.06582191334891606
0.06558065148454961
0.06561849648288161
0.06621928583140196
0.06611994271078049
0.06809261324883555
0.06833860573799348
0.06711810454178677
0.06710391266741227
0.06708499016824628
0.06668288706096887
0.06837645073632548
0.068248723866955
0.06731679078302971
0.06710864329220377
0.06753913014823017
0.06762428139447715
0.06749655452510668
0.06776146951343062
0.06688157330221181
0.06672546268409235
0.06626186145452545
0.06638485769910443
0.06630443707764895
0.06573676210266907
0.06662138893867937
0.06726002328553173
0.0673782889053192
0.06720325578803374
0.06688630392700332
0.06690995705096081
0.06718433328886775
0.0678371595100946
0.06817776449508252
0.06805003762571205
0.0686934025973559
0.06860825135110893
0.06845214073298946
0.06819195636945702
0.06845214073298946
0.0682439932421635
0.06852783072965345
0.0687028638469389
0.06863663509985791
0.06842848760903196
0.06879747634276888
0.06830549136445299
0.06909077507984182
0.06886370508984986
0.06832914448841049
0.06900562383359483
0.06877382321881138
0.06860352072631742
0.06862717385027492
0.06938880444170625
0.06905766070630132
0.06892047258734785
0.06851363885527895
0.06892520321213935
0.06941718819045524
0.06930365319545927
0.06931311444504226
0.06874070884527089
0.06876909259401989
0.06899616258401184
0.06821087886862301
0.06795069450509057
0.06778985326217961
0.06751547702427267
0.06698564704762479
0.06833387511320199
0.06799800075300556
0.06791284950675858
0.06629497582806596
0.06611521208598899
0.06632335957681494
0.06638958832389592
0.06595910146786953
0.06592598709432904
0.06612467333557198
0.06579352960016706
0.06592125646953753
0.06635174332556394
0.06659300518993039
0.0665173151932664
0.06655042956680689
0.06747763202594068
0.06692414892533531
0.06749182390031518
0.06745870952677469
0.06754859139781316
0.06711810454178677
0.0669572632988758
0.06699983892199929
0.06674911580804985
0.06530154462185117
0.06578879897537557
0.06552861461184312
0.0651974708764382
0.06453045278083686
0.06561849648288161
0.06543400211601315
0.06446422403375586
0.06434122778917689
0.06397223905543997
0.0634092947052516
0.06313018784255317
0.06314911034171916
0.06347079282754109
0.06359378907212006
0.06347079282754109
0.06320587783921715
0.06280377473193974
0.06272808473527576
0.06260981911548828
0.06260981911548828
0.06237801850070484
0.06217460163467038
0.062098911638006404
0.06187184164801445
0.06182453540009947
0.06292677097651872
0.06273281536006725
0.06276592973360776
0.0630024609731827
0.06273281536006725
0.06241586349903683
0.062013760391759425
0.06143189354240505
0.061327819796992075
0.06081218169471869
0.06074122232284621
0.060135702349534345
0.06006947360245336
0.05984240361246142
0.05938353300768602
0.05938353300768602
0.05916592426727707
0.058910470528536124
0.05862663304104619
0.05849417554688422
0.058839511156663644
0.058352256803139255
0.05826237493210077
0.057803504327325374
0.05777038995378488
0.057377748096090475
0.057581164962124926
0.05740140122004797
0.05713648623172403
0.0568100731211106
0.056625578754242144
0.05633701064196071
0.056218745022173236
0.055901793161142806
0.05646000688653968
0.05633228001716921
0.05628970439404572
0.05650731313445467
0.056171438774258245
0.05609574877759427
0.05586394816281082
0.05576460504218934
0.05569364567031686
0.0554996900538654
0.05508812569700499
0.05458667946910611
0.05566053129677637
0.05537669380928643
0.055026627574715506
0.054894170080553535
0.05475225133680857
0.05483740258305555
0.05491782320451103
0.055196930067209465
0.05487051695659604
0.05482794133347255
0.05458194884431461
0.05434068697994816
0.05411361698995622
0.05412780886433071
0.05407577199162422
0.053314141400192895
0.05389600824954727
0.05378247325455129
0.053583787013308334
0.05344186826956337
0.05316276140686493
0.05283161767146
0.05300192016395397
0.05276065829958752
0.053143838907698936
0.05306814891103495
0.05269916017729804
0.052793772673128014
0.05204633395607118
0.0524153226898081
0.052088909579194674
0.05251939643522108
0.052122023952735165
0.05158746335129579
0.051601655225670284
0.05158746335129579
0.05125631961589086
0.05127051149026536
0.05117589899443538
0.05074068151361748
0.05070283651528549
0.05086840838298795
0.05085421650861346
0.0511238621217289
0.05086367775819645
0.050650799642579
0.050504150274042536
0.05059876276987251
0.050508880898834034
0.05053253402279153
0.05056091777154052
0.04967156031073872
0.04944449032074678
0.049401914697623284
0.049382992198457286
0.049312032826584806
0.049435029071163775
0.04963844593719823
0.05009731654197363
0.049501257818244764
0.049382992198457286
0.04928837970262731
0.04883423972264341
0.048928852218473394
0.048843700972226414
0.048829509097851914
0.04869705160368994
0.04855040223515348
0.04911807721013335
0.04877274160035393
0.04905657908784386
0.04863555348140046
0.04858824723348547
0.04853147973598748
0.04920795908117183
0.049297840952210306
0.047566432278521704
0.0475711629033132
0.04729205604061476
0.04721636604395078
0.04690887543250335
0.046795340437507375
0.04680007106229887
0.04660611544584742
0.046710189191260396
0.04706025542583132
0.047235288543116774
0.047670506023934675
0.04678587918792438
0.046946720430835344
0.046629768569804914
0.04655880919793243
0.04657300107230693
0.04675749543917539
0.046662882943345405
0.04633646983273198
0.046308086083982986
0.04645000482772795
0.04620401233857001
0.046090477343574035
0.04591071360149708
0.045958019849412064
0.04588232985274809
0.045636337363590136
0.04556064736692616
0.045603222990049645
0.04548022674547068
0.04559376174046665
0.04541399799838969
0.0453950754992237
0.04522004238193823
0.046695997316885896
0.04659665419626442
0.046492580450851445
