0.0
0.0
0.0
0.0
0.0
0.0
0.0
0.0
0.0
0.0
0.0002365312395749463
0.0002365312395749463
0.0002365312395749463
0.0002365312395749463
0.0002932987370729334
0.0002932987370729334
0.00035006623457092053
0.00046833185435839366
0.00046833185435839366
0.00046833185435839366
0.00046833185435839366
0.00046833185435839366
0.00046833185435839366
0.00046833185435839366
0.0005156381022733829
0.0005156381022733829
0.0007521693418483293
0.0007521693418483293
0.0007710918410143249
0.0008467818376783078
0.001026545579755267
0.0010643905780872583
0.0011022355764192498
0.0011637336987087357
0.001598951179526637
0.0024410023924134458
0.00268699488157139
0.0027437623790693773
0.010856783896490035
0.01092774326836252
0.002999216117810319
0.0036993485869521604
0.004418403555259997
0.004877274160035393
0.005113805399610339
0.0053976428871002746
0.00594639536291415
0.006466764089979032
0.006864136572464942
0.006939826569128924
0.007261509054950851
0.007602114039938774
0.020970859700714738
0.02127361968737067
0.021037088447795723
0.02057348721822883
0.020497797221564848
0.020639715965309814
0.02075798158509729
0.022394777762955915
0.020336955978653884
0.020190306610117417
0.020048387866372447
0.02065390783968431
0.0207059447123908
0.02078163470905478
0.020450490973649857
0.021164815317166196
0.021666261545065083
0.0215858409236096
0.021954829657346516
0.022886762741271806
0.02294826086356129
0.023061795858557263
0.023979537068108056
0.024026843316023044
0.02414037831101902
0.024774282033079877
0.008420512128868088
0.008472549001574577
0.008519855249489566
0.008605006495736546
0.009409212710291364
0.009385559586333869
0.009551131454036332
0.00951801708049584
0.009887005814232755
0.010913551393988022
0.011112237635230978
0.011093315136064982
0.00955586207882783
0.009626821450700315
0.01088043702044753
0.011485956993759393
0.01176506385645783
0.011481226368967893
0.010979780141069007
0.011618414487921362
0.01197794197207528
0.012451004451225173
0.012451004451225173
0.012654421317259627
0.013553240027644423
0.012384775704144188
0.012545616947055152
0.01272538068913211
0.012971373178290056
0.016528803021497247
0.016902522380025663
0.01871435167516975
0.018861001043706218
0.019154299780779153
0.019390831020354098
0.020374800976985876
0.02061606284135232
0.022177169022546964
0.02268807650002885
0.02299556711147628
0.024220798932474502
0.02470332266120739
0.024187684558934008
0.02413091706143602
0.024376909550593965
0.02470332266120739
0.0251054257684848
0.025346687632851247
0.02546022262784722
0.025384532631183235
0.026089395725116576
0.0259853219797036
0.026245506343236042
0.026988214435501374
0.023421323342711183
0.023657854582286128
0.023771389577282104
0.024651285788500902
0.027205823175910325
0.02876692935710497
0.028383748748993555
0.028260752504414583
0.028525667492738525
0.028913578725641435
0.03003946742601818
0.031089666129730943
0.0317377617261663
0.03227232232760567
0.034211878492120235
0.034112535371498755
0.03382869788400882
0.0339185797550473
0.034363258485448196
0.03468021034647863
0.0361041284087198
0.03138296486680388
0.0334644397750634
0.03333198228090143
0.033492823523812394
0.033842889758383315
0.03402265350046028
0.03466128784731263
0.035356689691662974
0.034949855959594066
0.03558375968165492
0.035569567807280426
0.03905603827861513
0.040021085736080916
0.0400873144831619
0.04083475320021873
0.040796908201886736
0.0423059775103749
0.042878383110146266
0.043062877477014726
0.0435974380784541
0.043805585569280055
0.0449267436448653
0.045049739889444274
0.0440657699328125
0.04721636604395078
0.04737720728686175
0.04767996727351768
0.0479969191345481
0.04811045412954408
0.048559863484736475
0.050324386531965574
0.05032911715675707
0.05068864464091099
0.05075487338799198
0.051379315860469836
0.052661315178966044
0.05268023767813204
0.05302084266311996
0.053361447648107886
0.0537588201305938
0.05449206697327613
0.05465290821618709
0.05503608882429851
0.05542400005720142
0.056232936896547736
0.057363556221715975
0.05739193997046497
0.0576852387075379
0.057765659328993385
0.057935961821487345
0.057902847447946854
0.05862663304104619
0.05885370303103814
0.058924662402910624
0.059142271143319575
0.05919903864081756
0.059042928022698095
0.058688131163335676
0.05913280989373657
0.05960114174809497
0.06083583481867619
0.059709946118299446
0.06000797548016388
0.06087841044179968
0.06096356168804666
0.060670262950973726
0.060939908564089165
0.060925716689714665
0.06143189354240505
0.0625293984940328
0.061966454143844434
0.06237328787591334
0.06318222471525965
0.06325791471192364
0.06358905844732857
0.06278485223277375
0.06333360470858762
0.06423715404376391
0.0642844602916789
0.06446422403375586
0.06447841590813036
0.0647338696468713
0.06506501338227623
0.06515962587810621
0.06497986213602924
0.06568472522996259
0.06612940396036349
0.06627132270410846
0.0664700089453514
0.06679169143117333
0.06683899767908832
0.06659300518993039
0.06657881331555589
0.06677749955679883
0.06679642205596484
0.06672546268409235
0.06675857705763284
0.0673924807796937
0.06721744766240824
0.06818249511987402
0.0669525326740843
0.06703768392033128
0.06722690891199123
0.06758643639614516
0.06765739576801764
0.06793177200592458
0.06862244322548341
0.06888262758901587
0.06888735821380736
0.06996121004147762
0.07012205128438859
0.07032073752563153
0.06943611068962123
0.0696016825573237
0.07019774128105256
0.07014097378355458
0.07023085565459306
0.07098775562123288
0.07082691437832192
0.07073703250728344
0.0709688331220669
0.0722224486918141
0.07240221243389107
0.07210891369681813
0.07231706118764408
0.07228867743889508
0.072667127422215
0.072657666172632
0.07208052994806914
0.0722461018157716
0.07302192428157742
0.07298880990803693
0.0718392680837027
0.0717730393366217
0.07243532680743156
0.0722744855645206
0.07225556306535459
0.07232179181243559
0.0722413711909801
0.07235963681076757
0.07221771806702261
0.07191495808036667
0.07261982117430002
0.072648204923049
0.07192914995474117
0.07228867743889508
0.07234071431160158
0.07246371055618055
0.0721987955678566
0.07246844118097205
0.07200010932661366
0.07165477371683424
0.0709357187485264
0.07073703250728344
0.07075122438165794
0.07140878122767629
0.07164058184245974
0.07210418307202664
0.07262928242388302
0.07246844118097205
0.0739775104894602
0.07446476484298459
0.07551496354669736
0.07689157536102355
0.07699564910643653
0.07706187785351751
0.07731733159225845
0.07744032783683742
0.07686319161227455
0.07682061598915106
0.07698618785685352
0.07677330974123607
0.07701930223039402
0.07697199598247903
0.07765793657724637
0.07738829096413093
0.07731260096746695
0.07736463784017343
0.07722744972121996
0.07819249717868575
0.07826345655055823
0.07818776655389426
0.07824453405139224
0.07875544152887412
0.07874124965449962
0.07901089526761507
0.07900143401803207
0.07867975153221014
0.07852837153888217
0.07853310216367367
0.07852837153888217
0.07873651902970813
0.07829657092409872
0.07828237904972422
0.07867029028262713
0.07873651902970813
0.07876963340324862
0.07897305026928307
0.07873651902970813
0.07889262964782759
0.07966845211363341
0.07987659960445936
0.07917646713531752
0.07871759653054212
0.07858986966117165
0.0783911834199287
0.07846214279180119
0.07814046030597926
0.0771186453510155
0.07680642411477656
0.07673546474290407
0.07680169348998507
0.07705241660393451
0.07735990721538194
0.07902981776678106
0.07911023838823654
0.0788689765238701
0.0787980171519976
0.07871286590575063
0.07852364091409067
0.0779796190630683
0.07849525716534168
0.07873651902970813
0.0788453233999126
0.07901089526761507
0.07899670339324057
0.07921431213364952
0.07906293214032155
0.0788500540247041
0.07890682152220209
0.07895412777011708
0.07859460028596316
0.07874124965449962
0.07870813528095913
0.07859460028596316
0.07859933091075466
0.07876017215366563
0.07877436402804011
0.07896831964449157
0.0788358621503296
0.0788074784015806
0.07891155214699358
0.07892101339657659
0.07906293214032155
0.07891628277178508
0.07894939714532558
0.07905820151553006
0.07902508714198955
0.07892574402136808
0.07857567778679717
0.07848106529096718
0.07878382527762312
0.07877909465283162
0.07864663715866964
0.07857094716200566
0.07851417966450767
0.07859933091075466
0.07820668905306025
0.07818776655389426
0.07824453405139224
0.07835806904638822
0.07827291780014123
0.0783722609207627
0.07857094716200566
0.07844795091742669
0.07815465218035375
0.07824926467618373
0.07899670339324057
0.07907239338990454
0.07900616464282356
0.07900143401803207
0.07891628277178508
0.07892574402136808
0.07902035651719806
0.07940353712530947
0.0796921052375909
0.07964952961446742
0.07951707212030545
0.07940826775010097
0.07952653336988845
0.0797441421102974
0.07961641524092693
0.07959749274176092
0.0801698983415323
0.08008001647049381
0.08043008270506474
0.08078014893963566
0.0806003851975587
0.08052469520089472
0.08056727082401821
0.08052469520089472
0.08055307894964371
0.0806476914454737
0.08051050332652022
0.08024085771340478
0.08046319707860523
0.08046319707860523
0.08012259209361731
0.08038277645714975
0.07997121210028935
0.08023139646382178
0.07981983210696138
0.08006109397132782
0.07962114586571842
0.08000432647382984
0.07984821585571038
0.0801509758423663
0.08000905709862134
0.08002324897299583
0.07989552210362535
0.07971102773675691
0.07969683586238241
0.07965899086405041
0.07987659960445936
0.07982929335654437
0.07934676962781148
0.07978198710862938
0.07964952961446742
0.07985294648050187
0.0797677952342549
0.07954072524426294
0.0797677952342549
0.08049631145214572
0.08087949206025714
0.08090314518421464
0.08087476143546564
0.08095045143212962
0.08079907143880166
0.08070445894297168
0.0806003851975587
0.08034493145881776
0.08034493145881776
0.08009893896965982
0.08009893896965982
0.0801131308440343
0.07985767710529337
0.08000905709862134
0.08009893896965982
0.08008474709528532
0.07991444460279136
0.07991917522758285
0.07977725648383789
0.07963533774009292
0.07961168461613542
0.07949814962113945
0.07948395774676495
0.07960222336655243
