0.0
0.0
0.0
0.0
0.0
0.0
0.0
1.8922499165995704e-05
0.0006149812228948604
0.0006149812228948604
0.0006149812228948604
0.0006149812228948604
1.8922499165995704e-05
1.8922499165995704e-05
9.461249582997852e-05
9.461249582997852e-05
9.461249582997852e-05
9.461249582997852e-05
9.461249582997852e-05
9.461249582997852e-05
9.461249582997852e-05
9.461249582997852e-05
9.461249582997852e-05
9.461249582997852e-05
9.461249582997852e-05
9.461249582997852e-05
9.461249582997852e-05
0.0001088043702044753
0.00016557186770246242
0.0001088043702044753
0.0001088043702044753
0.00017503311728546026
0.0005156381022733829
0.00070486309393334
0.00070486309393334
0.0004352174808179012
0.0004352174808179012
0.00045413997998389687
0.0004919849783158883
0.0005298299766478798
0.0007095937187248389
0.0008373205880953099
0.001092774326836252
0.0011968480722492282
0.0018827886670165727
0.002351120521374966
0.002748493003860876
0.0036283892150796764
0.0039500717009016036
0.005383451012725778
0.0055301003812622445
0.005809207243960681
0.007805530905973228
0.008042062145548175
0.009219987718631407
0.009352445212793378
0.009484902706955347
0.009853891440692262
0.010014732683603226
0.01026072517276117
0.010899359519613525
0.011159543883145967
0.01149541824334239
0.011873868226662304
0.01219555071248423
0.022659692751279856
0.022744843997526836
0.024651285788500902
0.024854702654535356
0.025559565748468696
0.014593977481774188
0.01471224310156166
0.01545495119382699
0.015554294314448469
0.015677290559027442
0.01572459680694243
0.01625442678359031
0.01633957802983729
0.011396075122720914
0.011604222613546865
0.012540886322263653
0.013278863789737486
0.024902008902450347
0.028464169370449037
0.025441300128681225
0.025876517609499126
0.026874679440505398
0.027234206924659318
0.027101749430497347
0.027721461278183708
0.02967520931707276
0.029618441819574775
0.029637364318740773
0.029145379340424882
0.025393993880766234
0.025356148882434242
0.025734598865754157
0.02602316697803559
0.026193469470529553
0.026969291936335377
0.026988214435501374
0.02894669309918193
0.027868110646720172
0.028142486884627112
0.028336442501078567
0.028658124986900495
0.028781121231479467
0.02744235441548527
0.027891763770677667
0.028071527512754626
0.028109372511086618
0.026046820101993086
0.026221853219278547
0.022319087766291934
0.023265212724591717
0.024774282033079877
0.02496350702473983
0.0259853219797036
0.02637323321260651
0.026273890091985035
0.02630227384073403
0.026969291936335377
0.027111210680080346
0.027645771281519724
0.027683616279851716
0.028133025635044114
0.028412132497742548
0.029746168688945248
0.029935393680605205
0.030872057389321993
0.030976131134734967
0.03134511986847188
0.031775606724498286
0.032967724171956016
0.03324683103465445
0.03351174602297839
0.03457613660106565
0.03465182659772963
0.03491201096126208
0.03519111782396051
0.034732247219185115
0.03503973783063254
0.03548441656103345
0.0356831028022764
0.03621766340371578
0.03596694028976633
0.036061552785596314
0.0360993977839283
0.0365677296382867
0.03718271086118156
0.03746181772387999
0.03766050396512295
0.037807153333659416
0.0378828433303234
0.038076798946774855
0.03855932267550775
0.038795853915082695
0.038966156407576655
0.03917430389840261
0.040811100076261236
0.04069756508126526
0.04150177129582008
0.04179980065768451
0.04190387440309749
0.04171938003622903
0.04171464941143753
0.04222082626412792
0.042391128756621876
0.04347917245866663
0.044628714283000866
0.04346024995950063
0.043654205575952086
0.04345551933470913
0.044259725549263954
0.04506866238861027
0.04277430936473329
0.042897305609312264
0.04309599185055522
0.04307706935138922
0.043370368088462154
0.04640269857981297
0.04653515607397494
0.0471217535481208
0.0471217535481208
0.04687576105896286
0.04725421104228277
0.047235288543116774
0.047320439789363754
0.047888114764343626
0.048001649759339605
0.04794488226184161
0.04995066717343716
0.05220244457419065
0.05246735956251459
0.05263766205500855
0.05270389080208954
0.052912038292915485
0.055797719415729835
0.05759062621170793
0.05849890617167572
0.058522559295633214
0.05833333430397326
0.05823399118335178
0.05890100927895313
0.05911388739457058
0.059142271143319575
0.05965790924559296
0.05962479487205247
0.0599039017347509
0.06044319296098178
0.06029181296765381
0.06025396796932182
0.06044792358577328
0.06063241795264174
0.061157517304498116
0.0612332073011621
0.061999568517384925
0.062316520378415355
0.06243005537341133
0.06285108097985473
0.06292677097651872
0.06295988535005921
0.06302611409714019
0.06669707893534335
0.06689576517658631
0.06637066582472993
0.0673782889053192
0.06746344015156619
0.06746344015156619
0.06751074639948117
0.06797907825383957
0.06942191881524674
0.06986186692085614
0.0713283606062208
0.07161692871850224
0.07193861120432417
0.07200957057619665
0.06657408269076438
0.06700930017158228
0.06791758013155008
0.068286568865287
0.06875017009485389
0.06886843571464137
0.0687454394700624
0.06591652584474604
0.066067905838074
0.06676330768242435
0.06618617145786147
0.06634701270077244
0.06894412571130534
0.06905766070630132
0.06911915882859081
0.06923269382358678
0.07008893691084808
0.07069445688415996
0.07229340806368659
0.07235963681076757
0.07261035992471701
0.07257724555117652
0.07300300178241143
0.07301246303199442
0.07293677303533044
0.07332468426823335
0.0735706767573913
0.07406739236049868
0.0748715985750535
0.07517908918650093
0.07509393794025396
0.07504663169233897
0.07365582800363828
0.07365582800363828
0.07464925920985305
0.07591233602918326
0.0758035316589788
0.07608736914646873
0.07634282288520967
0.07641378225708215
0.07703822472956001
0.07729840909309245
0.07760589970453988
0.07822088092743475
0.07835333842159671
0.07826818717534974
0.07833441592243072
0.07853783278846517
0.07873651902970813
0.07915754463615153
0.07947922712197346
0.08110656205024909
0.0815181264071095
0.08129105641711755
0.08117752142212158
0.08115386829816408
0.08147555078398601
0.08152285703190099
0.08169315952439496
0.0819013070152209
0.08002797959778733
0.08050104207693723
0.08135255453940703
0.08160800827814797
0.08036858458277525
0.08072338144213767
0.08137620766336452
0.08142351391127951
0.0814708201591945
0.0819296907639699
0.08188238451605491
0.08229867949770682
0.08376517318307149
0.08385032442931846
0.08429027253492787
0.08421931316305538
0.08434230940763435
0.08422877441263837
0.08439434628034084
0.08476333501407776
0.08419566003909788
0.08433757878284286
0.0845741100224178
0.0845551875232518
0.08643797619026837
0.0862771349473574
0.08650893556214086
0.08660827868276234
0.08732733365107018
0.088093694867293
0.08839172422915743
0.08850998984894491
0.08879382733643484
0.08950815167995117
0.08965953167327914
0.09026032102179951
0.09052996663491494
0.09064350162991092
0.09055835038366394
0.0907475753753239
0.09171735345758118
0.09180723532861966
0.09193969282278162
0.09235598780443353
0.09232287343089304
0.0925073677977615
0.0924884452985955
0.09259724966879998
0.0924789840490125
0.09291893215462191
0.09285270340754093
0.09259724966879998
0.09277228278608544
0.09257832716963398
0.09252155967213599
0.09316019401898835
0.09322169214127783
0.09320276964211184
0.09319330839252885
0.09310815714628186
0.09316019401898835
0.09321696151648634
0.09318384714294585
0.09340618650814629
0.09321696151648634
0.09491525581663446
0.09487741081830246
0.09480172082163847
0.09489633331746845
0.09701092259926848
0.09737045008342239
0.09724745383884342
0.09719068634134544
0.09709607384551545
0.09703930634801747
0.09755967507508236
0.09767321007007833
0.09876125377212308
0.09876125377212308
0.09877544564649758
0.09877544564649758
0.09925323875043897
0.09933365937189445
0.0991538956298175
0.0991538956298175
0.09961276623459289
0.09973576247917186
0.09994390996999782
0.10008109808895128
0.09839699566317767
0.09831184441693068
0.09847741628463315
0.0982172319211007
0.09844430191109264
0.09886059689274455
0.09878490689608058
0.09932419812231146
0.09799489255590026
0.09792393318402777
0.09781512881382329
0.09771578569320181
0.09752183007675036
0.09730895196113291
0.09720960884051143
0.09705822884718346
0.09712445759426445
0.0968879263546895
0.09683115885719151
0.0969541551017705
0.09713391884384745
0.09667504823907205
0.0977489000667423
0.09786243506173828
0.09758332819903985
0.0977725531906998
0.09812735005006222
0.0982692687938072
0.09901670751086403
0.09892209501503405
0.09922485500168997
0.0991538956298175
0.09898359313732352
0.1004311643235222
0.1004406255731052
0.10010475121290878
0.09988241184770832
0.10007163683936827
0.09991079559645731
0.10020409433353025
0.10029870682936023
0.09884640501837005
0.09895520938857454
0.09976414622792085
0.09979726060146134
0.09973103185438036
0.09985402809895932
0.0999344487204148
0.09992498747083181
0.09969318685604836
0.09992971809562332
0.09994390996999782
0.10072919368538663
0.10057308306726717
0.09917281812898349
0.0995891131106354
0.09970264810563137
0.09948030874043091
0.09941881061814142
0.09959857436021839
0.09971210935521437
0.09960803560980139
0.09926743062481347
0.0994992312395969
0.09936677374543494
0.09907347500836201
0.09912078125627699
0.09958438248584389
0.09964114998334188
0.10006217558978528
0.10161855114618842
0.10161855114618842
0.1017226248916014
0.10143405677931998
0.10126848491161751
0.10140567303057098
0.10157597552306494
0.10152866927514995
0.10150028552640096
0.10198753987992534
0.10183142926180588
0.10186927426013788
0.10201592362867434
0.10213891987325331
0.10243694923511774
0.10227610799220678
0.10252683110615622
0.10255521485490522
0.10270186422344169
0.10291474233905913
0.10292420358864213
0.10292893421343363
0.10289108921510164
0.10286270546635265
0.10291947296385064
0.10275863172093967
0.10297150983655712
0.1030424692084296
0.10337361294383453
0.10289581983989314
0.10331211482154505
0.10251263923178172
0.10225718549304079
0.10156178364869044
0.10244167985990925
0.10254102298053072
0.10236125923845377
0.10228556924178978
0.10241802673595175
0.10253156173094773
0.10334049857029404
0.10329792294717055
0.10308504483155309
0.1030661223323871
