0.0
0.0
9.461249582997852e-05
0.00024599248915794413
0.00035006623457092053
0.00035006623457092053
0.00035006623457092053
0.000383180608111413
0.00046833185435839366
0.0009035493351762948
0.0016131430539011338
0.014896737468430118
0.01515219120717106
0.013491741905354937
0.013425513158273951
0.013586354401184915
0.0024031573940814545
0.003850728580280126
0.004177141690893552
0.00709120656245689
0.007857567778679716
0.00801840902159068
0.00806098464471417
0.008354283381787104
0.007890682152220208
0.009447057708623354
0.010984510765860506
0.013685697521806393
0.013837077515134358
0.014291217495118256
0.015175844331128554
0.01562998431111245
0.01677952613544669
0.02233327964066643
0.019608439760763048
0.019755089129299516
0.020772173459471785
0.023497013339375164
0.01968886038221853
0.0207154059619738
0.019570594762431056
0.02004365724158095
0.020398454100943368
0.020895169704050757
0.02168045341943958
0.02391803894581857
0.02404576581518904
0.02581028886241814
0.02823709938045709
0.028525667492738525
0.028530398117530022
0.027603195658396234
0.027418701291527774
0.02717270880236983
0.02809991126150362
0.02898453809751392
0.02880950498022846
0.0290791505933439
0.02831752000191257
0.02757954253443874
0.02769307752943471
0.027645771281519724
0.02837428749941056
0.02862501061336
0.02866758623648349
0.027120671929663342
0.030767983643909015
0.03135931174284638
0.03166680235429381
0.03793014957823839
0.04089152069771672
0.042225556888919415
0.0427364643664013
0.043469711209083634
0.03769361833866344
0.03848836330363526
0.03914118952486211
0.03957640700568001
0.0391979570223601
0.038999270781117146
0.03204052171282223
0.03474643909355961
0.03588178904351935
0.037589544593250465
0.03751385459658648
0.03813356644427284
0.037603736467624965
0.0405414544631458
0.04208363814517445
0.04154434691894357
0.04129362380499413
0.04254723937474134
0.04306760810180622
0.04393331243865053
0.043015571229099735
0.04350755620741562
0.04465709803174986
0.04237220625745588
0.0427033499928608
0.04338929058762815
0.04238166750703888
0.04216405876662993
0.04401373306010601
0.04497878051757179
0.045872868603165085
0.046189820464195515
0.04032384572273685
0.04001635511128942
0.040361690721068835
0.042074176895591446
0.035403995939577965
0.036094667159136805
0.03934933701568807
0.040229233226906864
0.040801638826678234
0.041298354429785626
0.04178087815851851
0.042916228108478255
0.0444820649144644
0.04434960742030243
0.04445368116571541
0.045248426130687226
0.04548022674547068
0.05342294577039737
0.05423188260974369
0.05441164635182065
0.05501716632513251
0.05487051695659604
0.05340875389602288
0.053763550755385296
0.05074541213840898
0.05105763337464791
0.05056091777154052
0.05132254836297185
0.05272281330125553
0.05271808267646403
0.0537398976314278
0.054738059462434076
0.04505920113902727
0.04540453674880669
0.04231543875995789
0.04238166750703888
0.04384343056761204
0.04259454562265633
0.03961425200401201
0.04045630321689882
0.0422775937616259
0.04328994746700667
0.042779039989524786
0.04484159239861832
0.045655259862756134
0.04572148860983712
0.04655407857314093
0.04523423425631273
0.04585394610399909
0.04499297239194629
0.04507812363819327
0.045432920497555686
0.04680007106229887
0.047419782909985234
0.04765631414956018
0.048659206605357955
0.04962425406282373
0.04912753845971635
0.050608224019455514
0.05179088021733024
0.05294515266645598
0.053063418286243454
0.05213148520231817
0.05317222265644793
0.04589179110233108
0.04505447051423577
0.046005326097327055
0.04596748109899507
0.04752858728018971
0.04730624791498926
0.04697510417958434
0.04738666853644474
0.05080691026069847
0.05053253402279153
0.05221190582377365
0.05278904204833652
0.05272754392604703
0.05365474638518082
0.05380612637850878
0.054019004494126235
0.054203498860994695
0.05562741692323587
0.05664450125340814
0.05854148179479921
0.05728313560026049
0.05753385871420994
0.057022951236728056
0.06584556647287355
0.066077367087657
0.06569418647954559
0.06669707893534335
0.06455410590479435
0.06577460710100107
0.06673492393367535
0.06641797207264492
0.06681061393033934
0.06633282082639794
0.06764793451843464
0.06852783072965345
0.0691901182004633
0.06941718819045524
0.06945503318878724
0.0686981332221474
0.0683102219892445
0.06851836948007045
0.06833860573799348
0.06849944698090445
0.0678229676357201
0.06813518887195903
0.06819668699424852
0.06885424384026687
0.06830549136445299
0.06798380887863106
0.06876436196922839
0.06949760881191072
0.06945030256399573
0.07129997685747182
0.07212783619598412
0.07350444801031031
0.07343348863843784
0.07349971738551882
0.07379774674738325
0.07294623428491344
0.07379774674738325
0.07339091301531434
0.07314965115094789
0.07369367300197027
0.0740106248630007
0.07449787921652509
0.07379301612259175
0.07404846986133269
0.07392074299196222
0.07420931110424366
0.07304084678074342
0.07272389491971298
0.07387343674404723
0.0740011636134177
0.0744127279702781
0.0731307286517819
0.07348079488635281
0.07292731178574745
0.07231706118764408
0.07175411683745571
0.07193388057953266
0.07185819058286869
0.07193861120432417
0.07173992496308121
0.07206160744890314
0.07183453745891119
0.07167369621600023
0.07085529812707092
0.06819195636945702
0.06769051014155814
0.06714648829053575
0.0678608126340521
0.06771889389030712
0.06735936640615321
0.06730259890865523
0.06852310010486194
0.06855621447840243
0.06789865763238409
0.06714175766574426
0.06681534455513083
0.06674438518325834
0.06704241454512277
0.06682953642950533
0.06654096831722389
0.06630443707764895
0.06463925715104132
0.0643081134156364
0.06412361904876794
0.06445949340896437
0.06449260778250486
0.063858704060444
0.06285581160464623
0.06243005537341133
0.06229759787924936
0.061862380398431456
0.06156908166135852
0.062179332259461886
0.06156908166135852
0.06072703044847171
0.06054726670639476
0.06062768732785023
0.060589842329518244
0.06071756919888872
0.060197200471823836
0.059596411123303474
0.0594544923795585
0.059142271143319575
0.05878274365916566
0.05880639678312315
0.058655016789795185
0.05794069244627885
0.058068419315649315
0.057812965576908376
0.05863609429062919
0.05865974741458668
0.05874489866083366
0.057831888076074374
0.05757170371254193
0.0590145442739491
0.05878274365916566
0.05922269176477506
0.058872625530204135
0.0590381973979066
0.057902847447946854
0.05792650057190435
0.057831888076074374
0.057008759362353556
0.05602005878093028
0.05540034693324392
0.055125970695336986
0.05516854631846047
0.055069203197839
0.0550644725730475
0.054657638840978594
0.054638716341812596
0.05488943945576204
0.05436907072869716
0.05472859821285107
0.05436434010390566
0.054458952599735634
0.05350336639185285
0.05521585256637546
0.05558957192490388
0.05567472317115086
0.0554854981794909
0.05607682627842827
0.05515908506887748
0.05452991197160812
0.05429338073203317
0.05433122573036517
0.05403792699329223
0.05421296011057769
0.05394331449746225
0.05399535137016874
0.05396223699662825
0.05397642887100275
0.05470967571368508
0.05424607448411818
0.054458952599735634
0.05426026635849268
0.054066310742041226
0.053597978887682834
0.05401427386933474
0.054558295720357114
0.05381085700330028
0.05319114515561393
0.052978267039996474
0.052874193294583496
0.05236328581710161
0.0519801052089902
0.05189968458753472
0.0515354264785893
0.05214094645190116
0.051951721460241206
0.05189022333795172
0.05157800210171279
0.05115697649526939
0.05085421650861346
0.050797449011115464
0.05005001029405864
0.04955802531574275
0.048928852218473394
0.049179575332422835
0.04882004784826892
0.04920795908117183
0.04893831346805639
0.04876328035077093
0.04833752411953603
0.04815302975266757
0.04779823289330515
0.04782661664205414
0.047921229137884123
0.04754750977935571
0.04727786416624027
0.04720690479436778
0.04685210793500536
0.04636958420627247
0.04606682421961654
0.04609993859315704
0.0458161011056671
0.04641689045418746
0.04609520796836553
0.04589652172712258
0.046341200457523476
0.04613305296669753
0.046227665462527504
0.046237126712110506
0.04600059547253556
0.04551334111901117
0.04512542988610826
0.04459086928466888
0.04233909188391539
0.04307233872659772
0.042712811242443804
0.0427033499928608
0.04280742373827378
0.04288784435972926
0.04295880373160175
0.042566161873907334
0.04250466375161785
0.04225394063766841
0.04031911509794535
0.04012989010628539
0.03997851011295742
0.04003054698566391
0.04018665760378338
0.04065972008293327
0.04029546197398785
0.0400873144831619
0.03991701199066794
0.03954329263213952
0.03959532950484601
0.03946287201068404
0.03937772076443706
0.03951017825859903
0.03942975763714355
0.03933041451652207
0.037187441485973055
0.037338821479301024
0.03677114650432115
0.03644000276891623
0.03625550840204777
0.03606628341038781
0.03626023902683927
0.0365771908878697
0.036752224005155154
0.03674276275557216
0.03659138276224419
0.03665288088453368
0.03645419464329072
0.03665761150932518
0.03673803213078066
0.036596113387035695
0.03658665213745269
0.03661976651099318
0.03664815025974218
0.036449464018499224
0.035995324038515325
0.035777715298106375
0.0356689109279019
0.03531411406853948
0.034968778458760064
0.03502081533146655
0.03514381157604552
0.034864704713347086
0.03452409972835916
0.03440110348378019
0.03440583410857169
0.034074690373166766
0.034074690373166766
0.0339375022542133
0.033577974770059374
0.03341713352714842
0.03306233666778599
0.03275484605633856
0.03277376855550456
0.03282580542821105
0.032835266677794045
0.032532506691138115
0.03248993106801462
0.03274538480675557
0.03268388668446608
0.032447355444891135
0.031841835471579275
0.031690455478251306
0.031690455478251306
0.03133565861888889
0.0312788911213909
0.031075474255356447
0.03079163676786651
0.030838943015781498
0.030640256774538546
0.030290190539967624
0.02973670743936225
0.029495445574995803
0.02933933495687634
0.02928729808416985
0.029041305595011908
0.028975076847930922
0.028908848100849937
0.02854932061669602
0.02801949064004814
0.027773498150890193
0.02771200002860071
0.02762684878235373
0.02752750566173225
0.027243668174242314
0.027125402554454843
0.02708755755612285
0.027078096306539852
0.0268794100652969
