0.0
0.0
0.0
0.0
0.0
0.0
0.0
0.0
0.0
0.0
0.0
1.4191874374496777e-05
1.4191874374496777e-05
3.3114373540492485e-05
3.3114373540492485e-05
0.0001088043702044753
0.0001088043702044753
0.0001088043702044753
0.0001088043702044753
0.00013245749416196994
0.0008515124624698067
0.0018449436686845812
0.0018449436686845812
0.0018638661678505768
0.0018638661678505768
0.0018638661678505768
0.001598951179526637
0.0017976374207695918
0.0018260211695185855
0.002109858657008521
0.0022706998999194846
0.0023889655197069574
0.002119319906591519
0.002119319906591519
0.002185548653672504
0.005941664738122651
0.006007893485203636
0.006074122232284621
0.007233125306201858
0.007516962793691793
0.007327737802031837
0.007375044049946826
0.007039169689750402
0.007124320935997383
0.007531154668066291
0.007673073411811258
0.007729840909309245
0.007904874026594705
0.005473332883764257
0.004106182319021068
0.004319060434638519
0.004910388533575886
0.005142189148359333
0.005577406629177234
0.0057287866225052
0.0059653178620801455
0.00599370161082914
0.005747709121671195
0.005936934113331152
0.006140350979365606
0.006154542853740103
0.006760062827051965
0.006797907825383957
0.006944557193920424
0.007531154668066291
0.007909604651386204
0.008330630257829609
0.008694888366775027
0.010681750779204574
0.010918282018779521
0.011864406977079307
0.012238126335607722
0.01241789007768468
0.012370583829769691
0.012611845694136137
0.012810531935379092
0.012890952556834574
0.013345092536818471
0.01294772005433256
0.013420782533482454
0.012252318209982219
0.01220028133727573
0.012626037568510634
0.013278863789737486
0.01339239878473346
0.013676236272223394
0.013751926268887379
0.013680966897014894
0.009825507691943269
0.009844430191109265
0.009872813939858258
0.00991065893819025
0.009962695810896737
0.009896467063815754
0.009896467063815754
0.009896467063815754
0.010132998303390699
0.008893574608017981
0.009224718343422906
0.009281485840920893
0.00933825333841888
0.00827859338512312
0.008392128380119095
0.008652312743651535
0.008973995229473463
0.008992917728639459
0.00942340458466586
0.009456518958206353
0.009456518958206353
0.009494363956538344
0.010795285774200549
0.010800016398992049
0.010993972015443504
0.011131160134396974
0.011126429509605474
0.011930635724160291
0.01167045136062785
0.01172248823333434
0.01206782384311376
0.013354553786401468
0.013458627531814444
0.014343254367824744
0.014527748734693202
0.01572459680694243
0.015568486188822965
0.016623415517327225
0.016902522380025663
0.017039710498979132
0.01730935611209457
0.017252588614596585
0.018004757956444913
0.01835955481580733
0.018510934809135297
0.019835509750754998
0.018250750445602856
0.018567702306633283
0.018704890425586755
0.018922499165995706
0.019575325387222557
0.019532749764099064
0.01993958349616797
0.019206336653485638
0.01952328851451607
0.023667315831869127
0.023596356459996644
0.022882032116480305
0.02315640835438724
0.024031573940814545
0.024296488929138483
0.025048658270986814
0.025412916379932232
0.025838672611167134
0.02718217005195283
0.027503852537774758
0.02783972689797118
0.028038413139214135
0.028298597502746575
0.028246560630040086
0.02810464188629512
0.028345903750661566
0.028511475618364028
0.028724353733981477
0.029046036219803405
0.02986443430873272
0.03012934929705666
0.0339375022542133
0.03375300788734484
0.034481524105235674
0.03471332472001912
0.03488835783730458
0.034935664085219566
0.03766996521470595
0.037641581465956954
0.0379017658294894
0.03784499833199141
0.03815721956823034
0.023151677729595744
0.023359825220421696
0.023407131468336687
0.023586895210413645
0.023804503950822595
0.023936961444984566
0.02414983956060202
0.025100695143693303
0.025706215117005164
0.02824183000524859
0.02828440562837208
0.0281897931325421
0.028114103135878116
0.028511475618364028
0.028572973740653512
0.0290649587189694
0.029145379340424882
0.029187954963548375
0.029268375585003854
0.029344065581667838
0.029481253700621306
0.02844997749607454
0.028554051241487518
0.028440516246491545
0.028648663737317497
0.02881423560501996
0.02920214683792287
0.029225799961880364
0.029462331201455312
0.02959951932040878
0.02897980747272242
0.029490714950204305
0.029661017442698265
0.03020503929372064
0.030124618672265163
0.029438678077497817
0.03026180679121863
0.03045103178287859
0.0303989949101721
0.030536183029125568
0.031160625501603426
0.03131200549493139
0.03133565861888889
0.03146811611305086
0.03164787985512781
0.031676263603876806
0.032045252337613725
0.03268388668446608
0.03280688292904505
0.033005569170288004
0.03287784230091754
0.03473697784397661
0.035001892832300555
0.034632904098563635
0.03534722844207998
0.034178764118579744
0.034244992865660726
0.034902549711679075
0.035068121579381537
0.03536142031645447
0.03562633530477841
0.03578717654768938
0.03591963404185135
0.03588651966831085
0.0361135896583028
0.03550806968499094
0.035640527179152906
0.03559322093123792
0.035692564051859395
0.03595274841539184
0.03591963404185135
0.035739870299774386
0.035706755926233895
0.03578717654768938
0.03585340529477036
0.03622239402850728
0.03623185527809027
0.03623658590288177
0.0361183202830943
0.03615143465663479
0.03591963404185135
0.03602370778726432
0.03625077777725627
0.03632173714912875
0.036482578392039715
0.036950910246398114
0.03702186961827059
0.03752331584616948
0.03855459205071625
0.035754062174148886
0.03591490341705984
0.03572567842539989
0.035754062174148886
0.036132512157468794
0.036094667159136805
0.03618454903017528
0.03633119839871175
0.036359582147460746
0.036146704031843294
0.0365724602630782
0.03618454903017528
0.036146704031843294
0.03621766340371578
0.03620820215413278
0.03632173714912875
0.03635012089787775
0.03642108026975023
0.03645419464329072
0.03661976651099318
0.03598586278893233
0.03601424653768132
0.03631700652433725
0.03629808402517126
0.036747493380363656
0.03684210587619364
0.03711175148930908
0.03751385459658648
0.037102290239726075
0.037438164599922504
0.037419242100756506
0.03766996521470595
0.037821345208033916
0.0378781127055319
0.03849309392842676
0.03871070266883571
0.042140405642672435
0.04240059000620487
0.04250939437640935
0.042566161873907334
0.042679696868903313
0.041785608783310016
0.04171938003622903
0.04179980065768451
0.041856568155182496
0.041870760029556996
0.04151596317019458
0.04206944627079995
0.042211365014544915
0.04232016938474939
0.04261819874661382
0.043195334971176697
0.04322371871992569
0.04509231551256776
0.046123591717114526
0.04572148860983712
0.04598640359816106
0.04592963610066307
0.04614724484107202
0.04606209359482504
0.04601478734691005
0.04587759922795658
0.0435927074536626
0.04384343056761204
0.04425026429968095
0.04349809495783263
0.043621091202411595
0.04376300994615656
0.04369205057428408
0.043673128075118084
0.04371570369824158
0.043535939956164615
0.043687319949492584
0.04394277368823352
0.044056308683229496
0.044694943030081855
0.04483213114903532
0.044713865529247845
0.04461925303341787
0.04456721616071138
0.0445057180384219
0.04470913490445635
0.04477536365153734
0.04510650738694226
0.04514908301006575
0.04519638925798074
0.04518692800839774
0.04479428615070333
0.044898359896116305
0.04485105364820132
0.04482266989945232
0.04544238174713868
0.04777931039413915
0.04784553914122014
0.047585354777687695
0.04779823289330515
0.04779823289330515
0.04794961288663312
0.04807733975600358
0.049080232211801356
0.04954383344136825
0.04927418782825281
0.04943975969595528
0.04945868219512127
0.049397184072831786
0.049534372191785254
0.04942556782158078
0.049501257818244764
0.04960533156365774
0.04957694781490875
0.04953910281657675
0.04923634282992082
0.04918903658200583
0.05018246778822061
0.0502297740361356
0.0501966596625951
0.05007366341801613
0.0502345046609271
0.05009731654197363
0.05013516154030562
0.05026761903446759
0.05014462278988861
0.050239235285718595
0.0493451472001253
0.049600600938866236
0.049600600938866236
0.04947760469428727
0.04965736843636423
0.04994120592385416
0.04989389967593917
0.04991282217510517
0.04983240155364969
0.05001216529572665
0.04997905092218615
0.050002704046143646
0.050201390287386606
0.05018246778822061
0.050357500905506065
0.05132254836297185
0.05132727898776335
0.05131308711338885
0.051294164614222856
0.05137458523567834
0.051294164614222856
0.051346201486929345
0.05092044525569444
0.051076555873813906
0.0510954783729799
0.05104817212506491
0.05119009086880988
0.05118062961922688
0.05128943398943136
0.05113332337131189
0.05121847461755887
0.05124212774151637
0.051062363999439406
0.05092517588048594
0.05096302087881793
0.050650799642579
0.050825832759864464
0.05068864464091099
0.050641338392996005
0.050627146518621505
0.05103398025069041
0.05103398025069041
0.050996135252358424
0.05051361152362553
0.05052307277320853
0.050589301520289516
0.050139892165097115
0.04943975969595528
0.04944449032074678
0.04944449032074678
0.04946341281991277
0.049382992198457286
0.04944449032074678
0.04937826157366579
0.049302571577001804
0.04920322845638033
0.04970940530907071
0.0497945565553177
0.04968575218511322
0.04952964156699376
0.04951544969261926
0.0493356859505423
0.04919376720679733
0.049014003464720374
0.04905184846305236
0.048791664099519926
0.04855040223515348
0.048711243478064443
0.0488862765953499
0.04868759035410695
0.04872543535243894
0.048678129104523946
0.05039061527904656
0.05033384778154857
0.05055145652195752
0.05043792152696155
0.05035277028071457
0.050201390287386606
0.05052307277320853
0.05059876276987251
0.05086840838298795
0.05077852651194947
0.05075014276320048
0.05077852651194947
0.050589301520289516
0.05039061527904656
0.050423729652587054
0.050357500905506065
0.05011150841634812
0.05043792152696155
0.05044738277654455
0.05011150841634812
0.05007839404280763
0.05059876276987251
0.05044738277654455
0.05034803965592307
0.05039534590383806
0.050286541533633586
0.050187198413012106
0.050239235285718595
0.05032911715675707
0.05045211340133605
0.050944098379651935
0.050726489639242985
0.05123739711672487
0.051199552118392874
0.051194821493601377
0.05113332337131189
0.05130362586380585
0.051294164614222856
0.05096775150360943
0.05104817212506491
