0.0
0.0
0.0
0.0
0.0
0.0
0.0
0.0
0.0
0.0
0.0
0.0
0.0
0.0
0.0
0.0
0.0
2.8383748748993554e-05
2.8383748748993554e-05
2.8383748748993554e-05
5.676749749798711e-05
5.676749749798711e-05
5.676749749798711e-05
0.0007805530905973227
0.0007805530905973227
0.0007805530905973227
0.0007805530905973227
0.0007805530905973227
0.0007805530905973227
0.0008373205880953099
0.0008373205880953099
0.0009130105847592928
0.0009697780822572798
0.0009130105847592928
0.0009130105847592928
0.0009508555830912841
0.0013198443168282003
0.0014428405614071724
0.001092774326836252
0.0011306193251682433
0.0011306193251682433
0.00114481119954274
0.0012394236953727185
0.0012394236953727185
0.0017503311728546025
0.001788176171186594
0.001788176171186594
0.0018165599199355875
0.0018733274174335746
0.0019963236620125467
0.002034168660344538
0.001414456812658179
0.001532722432445652
0.001669910551399121
0.002308544898251476
0.002303814273459977
0.002753223628652375
0.002753223628652375
0.0031600573607212827
0.0031837104846787773
0.0032452086069682633
0.0032830536053002546
0.004475171052757984
0.0048914660344098896
0.00625388597436158
0.00700605531620991
0.007081745312873892
0.005161111647525328
0.0051043441500273415
0.005747709121671195
0.00634376784540006
0.00647622533956203
0.00647622533956203
0.0059653178620801455
0.005000270404614365
0.005605790377926227
0.0060646609827016236
0.006164004103323101
0.004196064190059547
0.00436163605776201
0.0043758279321365065
0.006495147838728025
0.006920904069962929
0.008070445894297168
0.008808423361771
0.008808423361771
0.009149028346758924
0.009361906462376375
0.009588976452368322
0.009527478330078836
0.010246533298386673
0.010984510765860506
0.011916443849785794
0.013316708788069476
0.013780310017636372
0.01608412429109635
0.016178736786926325
0.01642945990087577
0.01766415297145699
0.01749858110375453
0.018917768541204204
0.01910699353286416
0.01978347287804851
0.022631309002530863
0.023331441471672702
0.025043927646195313
0.0255548351236772
0.026311735090317027
0.026529343830725978
0.026680723824053943
0.026917255063628888
0.026018436353244093
0.02765996315589422
0.02862501061336
0.028932501224807432
0.028998729971888418
0.030091504298724668
0.031080204880147944
0.03161476548158732
0.03221082420531619
0.032007407339281736
0.03236693482343565
0.03248993106801462
0.03218717108135869
0.035233693447084
0.03623658590288177
0.03696037149598111
0.03704079211743659
0.040361690721068835
0.04151596317019458
0.04100978631750419
0.04132673817853462
0.04276957873994179
0.04320952684555119
0.04396642681219102
0.04477063302674584
0.04395696556260802
0.044827400524243825
0.04506866238861027
0.04514435238527425
0.04357378495449661
0.04636485358148097
0.04540453674880669
0.04598167297336956
0.04568364361150513
0.046274971710442495
0.04744343603394273
0.05012570029072262
0.050102047166765126
0.05014462278988861
0.051284703364639854
0.051734112719832255
0.05192333771149221
0.044155651803850976
0.0414308119239476
0.04171464941143753
0.04262292937140532
0.043001379354725235
0.04330886996617267
0.04373462619740757
0.043904928689901535
0.04528154050422772
0.04817668287662506
0.04964790718678123
0.0497803646809432
0.05005947154364163
0.05076433463757497
0.05249574331126358
0.05443529947577814
0.05377301200496829
0.0541609232378712
0.05449206697327613
0.05471913696326808
0.05586394816281082
0.056185630648632745
0.05836171805272225
0.05873543741125067
0.05906185052186409
0.059109156769779084
0.05881585803270615
0.0607601448220122
0.061559620411775526
0.06224083038175137
0.06552388398705163
0.06578406835058406
0.06557592085975811
0.06688630392700332
0.06672546268409235
0.06750601577468968
0.0713898587285103
0.0714040506028848
0.07142770372684229
0.07361325238051479
0.07257251492638503
0.07298880990803693
0.07379774674738325
0.07321114927323738
0.07295569553449643
0.07235490618597608
0.06890628071297336
0.06933676756899976
0.0704626562693765
0.07125267060955683
0.0731165367774074
0.07305503865511792
0.07311180615261591
0.07472021858172553
0.07381666924654924
0.07541088980128438
0.07555280854502935
0.07597383415147275
0.07409577610924768
0.07478644732880652
0.07508447669067095
0.07715175972455598
0.07707606972789201
0.077066608478309
0.07720852722205397
0.07721798847163697
0.07671654224373808
0.07641851288187365
0.07627659413812868
0.07614886726875822
0.07742140533767142
0.0779559659391108
0.07820668905306025
0.08300827321643166
0.08345768257162406
0.08314546133538513
0.08246898199020078
0.08271497447935872
0.08226556512416633
0.08252101886290726
0.08312180821142763
0.08254467198686476
0.08249263511415827
0.08289946884622718
0.08204322575896587
0.0819154988895954
0.08118225204691307
0.08138093828815603
0.08244059824145178
0.08338199257496007
0.08350971944433054
0.08397805129868893
0.08399224317306343
0.08403008817139543
0.08405847192014441
0.08510867062385717
0.08464033876949878
0.08496202125532071
0.08158435515419048
0.08186346201688892
0.08191076826480391
0.08221825887625134
0.08314546133538513
0.08318330633371712
0.08302246509080616
0.08221825887625134
0.08218987512750234
0.0815086651575265
0.0823507163704133
0.0814897426583605
0.08234598574562181
0.081503934532735
0.08242167574228579
0.0823696388695793
0.08277647260164821
0.08297988946768266
0.08316911445934262
0.08355229506745403
0.08662720118192833
0.08798489049708852
0.08820249923749747
0.08811261736645899
0.08826399735978696
0.0885241817233194
0.08865190859268987
0.08873705983893686
0.08841064672832342
0.08895466857934581
0.08970210729640264
0.09129159722634628
0.09121590722968229
0.09183088845257716
0.09162747158654269
0.09144770784446574
0.09156124283946171
0.08541616123530461
0.08581353371779052
0.08577568871945852
0.08568580684842005
0.0867643893008818
0.08667450742984333
0.0867880424248393
0.08684007929754578
0.08550131248155159
0.08520328311968715
0.08268659073060973
0.08308869383788714
0.08133836266503254
0.08074703456609517
0.08082272456275916
0.08258724760998826
0.08249736573894977
0.08242167574228579
0.08174519639710144
0.08122482767003655
0.08092679830817212
0.0810214108040021
0.08047738895297973
0.0806003851975587
0.08141405266169652
0.08178304139543344
0.08205268700854887
0.08173100452272694
0.08166004515085445
0.0818776538912634
0.08157016327981598
0.0819296907639699
0.0819013070152209
0.08157962452939897
0.07911023838823654
0.07923323463281551
0.07946976587239046
0.07957383961780344
0.07990498335320836
0.07962114586571842
0.07943192087405847
0.07971102773675691
0.07942719024926696
0.07937988400135197
0.0797346808607144
0.07953599461947145
0.0801651677167408
0.08019355146548979
0.08034966208360926
0.08030235583569427
0.07956437836822043
0.0797441421102974
0.08002797959778733
0.07985294648050187
0.07980090960779539
0.08030708646048577
0.08021720458944728
0.0801888208406983
0.08033547020923476
0.08032127833486026
0.08035912333319226
0.08002324897299583
0.0801604370919493
0.07934676962781148
0.07990971397799985
0.07996175085070635
0.08004690209695332
0.08078487956442716
0.08019828209028129
0.08073757331651217
0.08088895330984014
0.08224191200020883
0.08268659073060973
0.08265347635706924
0.08253521073728176
0.08258724760998826
0.0832069594576746
0.08326372695517259
0.08160327765335647
0.08164112265168846
0.07938461462614348
0.07939880650051798
0.0793183858790625
0.0793089246294795
0.08075176519088667
0.08087476143546564
0.08064296082068219
0.0806334995710992
0.07990025272841686
0.07945084337322446
0.079332577753437
0.07911496901302804
0.07920012025927502
0.07860406153554615
0.07798434968785979
0.07814519093077076
0.0779654271886938
0.0783911834199287
0.07779039407140834
0.07759170783016539
0.07720379659726247
0.07713283722539
0.07772889594911886
0.07738829096413093
0.07766266720203786
0.0775302097078759
0.0774781728351694
0.07735990721538194
0.07813572968118776
0.0779796190630683
0.07828710967451573
0.07824926467618373
0.07815465218035375
0.07730313971788395
0.0774781728351694
0.07727002534434346
0.07720852722205397
0.07689157536102355
0.07692468973456404
0.07591233602918326
0.07600694852501325
0.0761914428918817
0.07650839475291213
0.07651312537770363
0.0766455828718656
0.07682534661394255
0.07688211411144055
0.07814046030597926
0.07793231281515331
0.07805057843494079
0.07824926467618373
0.07809315405806427
0.07852364091409067
0.07832495467284772
0.07852364091409067
0.07910550776344503
0.08005163272174483
0.08002324897299583
0.08009420834486831
0.08009420834486831
0.07915754463615153
0.07923323463281551
0.0792426958823985
0.07944611274843297
0.07931365525427099
0.07919065900969202
0.07905347089073855
0.07921431213364952
0.07911496901302804
0.07878855590241461
0.0787980171519976
0.0788547846494956
0.07868921278179314
0.07871759653054212
0.07890682152220209
0.07876017215366563
0.0780032721870258
0.07832968529763921
0.07848579591575869
0.07849998779013317
0.0779512353143193
0.07801273343660879
0.07793231281515331
0.07800800281181729
0.07784716156890632
0.07803165593577478
0.0779701578134853
0.07802692531098329
0.07937042275176898
0.07940353712530947
0.07945557399801596
0.07957383961780344
0.07945557399801596
0.07904400964115556
0.07659354599915912
0.07685846098748306
0.0775207484582929
0.07696253473289602
0.07701457160560252
0.07715649034934749
0.07726529471955196
0.07656989287520162
0.07631443913646067
0.07554334729544634
0.07547711854836536
0.07538723667732689
0.07516489731212643
0.0748621373254705
0.074885790449428
0.07472021858172553
0.07514124418816893
0.07622928789021369
0.0762387491397967
0.07606844664730274
0.07599748727543025
0.07573257228710631
0.07569945791356582
0.07540615917649288
0.07539196730211839
0.07526897105753941
0.07568526603919132
0.07548657979794836
0.07540142855170139
0.07528316293191391
0.07547238792357387
0.0753068160558714
0.07597383415147275
0.07604479352334524
0.07607317727209423
0.0761630591431327
0.0757751479102298
0.07566161291523382
