0.0
0.0
0.0
0.0
0.0
0.0
0.00016557186770246242
0.00016557186770246242
0.0009461249582997852
0.0011637336987087357
0.0012441543201642175
0.0010738518276702561
0.0014049955630751811
0.0017314086736886069
0.0017408699232716047
0.002109858657008521
0.0028005298765673642
0.0030843673640572997
0.0033492823523812395
0.0035574298432071924
0.0038980348281951152
0.004144027317353059
0.006627605332889995
0.007166896559120873
0.008534047123864063
0.00902603210217995
0.0075027709193172965
0.007952180274509694
0.008439434628034084
0.00841105087928509
0.007805530905973228
0.008004217147216183
0.006329575971025563
0.006594490959349503
0.006831022198924449
0.007961641524092693
0.008316438383455112
0.008155597140544148
0.007909604651386204
0.010151920802556695
0.009508555830912842
0.009541670204453333
0.012058362593530762
0.011646798236670355
0.01180290885478982
0.010303300795884662
0.01079055514940905
0.011826561978747315
0.009243640842588902
0.009224718343422906
0.009196334594673913
0.010208688300054683
0.010601330157749092
0.01074797952628556
0.010941935142737017
0.011197388881477957
0.011949558223326287
0.011968480722492283
0.010284378296718666
0.010993972015443504
0.011135890759188471
0.011310923876473932
0.011509610117716887
0.011864406977079307
0.013288325039320483
0.018302787318309345
0.01863393105371427
0.019409753519520092
0.024372178925802467
0.024637093914126405
0.024632363289334908
0.024689130786832894
0.013491741905354937
0.013813424391176865
0.013931690010964337
0.014040494381168812
0.0149724274650941
0.01466493685364667
0.008477279626366076
0.008836807110519995
0.00947544145737235
0.009697780822572798
0.009764009569653783
0.01088043702044753
0.011481226368967893
0.015166383081545557
0.016760603636280694
0.01694982862794065
0.017238396740222088
0.017342470485635062
0.01810410107706639
0.019054956660157673
0.021335117809660156
0.0233503639708387
0.024159300810185014
0.024977698899114328
0.024462060796840948
0.024613440790168913
0.024632363289334908
0.02841686312253405
0.029017652471054412
0.029410294328748823
0.02933933495687634
0.030583489277040556
0.03142080986513587
0.03166680235429381
0.03276430730592156
0.03697929399514711
0.04122266443312164
0.04134566067770061
0.04157273066769256
0.042041062522050955
0.04257089249869884
0.04453410178717089
0.04509231551256776
0.04488416802174181
0.045702566110671125
0.057207445603596516
0.0581583011866878
0.053228990153945915
0.05475698196160007
0.055745682543023346
0.05487051695659604
0.05554699630178039
0.059814019863712424
0.06048103795931377
0.06118117042845561
0.061777229152184476
0.06199010726780193
0.0621225647619639
0.06234017350237285
0.06181034352572497
0.07289892803699845
0.07293204241053894
0.0735375623838508
0.07369840362676176
0.07373624862509376
0.07427080922653313
0.07463506733547856
0.0748715985750535
0.07549131042273986
0.07557646166898684
0.06862244322548341
0.06495620901207175
0.06720325578803374
0.07200483995140515
0.07185819058286869
0.07544873479961638
0.074847945451096
0.07478644732880652
0.07248263305534655
0.07117698061289283
0.07130943810705481
0.07176830871183021
0.0718108843349537
0.07103506186914788
0.07139458935330179
0.07127632373351432
0.0704721175189595
0.0704626562693765
0.07122901748559933
0.07115332748893535
0.07243059618264006
0.07274754804367048
0.07556700041940384
0.07604479352334524
0.0774923647095439
0.07772416532432735
0.07719906597247098
0.07735044596579894
0.07744505846162891
0.07790392906640431
0.0779654271886938
0.08247371261499227
0.08262509260832024
0.08315492258496812
0.08330157195350459
0.08361852381453502
0.08364690756328401
0.08295623634372516
0.08213783825479586
0.08234598574562181
0.0823696388695793
0.081494473283152
0.07645635788020565
0.07475333295526602
0.07595964227709825
0.07626713288854568
0.07648947225374614
0.07741194408808842
0.07769578157557835
0.07817357467951976
0.07824453405139224
0.07848579591575869
0.08078961018921865
0.08134782391461554
0.08138093828815603
0.08300827321643166
0.08313600008580213
0.08316911445934262
0.08310288571226164
0.08279066447602271
0.08480118001240974
0.08526951186676814
0.08538304686176412
0.08582299496737351
0.08608317933090595
0.08648055181339187
0.08728948865273818
0.08744086864606615
0.08734625615023617
0.08771051425918158
0.08783351050376056
0.0880416579945865
0.08441799940429834
0.08487687000907373
0.08402062692181242
0.08409631691847641
0.08376517318307149
0.08535466311301512
0.08528370374114264
0.08431392565888536
0.08556754122863257
0.08536885498738962
0.08574730497070954
0.08622036744985942
0.08649947431255786
0.08683534867275429
0.08745032989564915
0.08781931862938606
0.08792812299959053
0.08819776861270598
0.08847214485061292
0.08855729609685989
0.08851945109852791
0.08875598233810285
0.08636228619360439
0.08617306120194444
0.08659881743317933
0.08640959244151938
0.08673127492734131
0.08733679490065317
0.08869448421581336
0.0885904104704004
0.08842010797790642
0.08750236676835564
0.08754967301627062
0.08841064672832342
0.08862825546873238
0.08836807110519994
0.0894182698089127
0.08996229165993508
0.08968318479723664
0.08975414416910912
0.09041643163991897
0.09061984850595342
0.090255590397008
0.09019409227471853
0.09059619538199593
0.08813627049041649
0.08795177612354803
0.08834441798124244
0.08836334048040843
0.08872759858935386
0.08903508920080129
0.088093694867293
0.088093694867293
0.08782404925417756
0.08798962112188002
0.08842483860269792
0.08798962112188002
0.08791866175000754
0.08795650674833953
0.08785243300292656
0.08783824112855206
0.0876490161368921
0.08882221108518383
0.08955545792786616
0.08970210729640264
0.09063877100511943
0.0907901509984474
0.09064823225470242
0.09086111037031987
0.09110710285947782
0.08956964980224066
0.08991971603681159
0.0889830523280948
0.08932838793787422
0.08915808544538026
0.09061511788116193
0.09053942788449794
0.09261144154317448
0.09274862966212795
0.09279120528525144
0.09287635653149841
0.09247425342422101
0.09247425342422101
0.09111183348426931
0.09123956035363978
0.09101722098843934
0.09089895536865186
0.09070973037699191
0.08996702228472657
0.09019409227471853
0.09010894102847154
0.08914862419579726
0.08934257981224872
0.08932838793787422
0.08990552416243709
0.08944192293287019
0.09086111037031987
0.09096991474052435
0.09103141286281384
0.09098883723969034
0.09100302911406484
0.09075703662490689
0.09040697039033598
0.090302896644923
0.09045427663825097
0.09178358220466216
0.09214784031360758
0.09211945656485859
0.09263036404234047
0.09221879968548007
0.09241275530193152
0.09258778841921698
0.0933636108850228
0.0934014558833548
0.09351026025355927
0.0938177508650067
0.0937704446170917
0.09355756650147426
0.09410158835249664
0.09462195707956152
0.09450842208456554
0.09454626708289754
0.09413943335082862
0.09526532205120537
0.0951281339322519
0.09504298268600492
0.09480645144642998
0.09340618650814629
0.09320276964211184
0.09305612027357538
0.09322642276606934
0.09264455591671497
0.09281012778441743
0.09279120528525144
0.09260198029359147
0.09254521279609348
0.09308450402232436
0.09293312402899641
0.09399751460708367
0.09523220767766488
0.09504771331079642
0.09547346954203133
0.09537885704620135
0.09562958016015079
0.09609791201450918
0.09606479764096869
0.09590395639805772
0.09590395639805772
0.0964716313730376
0.09702038384885148
0.09672235448698704
0.09701565322405997
0.0972994907115499
0.09727583758759241
0.09750763820237586
0.09720487821571994
0.09497675393892394
0.09488214144309395
0.09554442891390381
0.09536939579661835
0.09501932956204742
0.09520855455370739
0.09483010457038747
0.09453207520852304
0.09446584646144206
0.09449896083498255
0.0942435070962416
0.0942766214697821
0.09417727834916062
0.09412997210124563
0.09178358220466216
0.09034547226804648
0.0902981660201315
0.09153758971550421
0.09123956035363978
0.09191130907403264
0.0916227409617512
0.09171262283278968
0.09194442344757313
0.0920295746938201
0.09140513222134225
0.09152339784112973
0.09162747158654269
0.09147136096842323
0.09181669657820266
0.09169370033362369
0.0915990878377937
0.09127740535197178
0.090331280393672
0.09012786352763753
0.08994336916076907
0.09010894102847154
0.09006636540534806
0.09017043915076103
0.09036439476721249
0.09080907349761339
0.09094626161656685
0.09100775973885634
0.0912017153553078
0.09099829848927334
0.09009947977888855
0.08956018855265767
0.08928108168995923
0.08902089732642679
0.08926688981558474
0.08924796731641874
0.08756386489064512
0.08725164365440619
0.08742667677169165
0.08643324556547688
0.08658935618359634
0.08636228619360439
0.08618725307631893
0.08670762180338382
0.08772470613355608
0.08797542924750552
0.08793758424917354
0.08795650674833953
0.08791393112521605
0.08772470613355608
0.08776255113188808
0.08797542924750552
0.0872090680312827
0.08733206427586167
0.0872090680312827
0.08745506052044065
0.08747398301960664
0.08736517864940217
0.08739356239815116
0.08759224863939412
0.08737463989898517
0.08756386489064512
0.08717595365774221
0.08728002740315519
0.08691103866941827
0.08665085430588583
0.08657516430922184
0.08654204993568135
0.08657516430922184
0.08668396867942632
0.08671235242817531
0.08664612368109433
0.08668396867942632
0.08647582118860037
0.08653731931088986
0.08667923805463482
0.08642378431589388
0.08647582118860037
0.08670289117859231
0.08657989493401334
0.08642378431589388
0.08637174744318739
0.085893954339246
0.0858703012152885
0.08592233808799499
0.08579934184341602
0.08578988059383302
0.08582772559216502
0.08569053747321155
0.08570472934758604
0.08624402057381692
0.08605479558215696
0.08599802808465898
0.08609264058048896
0.08598383621028448
0.08600275870945047
0.08604533433257397
0.08611156307965495
0.08514178499739768
0.0850471725015677
0.08513705437260617
0.08506609500073369
0.08504244187677619
0.08541143061051311
0.08507082562552519
0.08523166686843615
0.08477752688845225
0.08480591063720125
0.08367529131203301
0.08352391131870504
0.08319276758330012
0.0832542657055896
0.08331103320308758
0.08317384508413411
0.08308396321309564
0.08308869383788714
