0.0
0.0
0.0
0.0
0.0
0.0
0.0
0.0
9.461249582997852e-05
0.00012299624457897206
0.00012299624457897206
0.00012299624457897206
0.00013245749416196994
0.00013245749416196994
0.00013245749416196994
0.000766361216222826
0.0007710918410143249
0.0007710918410143249
0.0007710918410143249
0.0013151136920367015
0.001414456812658179
0.001414456812658179
0.0009555862078827831
0.0018733274174335746
0.0018875192918080715
0.0019442867893060586
0.0020010542868040457
0.001726678048897108
0.0018969805413910693
0.00198213178763805
0.0022281242767959943
0.002426810518038949
0.002488308640328435
0.002280161149502482
0.0024410023924134458
0.002620766134490405
0.0031032898632232953
0.0032357473573852652
0.0034249723490452225
0.003647311714245672
0.0038081529571566356
0.00828332400991462
0.008434704003242584
0.008472549001574577
0.008605006495736546
0.008746925239481514
0.008912497107183977
0.009650474574657808
0.009745087070487787
0.009603168326742819
0.009272024591337896
0.00815086651575265
0.00828332400991462
0.008373205880953099
0.008089368393463163
0.007933257775343698
0.008439434628034084
0.00872327211552402
0.008732733365107017
0.009101722098843934
0.010076230805892712
0.010232341424012177
0.01039318266692314
0.010724326402328066
0.010298570171093162
0.015142729957588062
0.015587408687988961
0.015738788681316927
0.016174006162134828
0.01633484740504579
0.018255481070394354
0.018610277929756776
0.019234720402234635
0.020190306610117417
0.02030857222990489
0.02452828954392193
0.024566134542253922
0.024689130786832894
0.02476482078349688
0.02445259954725795
0.02457559579183692
0.024419485173717455
0.026888871314879895
0.02681791194300741
0.02577244386408615
0.026273890091985035
0.02722474567507632
0.02760792628318773
0.028128295010252616
0.02956167432207679
0.029542751822910794
0.02933460433208484
0.029438678077497817
0.02956167432207679
0.029836050559983725
0.029741438064153747
0.029840781184775227
0.03052199115475107
0.030947747385985973
0.031165356126394924
0.0317235698517918
0.0321351342086522
0.031373503617220876
0.031505961111382846
0.03158165110804683
0.02836482624982756
0.027811343149222185
0.028114103135878116
0.02836482624982756
0.02917376308917388
0.029765091188111242
0.030626064900164045
0.0317235698517918
0.03299137729591351
0.03271227043321508
0.03271227043321508
0.033090720416534984
0.03251358419197212
0.0330292222942455
0.03399900037650278
0.034377450359822696
0.03330359853215244
0.0339375022542133
0.03366785664109786
0.034552483477108153
0.03455721410189965
0.034935664085219566
0.03499243158271756
0.03449098535481867
0.03550333906019944
0.035758792798940384
0.036411619020167235
0.03663395838536768
0.03623185527809027
0.036132512157468794
0.03630281464996276
0.036548807139120704
0.036832644626610636
0.03628862277558826
0.036378504646626744
0.03664341963495068
0.037069175866185584
0.03551280030978244
0.03561687405519542
0.03601424653768132
0.0356689109279019
0.03756116084450147
0.03801530082448537
0.03836536705905629
0.03770307958824644
0.03781661458324242
0.03408888224754126
0.03418349474337124
0.03502081533146655
0.03502554595625805
0.03510596657771353
0.04038061322023483
0.042140405642672435
0.04224447938808541
0.042982456855559244
0.04301084060430824
0.04302503247868273
0.04308179997618072
0.04337509871325365
0.04337509871325365
0.04353120933137312
0.04461452240862637
0.04460506115904337
0.044524640537587895
0.045168005509231744
0.04601005672211855
0.046057362970033544
0.047230557918325276
0.042324900009540894
0.042528316875575345
0.04286892186056327
0.04292568935806126
0.04211202189392344
0.04218298126579592
0.04232016938474939
0.04086786757375922
0.041000325067921194
0.03584867466997886
0.03589598091789385
0.03633119839871175
0.03593382591622584
0.03617035715580079
0.04245735750370286
0.043062877477014726
0.04314329809847021
0.042963534356393246
0.04089152069771672
0.04074487132918025
0.040408996968983826
0.04082056132584423
0.04078271632751224
0.04104763131583618
0.033407672277565414
0.03180399047324728
0.03334617415527593
0.0334739010246464
0.033942232879004795
0.03489781908688758
0.034864704713347086
0.03826602393843481
0.03852147767717575
0.038729625168001706
0.037556430219709974
0.03810045207073235
0.03796326395177888
0.03846944080446927
0.03842213455655428
0.03858297579946524
0.039231071395900596
0.03929730014298158
0.03955748450651402
0.03983659136921246
0.03995485698899993
0.04111386006291717
0.04129362380499413
0.04108547631416817
0.041132782562083164
0.04130781567936862
0.04134566067770061
0.04117535818520665
0.04142608129915609
0.04149704067102858
0.04223028751371091
0.04238166750703888
0.04312910622409571
0.04342713558596014
0.043635283076786095
0.04390965931469303
0.04570729673546262
0.04606209359482504
0.04655880919793243
0.046932528556460844
0.0471454066720783
0.04724001916790828
0.047249480417491274
0.055395616308452425
0.05572676004385735
0.05585921753801932
0.056015328156138786
0.056237667521339234
0.06131362792261758
0.06143662416719655
0.06236382662633034
0.06249628412049231
0.06266185598819478
0.060769606071595206
0.06011204922557685
0.060405347962649784
0.0607979898203442
0.06458722027833484
0.06478590651957779
0.06493728651290576
0.0656752639803796
0.06567053335558809
0.06567999460517109
0.06592125646953753
0.06599694646620152
0.06732625203261272
0.06742086452844269
0.06894885633609685
0.07104452311873087
0.07152231622267226
0.07142770372684229
0.07150339372350627
0.07173519433828972
0.07192914995474117
0.07231706118764408
0.07232179181243559
0.07250155555451254
0.07275700929325349
0.0731070755278244
0.0731354592765734
0.07324899427156938
0.07349025613593582
0.0726340130486745
0.07288473616262395
0.07390182049279623
0.07385451424488124
0.07426607860174164
0.07426607860174164
0.07434176859840562
0.07503243981796447
0.07657462349999311
0.07685846098748306
0.07689157536102355
0.07705241660393451
0.07736936846496494
0.07727475596913495
0.07762482220370588
0.07778566344661685
0.07722271909642847
0.0770997228518495
0.07762955282849737
0.0775680547062079
0.07767685907641236
0.07784716156890632
0.07772889594911886
0.07757751595579089
0.07774308782349335
0.07852837153888217
0.07862771465950365
0.07858513903638016
0.07835333842159671
0.0783769915455542
0.07843375904305219
0.07860879216033766
0.07878855590241461
0.07911496901302804
0.079294732755105
0.08039223770673275
0.0806003851975587
0.08069499769338868
0.08073757331651217
0.08085110831150814
0.08069972831818018
0.08106398642712559
0.0810545251775426
0.08384086317973546
0.08386924692848446
0.08384086317973546
0.08374625068390548
0.08474441251491176
0.08462141627033279
0.08356175631703702
0.08357594819141152
0.08378882630702898
0.08389290005244196
0.08406320254493592
0.08408212504410191
0.08408685566889341
0.08403954942097842
0.08432338690846836
0.08437069315638335
0.08439434628034084
0.0845126119001283
0.08434230940763435
0.08435650128200885
0.0854303531096791
0.08563850060050505
0.08561957810133906
0.08576149684508402
0.08639066994235339
0.0863007880713149
0.08812680924083349
0.0885762185960259
0.08866136984227287
0.08906347294955028
0.08911077919746527
0.08860460234477488
0.08836807110519994
0.08857148797123439
0.08835387923082544
0.08932838793787422
0.08994809978556058
0.08969264604681963
0.08965480104848765
0.09003798165659906
0.09346768463043578
0.09362852587334675
0.0893993473097467
0.08932365731308273
0.09209107281610959
0.09124429097843129
0.09124429097843129
0.09125375222801428
0.09083745724636237
0.09081853474719638
0.09201538281944562
0.09221406906068856
0.09235598780443353
0.0925168290473445
0.09257359654484248
0.09285743403233242
0.09699200010010248
0.09716230259259644
0.09667977886386356
0.09684062010677451
0.09703457572322598
0.09711972696947295
0.096911579478647
0.09692104072822999
0.09541670204453334
0.09622090825908816
0.09684535073156601
0.0964621701234546
0.09614048763763268
0.0964810926226206
0.09693523260260449
0.09705822884718346
0.09723799258926043
0.09727583758759241
0.09695888572656199
0.09697307760093649
0.09681696698281703
0.09666558698948906
0.09657097449365908
0.09619252451033916
0.09634863512845862
0.09697307760093649
0.09701092259926848
0.09728056821238391
0.09730422133634141
0.09677912198448503
0.096930501977813
0.09701565322405997
0.0964574394986631
0.09714811071822195
0.096911579478647
0.09699673072489398
0.0969541551017705
0.09681223635802552
0.09670816261261254
0.09678385260927652
0.09698253885051948
0.09701565322405997
0.09699673072489398
0.09708188197114095
0.09715757196780495
0.09716703321738794
0.09711499634468146
0.0977772838154913
0.09780566756424029
0.09781512881382329
0.0977867450650743
0.09742248695612889
0.09745087070487787
0.09715757196780495
0.09711026571988995
0.09721433946530293
0.09713391884384745
0.09717649446697094
0.09619725513513067
0.09624456138304564
0.09623510013346265
0.09618306326075617
0.09614521826242417
0.09621144700950515
0.09621144700950515
0.09676019948531903
0.09713864946863894
0.09711026571988995
0.09724745383884342
0.09763063444695484
0.09804692942860674
0.09802800692944075
0.09842537941192665
0.0986287962779611
0.09864771877712711
0.09893628688940855
0.0986713719010846
0.09876598439691457
0.0987044862746251
0.09891736439024254
0.09889844189107655
0.09887951939191056
0.0986713719010846
0.09842064878713516
0.09842537941192665
0.09840645691276066
0.09840645691276066
0.0981983094219347
0.09943773311730743
0.09938096561980944
0.10072919368538663
0.10069607931184614
0.10078596118288462
0.10162328177097993
0.10143405677931998
0.10120225616453653
0.10141986490494548
0.1013252524091155
0.10123537053807702
0.10107925991995756
0.1013157911595325
0.10109818241912355
0.10107925991995756
0.10114548866703854
0.10112656616787254
0.101263754286826
0.10168951051806091
0.10170370239243541
0.10100830054808507
0.09983037497500184
0.09962695810896738
0.10035547432685822
0.10021828620790475
0.10052577681935218
0.10055889119289267
0.1008427286803826
0.10106979867037455
0.10105560679600006
0.10088530430350609
0.10050212369539469
0.10066296493830565
0.1008427286803826
