0.0
0.0
0.0
0.0
0.0
0.0
0.0
0.0
0.0
0.0
0.0
0.0
0.0
0.0
0.0
0.0
0.0
0.0
0.0
0.0
0.0
0.0
0.0
0.0
0.0002365312395749463
0.0002365312395749463
0.0002365312395749463
0.0002365312395749463
0.0002365312395749463
0.0002365312395749463
0.0002365312395749463
0.0002365312395749463
0.0002365312395749463
0.0002365312395749463
0.00042575623123490336
0.0004730624791498926
0.000510907477481884
0.000510907477481884
0.0006622874708098497
0.0006906712195588432
0.0007285162178908346
0.001026545579755267
0.001026545579755267
0.001026545579755267
0.001026545579755267
0.0010549293285042605
0.0010738518276702561
0.0010975049516277508
0.0012299624457897207
0.0013009218176622047
0.001343497440785695
0.001466493685364667
0.001537453057237151
0.0016320655530671295
0.0011022355764192498
0.0013103830672452025
0.001348228065577194
0.0013198443168282003
0.0014002649382836821
0.001986862412429549
0.002880950498022846
0.0031553267359297837
0.004418403555259997
0.004560322299004964
0.00471170229233293
0.004782661664205414
0.004792122913788412
0.00497661728065687
0.005430757260640767
0.005563214754802737
0.00563890475146672
0.00581393786875218
0.005908550364582159
0.0059653178620801455
0.0059653178620801455
0.0059653178620801455
0.0060457384835356275
0.007942719024926697
0.00827859338512312
0.008964533979890464
0.009149028346758924
0.009286216465712392
0.008964533979890464
0.0092483714673804
0.010180304551305688
0.010237072048803676
0.010407374541297637
0.010577677033791599
0.010677020154413077
0.01052564016108511
0.010894628894822027
0.011850215102704809
0.012569270071012646
0.012503041323931662
0.012805801310587592
0.012786878811421596
0.013936420635755837
0.01369515877138939
0.01448990373636121
0.01727151111376258
0.01730935611209457
0.017385046108758552
0.017895953586240437
0.01792433733498943
0.018189252323313372
0.01828386481914335
0.018657584177671764
0.01907387915932367
0.01916849165515365
0.019239451027026132
0.019627362259929042
0.019627362259929042
0.01846362856122031
0.0185062041843438
0.019092801658489665
0.019565864137639558
0.02000108161845746
0.021874409035891034
0.02215824652338097
0.02229070401754294
0.022565080255449878
0.022882032116480305
0.02238531651337292
0.022423161511704908
0.02346862959062617
0.023506474588958163
0.023421323342711183
0.023421323342711183
0.02352539708812416
0.02382815707478009
0.02383761832436309
0.02427756642997249
0.024935123275990838
0.025077042019735808
0.025143270766816793
0.025228422013063773
0.02480266578182887
0.024935123275990838
0.02502027452223782
0.02498242952390583
0.024230260182057498
0.02439110142496846
0.025464953252638717
0.025446030753472723
0.025488606376596213
0.02629281259115103
0.026893601939671396
0.018619739179339772
0.0185062041843438
0.018615008554548274
0.018870462293289217
0.018946152289953198
0.019021842286617182
0.01880896417099973
0.01885627041891472
0.0189508829147447
0.01964628475909504
0.01977874225325701
0.01991119974741898
0.019920660997001977
0.020147730986993927
0.020213959734074912
0.020318033479487886
0.020464682848024354
0.020507258471147843
0.019546941638473564
0.019575325387222557
0.01987335474908699
0.02021869035886641
0.020190306610117417
0.020379531601777374
0.02057348721822883
0.020677560963641806
0.020862055330510262
0.02088097782967626
0.02105128032217022
0.021169545941957694
0.0211458928180002
0.0215763796740266
0.02194063778297202
0.021822372163184545
0.022267050893585445
0.022456275885245403
0.022735382747943837
0.023766658952490603
0.024230260182057498
0.02562579449554968
0.025786635738460646
0.025885978859082122
0.03229124482677167
0.03242370232093364
0.032650772310925585
0.04540926737359819
0.04633646983273198
0.04646892732689395
0.046695997316885896
0.04752385665539821
0.04744816665873423
0.047732004146224166
0.04792595976267562
0.04783134726684564
0.04784080851642864
0.04808207038079509
0.04812937662871007
0.048157760377459065
0.04814356850308457
0.048375369117868015
0.04848890411286399
0.048924121593681896
0.04860243910785997
0.04903292596388637
0.04946814344470427
0.049889169051147673
0.05034803965592307
0.05041899902779556
0.050589301520289516
0.05084002463423896
0.05119009086880988
0.05144554460755082
0.05103398025069041
0.05148812023067431
0.05156854085212979
0.05156854085212979
0.0515401571033808
0.05156854085212979
0.05187603146357722
0.05184291709003673
0.05182399459087073
0.052183522075024656
0.05259981705667656
0.05279850329791951
0.05224975082210564
0.05237747769147611
0.05236801644189311
0.0523964001906421
0.054605601968272105
0.054842133207847046
0.055528073802614396
0.055565918800946384
0.05576933566698084
0.05590652378593431
0.05609101815280276
0.056876301868191585
0.05951125987705649
0.05964371737121846
0.06014516359911735
0.060287082342862314
0.060282351718070816
0.0603438498403603
0.06039115608827529
0.060334388590777305
0.06056145858076925
0.06061822607826724
0.06091152481534017
0.06099667606158715
0.06073176107326321
0.061479199790320044
0.06166842478198
0.061375126044907066
0.0612332073011621
0.06120482355241311
0.06136566479532407
0.06142243229282206
0.06180088227614197
0.06181980477530796
0.061744114778643985
0.06202322164134242
0.0621083728875894
0.062184062884253384
0.062264483505708866
0.0612190154267876
0.06120009292762161
0.061077096683042634
0.061294705423451584
0.0616731554067715
0.06198064601821893
0.062179332259461886
0.06229286725445786
0.06232125100320685
0.0625388597436158
0.0629929997235997
0.0629409628508932
0.06361271157128606
0.07337672114093984
0.07286108303866645
0.07272862554450449
0.07269078054617249
0.07271916429492149
0.07254886180242753
0.07381666924654924
0.07390655111758772
0.07402954736216669
0.07408158423487318
0.07413835173237117
0.07431811547444812
0.07402954736216669
0.07415254360674567
0.07434649922319712
0.0753446610542034
0.07541562042607589
0.07496148044609198
0.07567580478960832
0.07581299290856179
0.0753446610542034
0.07548657979794836
0.07565215166565083
0.0757373029118978
0.07582245415814479
0.07550077167232286
0.07551969417148885
0.07568053541439981
0.07588395228043428
0.07665504412144859
0.07670235036936358
0.07637593725875017
0.0766503134966571
0.07645162725541414
0.07666923599582309
0.07689157536102355
0.07714702909976448
0.07743086658725443
0.07765793657724637
0.07765793657724637
0.07810261530764727
0.07825399530097524
0.07846214279180119
0.07876017215366563
0.0787980171519976
0.0788547846494956
0.0788689765238701
0.07877436402804011
0.07860879216033766
0.07869394340658463
0.07874124965449962
0.0787980171519976
0.07861825340992065
0.07831076279847322
0.07812153780681326
0.07844795091742669
0.07826818717534974
0.0783864527951372
0.0780032721870258
0.07801746406140028
0.0779890803126513
0.07756332408141639
0.07792285156557031
0.07783770031932333
0.07801746406140028
0.07802692531098329
0.07855675528763116
0.07830130154889023
0.0779796190630683
0.07822088092743475
0.07802219468619179
0.07845268154221818
0.07843375904305219
0.07882640090074661
0.07908185463948755
0.0792994633798965
0.07902035651719806
0.08049631145214572
0.08061930769672469
0.0806382301958907
0.08055307894964371
0.08120590517087056
0.08135728516419853
0.08151339578231799
0.081532318281484
0.08162693077731396
0.08179250264501643
0.08173573514751845
0.08577568871945852
0.08577095809466703
0.08605952620694846
0.08613048557882094
0.08611629370444646
0.08755440364106212
0.08805111924416952
0.08805111924416952
0.08817411548874848
0.08816938486395698
0.08824034423582947
0.08840591610353193
0.08838699360436593
0.08833968735645094
0.08851945109852791
0.08842483860269792
0.08855729609685989
0.0885667573464429
0.0885762185960259
0.0885431042224854
0.0885147204737364
0.0885478348472769
0.08869921484060486
0.08863771671831537
0.08869448421581336
0.0885431042224854
0.08889317045705632
0.08889790108184782
0.08894047670497131
0.08895466857934581
0.08886005608351583
0.0889735910785118
0.08906820357434178
0.0889735910785118
0.08885532545872432
0.0889877829528863
0.08919593044371225
0.08914389357100576
0.08926215919079324
0.08745032989564915
0.0863149799456894
0.08622509807465092
0.0863197105704809
0.08631024932089791
0.0863386330696469
0.0862913268217319
0.08640486181672788
0.08651366618693236
0.08646162931422587
0.08638120869277038
0.08620144495069343
0.08613521620361245
0.08604533433257397
0.08603587308299097
0.08611156307965495
0.08609737120528045
0.08619671432590192
0.08612102432923795
0.08615413870277844
0.08609737120528045
0.08591287683841199
0.0858986849640375
0.08573311309633504
0.08511340124864868
0.08596491371111849
0.08602168120861647
0.08573784372112654
0.08570945997237754
0.0858797624648715
0.08592706871278649
0.0858419174665395
0.08586083996570551
0.08576149684508402
0.08576149684508402
0.0858703012152885
0.08595072183674399
0.08600748933424197
0.08607844870611446
0.08653258868609835
0.08655151118526436
0.08654678056047285
0.08697253679170776
0.08672654430254981
0.08726583552878069
0.08701984303962275
0.08695361429254175
0.08689211617025228
0.08692996116858426
0.08750709739314713
0.08743613802127465
0.08729421927752969
0.08733206427586167
0.08731314177669568
0.08724218240482319
0.08739829302294266
0.08749290551877263
0.08783351050376056
0.08780512675501156
0.08780512675501156
0.08790920050042454
0.08788081675167556
0.08778620425584557
0.08771997550876459
0.0876442855121006
0.08766320801126659
0.08745979114523214
0.08743613802127465
0.0872232599056572
0.08706241866274624
0.08693942241816727
0.08690157741983527
0.0867360055521328
0.0867643893008818
0.08672654430254981
0.08682115679837979
0.08707661053712074
0.08693942241816727
0.08667450742984333
0.08659408680838784
0.08647582118860037
0.08653258868609835
0.08657043368443035
0.08668396867942632
0.08657043368443035
0.0867360055521328
0.08667923805463482
0.08675492805129881
0.08683534867275429
0.08683061804796278
