0.0
0.0
5.676749749798711e-05
5.676749749798711e-05
5.676749749798711e-05
0.00015137999332796563
0.00015137999332796563
0.00015137999332796563
0.00015137999332796563
0.00015137999332796563
0.00015137999332796563
0.00015137999332796563
0.00015137999332796563
0.00018922499165995705
0.0006102505981033614
0.03849309392842676
0.038516747052384254
0.03944868013630955
0.04216405876662993
0.02637323321260651
0.022120401525048978
0.022262320268793948
0.022309626516708935
0.004522477300672973
0.004645473545251945
0.004702241042749932
0.005213148520231817
0.010279647671927166
0.010544562660251106
0.010885167645239028
0.015038656212175086
0.015710404932567933
0.016448382400041765
0.017593193599584507
0.018260211695185855
0.01948071289139258
0.019632092884720544
0.020147730986993927
0.021197929690706687
0.021987944030887007
0.02321317585188523
0.02338347834437919
0.02347809084020917
0.024126186436644523
0.024684400162041396
0.022394777762955915
0.026718568822385935
0.027385586917987283
0.027376125668404284
0.028341173125870065
0.03071121614641103
0.030673371148079037
0.02902711372063741
0.03007731242435017
0.030687563022453533
0.02822290750608259
0.02965155619311527
0.029973238678937194
0.030323304913508115
0.029126456841258887
0.03051726052995957
0.030091504298724668
0.030512529905168072
0.029982699928520193
0.0303942642853806
0.03074433051995152
0.031070743630564945
0.03168099422866831
0.0330292222942455
0.03505866032979854
0.036463655892873724
0.04197010315017847
0.041955911275803975
0.04245735750370286
0.0414071587999901
0.041303085054577124
0.039387182014020056
0.03859243704904824
0.038899927660495666
0.03900873203070014
0.04013935135586839
0.043318331215755665
0.04427391742363845
0.04523423425631273
0.04429757054759594
0.04439691366821742
0.047329901038946756
0.04111386006291717
0.04218298126579592
0.041941719401429475
0.04246208812849436
0.043114914349721215
0.046057362970033544
0.04660138482105592
0.046643960444179414
0.0471264841729123
0.046038440470867546
0.04635066170710648
0.04636958420627247
0.04697037355479284
0.04699875730354183
0.04738666853644474
0.0488815459705584
0.04928364907783581
0.05155434897775529
0.052136215827109665
0.05251466581042958
0.05307761016061795
0.05519219944241797
0.056147785650300756
0.05698510623839606
0.05917065489206857
0.060116779850368354
0.05076433463757497
0.05203214208169669
0.034027384125251775
0.03474643909355961
0.035877058418727854
0.036212932778924276
0.03511069720250503
0.035243154696667
0.03596694028976633
0.0378875739551149
0.04047049509127331
0.04246681875328586
0.04262292937140532
0.04334671496450466
0.04343186621075164
0.04646892732689395
0.04609520796836553
0.046927797931669346
0.047381937911653245
0.04796853538579911
0.047618469151228186
0.04807733975600358
0.04747655040748322
0.04787865351476063
0.04816249100225056
0.04829494849641253
0.04909915471096735
0.04927418782825281
0.049652637811572725
0.04990809155031367
0.0497803646809432
0.04990809155031367
0.04609520796836553
0.047296786665406265
0.05100559650194142
0.05150704272984031
0.0532999495258184
0.05335198639852489
0.053853432626423774
0.054468413849318636
0.0559443687842663
0.055466575680324905
0.057259482476303
0.05787446369919786
0.044292839922804444
0.04298718748035074
0.043469711209083634
0.04285472998618877
0.04309599185055522
0.042963534356393246
0.043218988095134185
0.04354067058095611
0.04787865351476063
0.0493593390744998
0.049501257818244764
0.051502312105048804
0.05424607448411818
0.05402846574370923
0.05293096079208148
0.05323372077873741
0.05317222265644793
0.0541798457370372
0.055513881928239896
0.05557538005052938
0.0554996900538654
0.056284973769254225
0.05660192563028465
0.05653096625841217
0.05731624997380099
0.0568289956202766
0.059411916756435014
0.05758589558691642
0.05775619807941039
0.059449761754767
0.06041480921223279
0.057850810575240365
0.057883924948780856
0.05822452993376878
0.05844686929896923
0.05846579179813523
0.058588788042714196
0.05340875389602288
0.05645054563695669
0.059213230515192054
0.06130416667303458
0.06223609975695987
0.06325318408713214
0.06394385530669099
0.06362690344566055
0.06337144970691962
0.06379720593815452
0.06395331655627398
0.06372151594149053
0.06460141215270933
0.06576514585141807
0.06529208337226818
0.0634140253300431
0.06357959719774557
0.06371205469190754
0.06332414345900463
0.0629551547252677
0.06719379453845074
0.0669667245484588
0.06573676210266907
0.06632809020160645
0.06684372830387983
0.06701876142116528
0.06756751389697917
0.0674114032788597
0.06752020764906418
0.06688157330221181
0.06685792017825432
0.0669667245484588
0.06676330768242435
0.06749182390031518
0.06844741010819796
0.06925161632275278
0.06951180068628522
0.06956856818378321
0.06925634694754428
0.06937934319212324
0.06988552004481363
0.06974360130106867
0.06853729197923644
0.0687359782204794
0.06848998573132145
0.06706606766908027
0.06806422950008655
0.06900562383359483
0.06874070884527089
0.06893466446172235
0.0682818382404955
0.06895358696088835
0.06662138893867937
0.06689103455179482
0.06690995705096081
0.0656374189820476
0.06632809020160645
0.06805003762571205
0.06907185258067582
0.06930838382025077
0.0691570038269228
0.0695732988085747
0.0695874906829492
0.06966791130440468
0.06979090754898365
0.06964425818044719
0.07096410249727539
0.07066607313541096
0.07055726876520649
0.07110129061622886
0.07150339372350627
0.07164531246725124
0.07216095056952462
0.0722082568174396
0.0722366405661886
0.07243532680743156
0.07258670680075952
0.07289419741220696
0.07287054428824946
0.07201430120098815
0.07208999119765214
0.07197172557786466
0.07211364432160963
0.07259143742555102
0.07260089867513402
0.07261035992471701
0.07465872045943606
0.07454045483964858
0.07623401851500519
0.07609209977126022
0.07615832851834121
0.0766266603726996
0.07600221790022174
0.07589814415480876
0.07566161291523382
0.07625294101417118
0.07630970851166917
0.0762387491397967
0.07626713288854568
0.07607317727209423
0.07679696286519357
0.07645635788020565
0.07643743538103964
0.07647528037937164
0.07674965661727857
0.07665504412144859
0.07561430666731883
0.07562376791690183
0.07548184917315687
0.07558592291856985
0.0757609560358553
0.07552442479628035
0.07556226979461235
0.07474387170568303
0.07475806358005753
0.07476752482964052
0.07502297856838147
0.07494255794692599
0.07460668358672956
0.07712337597580698
0.07722744972121996
0.07456410796360607
0.07524531793358191
0.0752784323071224
0.07587922165564277
0.0700132469141841
0.06944557193920424
0.06939353506649774
0.07040115814708701
0.07027816190250805
0.0709120656245689
0.07013624315876307
0.07069445688415996
0.0704437337702105
0.07040588877187852
0.07126213185913982
0.07170207996474923
0.07184872933328569
0.07321114927323738
0.07349025613593582
0.07297461803366244
0.07265293554784051
0.07270497242054699
0.07239275118430806
0.07218933431827361
0.07170207996474923
0.07196699495307317
0.07161219809371074
0.07102086999477338
0.07105871499310537
0.07147027934996578
0.0713662056045528
0.07124320935997383
0.0709215268741519
0.07157435309537875
0.07156962247058725
0.07195753370349016
0.07190076620599217
0.0722319099413971
0.07225556306535459
0.07149393247392327
0.07165950434162573
0.0717777699614132
0.07100667812039888
0.07096410249727539
0.07068026500978546
0.07061403626270447
0.0709546412476924
0.07068499563457695
0.07063295876187047
0.0705005012677085
0.07006528378689059
0.06939353506649774
0.0695638375589917
0.06951653131107671
0.06922323257400378
0.06908604445505032
0.06919484882525478
0.06908131383025881
0.06901981570796933
0.06861298197590042
0.06855148385361094
0.0686934025973559
0.06840483448507446
0.06863663509985791
0.06836698948674248
0.06791758013155008
0.06747763202594068
0.06715594954011875
0.0669572632988758
0.06673492393367535
0.06660246643951338
0.06585502772245655
0.06506974400706773
0.06448787715771336
0.0638350509364865
0.06303557534672319
0.06309707346901268
0.06366474844399254
0.06379247531336302
0.063887087809193
0.06399116155460598
0.06410469654960195
0.06410942717439344
0.0638445121860695
0.063868165310027
0.06367420969357554
0.06411415779918495
0.0642986521660534
0.06405739030168696
0.06404319842731246
0.06375463031503102
0.0638350509364865
0.06380193656294601
0.06375463031503102
0.06348025407712408
0.06358432782253706
0.06330049033504713
0.06314911034171916
0.06432703591480239
0.06409050467522745
0.0638350509364865
0.06348971532670708
0.06339510283087711
0.06368367094315855
0.0634329478292091
0.06289365660297822
0.06283215848068874
0.06216040976029589
0.062387479750287834
0.06242532474861983
0.061781959776975974
0.061294705423451584
0.061479199790320044
0.06162584915885651
0.0612332073011621
0.060939908564089165
0.06071756919888872
0.06070337732451422
0.06037696421390079
0.060149894223908845
0.06027762109327932
0.05973359924225694
0.05957275799934598
0.05931730426060503
0.059175385516860066
0.05925107551352405
0.05936934113331152
0.05924161426394105
0.05913280989373657
0.05900035239957461
0.05872124553687617
0.05863136366583769
0.0585982492922972
0.05851309804605022
0.0581251868131473
0.05817722368585379
0.05811099493877281
0.0577041612067039
0.05737301747129898
0.05737301747129898
0.05793123119669585
0.05787919432398936
0.057812965576908376
0.057950153695861845
0.05800692119335983
0.05783661870086587
0.05801165181815133
0.057396670595256466
0.05740613184483947
0.0572736743506775
0.05704660436068555
0.05690941624173208
0.056455276261748184
0.05610521002717726
0.055920715660308803
0.05553753505219739
0.055225313815958466
0.05536723255970343
0.05513070132012848
0.05499824382596651
0.055078664447421995
0.05523004444074996
0.05492728445409403
0.05454883447077412
0.05422242136016069
0.05422715198495219
0.05403792699329223
0.05383924075204928
0.05378720387934279
0.054052118867666726
0.053867624500798274
0.05443056885098664
0.05426972760807568
0.05426499698328418
0.054033196368500735
0.05400954324454324
0.05370678325788731
0.0532952189010269
0.05321479827957142
0.05312491640853294
0.05317695328123943
0.05356959513893384
0.05283161767146
0.05259981705667656
0.05277011954917052
