0.0
0.0
0.0
0.0
0.0
0.0
0.0
9.461249582997852e-06
6.622874708098497e-05
0.00024599248915794413
0.0
0.0
0.00019395561645145596
0.00034060498498792265
0.0014854161845306627
0.002895142372397343
0.0033161679788407472
0.004181872315685051
0.0044562485535919885
0.001598951179526637
0.002937717995520833
0.004129835442978563
0.004763739165039418
0.006017354734786634
0.00770618778535175
0.00845362650240858
0.009863352690275261
0.026051550726784587
0.026983483810709873
0.028866272477726447
0.028743276233147475
0.03420241724253723
0.049496527193453266
0.05181453334128774
0.05319114515561393
0.05555172692657189
0.056620848129450646
0.05428391948245018
0.05555172692657189
0.05565580067198486
0.05543819193157591
0.05640797001383319
0.04087259819855072
0.03271227043321508
0.04142608129915609
0.04144500379832209
0.04152542441977757
0.0400636613592044
0.040314384473153844
0.04091990444646571
0.042731733741609795
0.04339402121241965
0.043384559962836654
0.04474697990278834
0.04470440427966485
0.04547549612067918
0.04636485358148097
0.04663449919459641
0.04505447051423577
0.04556537799171766
0.04742451353477673
0.048692320978898446
0.04917484470763134
0.04893358284326489
0.0493593390744998
0.045215311757146735
0.042476280002868856
0.04241951250537087
0.042324900009540894
0.04263239062098832
0.043819777443654555
0.04372516494782457
0.04336090683887916
0.04409415368156149
0.045887060477539585
0.045130160510899756
0.04596275047420356
0.04785973101559463
0.04768942852310067
0.0480063803841311
0.0480111110089226
0.04774619602059866
0.04915592220846534
0.04999324279656065
0.05007366341801613
0.05036696215508907
0.050494689024459534
0.04918903658200583
0.049297840952210306
0.04962898468761523
0.050087855292390626
0.05025342716009309
0.0506555302673705
0.0511238621217289
0.051516503979423305
0.05164423084879378
0.05216459957585866
0.0537446282562193
0.054066310742041226
0.05434541760473966
0.055069203197839
0.0550739338226305
0.05529154256303945
0.05630862689321171
0.056942530615272574
0.05722163747797101
0.05809207243960681
0.058115725563564306
0.05829548930564127
0.05884897240624664
0.0590287361483236
0.06003635922891287
0.06057565045514375
0.060708107949305715
0.06083583481867619
0.061630579783648005
0.06204214414050842
0.06214148726112989
0.0630071915979742
0.06346606220274958
0.06381612843732051
0.06620509395702746
0.06672546268409235
0.06719379453845074
0.06854202260402793
0.06862717385027492
0.06925161632275278
0.08101668017921061
0.08123901954441105
0.08140459141211352
0.08177831077064193
0.08382194068056947
0.08526951186676814
0.08555334935425808
0.0841247006672254
0.0845126119001283
0.08756386489064512
0.08822615236145497
0.08496202125532071
0.08493836813136321
0.08528370374114264
0.08358540944099452
0.0854208918600961
0.08576149684508402
0.08621090620027642
0.08578514996904152
0.08606425683173996
0.08870394546539637
0.0889877829528863
0.08863771671831537
0.08848160610019591
0.08792812299959053
0.09062930975553643
0.0916463940857087
0.09168896970883218
0.09222826093506306
0.09226610593339506
0.09257359654484248
0.09327845963877582
0.09346768463043578
0.08995756103514357
0.08958384167661516
0.09001432853264156
0.09200119094507112
0.09211945656485859
0.09344403150647829
0.09437596459040358
0.09524166892724788
0.09959384373542689
0.10040278057477321
0.1004264336987307
0.10139148115619648
0.10161382052139693
0.10153339989994145
0.10321277170092356
0.1035533766859115
0.1039412879188144
0.10359595230903498
0.10463195913837324
0.10502933162085916
0.10434339102609182
0.10451369351858578
0.10125429303724301
0.09985402809895932
0.09981618310062734
0.1000101387170788
0.10036020495164971
0.0999770243435383
0.09965534185771638
0.09895520938857454
0.09905928313398751
0.09946611686605641
0.09974522372875486
0.09835915066484567
0.10031289870373472
0.08594126058716099
0.08619198370111043
0.08572365184675204
0.08555807997904957
0.085893954339246
0.085893954339246
0.08742667677169165
0.08693942241816727
0.08734625615023617
0.08803692736979501
0.08813627049041649
0.08872759858935386
0.08912970169663126
0.08989133228806259
0.08991971603681159
0.090283974145757
0.09027451289617401
0.09098410661489885
0.09133890347426127
0.0872185292808657
0.0863528249440214
0.08756859551543662
0.08770105300959859
0.0881173479912505
0.08875598233810285
0.09040697039033598
0.09058200350762144
0.09210526469048409
0.09226610593339506
0.09233233468047604
0.09220933843589707
0.09410158835249664
0.09422458459707561
0.09395020835916867
0.09363798712292974
0.0942576989706161
0.09457465083164653
0.09526059142641387
0.09662301136636556
0.09631552075491813
0.09696361635135349
0.09717176384217945
0.09793339443361077
0.07483848420151301
0.0748432148263045
0.07274281741887899
0.07375044049946826
0.0748432148263045
0.07510812981462844
0.07474387170568303
0.07476279420484902
0.07503243981796447
0.07602114039938775
0.07655570100082712
0.07674965661727857
0.07743559721204592
0.07727948659392646
0.07770051220036986
0.07747344221037791
0.07751128720870991
0.07727002534434346
0.07768632032599536
0.07770524282516136
0.079285271505522
0.07950761087072244
0.07952653336988845
0.07968264398800791
0.0805956545727672
0.08045846645381373
0.08055780957443522
0.08140459141211352
0.08165058390127146
0.08175465764668444
0.0819202295143869
0.08138566891294752
0.08168369827481195
0.08226556512416633
0.08308869383788714
0.08266293760665223
0.08311707758663613
0.08306031008913814
0.0828474319735207
0.08376517318307149
0.08358540944099452
0.0832306125816321
0.08344822132204105
0.08322588195684061
0.08425715816138737
0.0850471725015677
0.08560065560217307
0.0850235193776102
0.08666977680505182
0.0863433636944384
0.08614467745319544
0.08569526809800304
0.0850329806271932
0.0849714825049037
0.08566688434925405
0.08577095809466703
0.08595545246153549
0.08644743743985138
0.08669342992900932
0.08696307554212476
0.08735571739981916
0.08770105300959859
0.08775782050709657
0.0863339024448554
0.07726529471955196
0.07788027594244681
0.07769578157557835
0.0783627996711797
0.07884059277512111
0.07873178840491663
0.07822088092743475
0.07868448215700163
0.07794650468952781
0.07812153780681326
0.07749709533433541
0.07761536095412289
0.07814519093077076
0.07814046030597926
0.07858986966117165
0.0793089246294795
0.0797346808607144
0.07920958150885801
0.07924742650719001
0.07980090960779539
0.08000905709862134
0.08024085771340478
0.0797394114855059
0.07964952961446742
0.07923323463281551
0.07909131588907055
0.07901089526761507
0.07945084337322446
0.07980564023258688
0.08050577270172872
0.08093152893296363
0.08082272456275916
0.08069499769338868
0.08068553644380569
0.08152285703190099
0.08142824453607102
0.0815181264071095
0.08134782391461554
0.08128632579232604
0.08123901954441105
0.08224191200020883
0.08188711514084641
0.08114913767337258
0.08092206768338063
0.08031654771006877
0.08111602329983209
0.0806051158223502
0.08025031896298779
0.08021720458944728
0.0801604370919493
0.08027870271173677
0.08006109397132782
0.0806240383215162
0.08058146269839271
0.08070918956776317
0.0810214108040021
0.08119644392128757
0.08109237017587459
0.08218987512750234
0.08219460575229384
0.08228448762333232
0.08174519639710144
0.08298935071726565
0.08331103320308758
0.08276228072727371
0.0841199700424339
0.08429500315971936
0.08483902501074174
0.08469237564220528
0.0858419174665395
0.08596018308632698
0.08599802808465898
0.08573784372112654
0.08616359995236143
0.08628186557214891
0.08627240432256592
0.08596964433590998
0.08550604310634309
0.0854492756088451
0.08529789561551714
0.08438961565554934
0.08320222883288311
0.08275281947769071
0.08276701135206521
0.0818918457656379
0.08187292326647191
0.08155597140544149
0.08122482767003655
0.08108763955108308
0.08126740329316005
0.08247371261499227
0.08219933637708533
0.08194861326313589
0.08248317386457528
0.08229867949770682
0.08244532886624328
0.08268186010581823
0.08248317386457528
0.08212837700521286
0.08241694511749428
0.08230814074728982
0.08210945450604686
0.08202430325979988
0.08175938827147594
0.0818776538912634
0.08101668017921061
0.08090314518421464
0.08069972831818018
0.08101194955441911
0.08182088639376542
0.0819438826383444
0.08177358014585044
0.08152758765669249
0.08223718137541733
0.08241221449270279
0.08285216259831218
0.08253994136207327
0.08292312197018467
0.0827859338512312
0.08332522507746208
0.08335360882621108
0.08331103320308758
0.08303192634038915
0.08290419947101868
0.08254467198686476
0.0819391520135529
0.0828001257256057
0.08266293760665223
0.08267712948102673
0.08218987512750234
0.08209526263167236
0.08162220015252247
0.08132417079065804
0.08130997891628354
0.08108763955108308
0.0810450639279596
0.08075649581567816
0.08094099018254662
0.08092206768338063
0.08086530018588264
0.08092206768338063
0.08084637768671664
0.08101194955441911
0.08091260643379763
0.08088422268504863
0.08097883518087862
0.08078487956442716
0.08054834832485222
0.08032127833486026
0.08008947772007682
0.08095518205692112
0.08068553644380569
0.08009420834486831
0.0797441421102974
0.0796779133632164
0.0788358621503296
0.07869394340658463
0.07857567778679717
0.07838172217034571
0.07803638656056629
0.07789446781682131
0.07780458594578284
0.07770051220036986
0.07737882971454793
0.07744505846162891
0.07766266720203786
0.07707606972789201
0.07680642411477656
0.07678277099081907
0.07647054975458013
0.07610629164563472
0.07569472728877431
0.07554334729544634
0.07591706665397477
0.07498986419484098
0.07451207109089958
0.07438907484632061
0.07415254360674567
0.07395858799029421
0.07379301612259175
0.07366055862842978
0.07372678737551076
0.07369840362676176
0.07362271363009779
0.07325372489636087
0.07317803489969689
0.07288946678741545
0.07278066241721097
0.07240694305868256
0.07211837494640112
0.07208526057286063
0.07148447122434028
0.07161692871850224
0.07165004309204273
0.07120536436164183
0.07110129061622886
0.07108709874185436
0.07083637562790492
