0.0
0.0
0.0
9.461249582997852e-05
0.00024126186436644522
0.0024741167659539385
0.002493039265119934
0.002493039265119934
0.0025308842634519254
0.0025308842634519254
0.002625496759281904
0.002625496759281904
0.002625496759281904
0.002038899285136037
0.002455194266787943
0.002455194266787943
0.002455194266787943
0.0024741167659539385
0.0024741167659539385
0.0024741167659539385
0.002630227384073403
0.00268699488157139
0.00268699488157139
0.0027153786303203836
0.0028478361244823535
0.0028478361244823535
0.0029471792451038308
0.0029850242434358225
0.0029850242434358225
0.0030465223657253084
0.0029802936186443234
0.0030181386169763147
0.0030181386169763147
0.004248101062766035
0.004276484811515029
0.004144027317353059
0.005842321617501174
0.005804476619169182
0.005880166615833165
0.006164004103323101
0.0007001324691418411
0.000960316832674282
0.0034864704713347084
0.003543237968832696
0.003543237968832696
0.003543237968832696
0.003902765452986614
0.0031458654863467856
0.005492255382930253
0.005487524758138755
0.005544292255636741
0.005563214754802737
0.006854675322881944
0.007280431554116847
0.007450734046610809
0.007417619673070316
0.0044042116808855
0.004503554801506978
0.00449409355192398
0.004513016051089975
0.005407104136683273
0.005553753505219739
0.005690941624173208
0.009238910217797403
0.010166112676931191
0.010601330157749092
0.010402643916506138
0.009527478330078836
0.009115913973218431
0.011329846375639928
0.0114528426202189
0.012498310699140163
0.01665179926607622
0.016330116780254294
0.016003703669640868
0.017512772978129025
0.020592409717394827
0.02079109595863778
0.019882815998669985
0.020053118491163948
0.0193813697707711
0.02053091159510534
0.021708837168188572
0.02409307206310403
0.026056281351576085
0.026236045093653043
0.02836482624982756
0.028478361244823534
0.028468899995240538
0.03179452922366428
0.04342240496116864
0.04352647870658162
0.043583246204079606
0.042580353748281834
0.043365637463670656
0.04320479622075969
0.04643581295335346
0.04608101609399104
0.04681426293667337
0.047230557918325276
0.051469197731508314
0.05344186826956337
0.05357432576372534
0.053801395753717285
0.05387235512558977
0.05389600824954727
0.05025815778488459
0.0502203127865526
0.05215986895106716
0.05349390514226986
0.053971698246211244
0.061460277291154046
0.031425540489927364
0.030597681151415052
0.031113319253688435
0.03118900925035242
0.02985970368394122
0.030559836153083064
0.031860757970745265
0.032783229805087556
0.035654719053527406
0.036241316527673276
0.0369982164943131
0.03576825404852338
0.042410051255787874
0.04411780680551899
0.045432920497555686
0.04718798229520179
0.050797449011115464
0.05294042204166448
0.053347255773733386
0.05384397137684078
0.054156192613079704
0.05449679759806763
0.05483267195826405
0.06039115608827529
0.0607790673211782
0.06612940396036349
0.06822980136778901
0.07384505299529824
0.07869394340658463
0.0797062971119654
0.07746398096079492
0.0779559659391108
0.07812626843160476
0.07920012025927502
0.08022193521423879
0.08104033330316811
0.07687265286185754
0.07933730837822849
0.08032127833486026
0.08089368393463163
0.08112075392462359
0.08758751801460261
0.0876348242625176
0.09671762386219554
0.09673654636136154
0.09090841661823486
0.09104087411239684
0.09919174062814948
0.10854418584094286
0.10819885023116343
0.10817046648241445
0.1083596914740744
0.1084117283467809
0.10820358085595494
0.11937731661347539
0.12169059213651837
0.12194131525046782
0.12419782327601281
0.12398021453560386
0.12313816332271704
0.1273153050136106
0.12839388746607236
0.1282377768479529
0.1282330462231614
0.1264401394271833
0.12433974201975777
0.12492160886911213
0.12608061194302939
0.12365853204978193
0.12806747435545893
0.1286209574560643
0.13068350986515784
0.13048482362391486
0.11841699978080111
0.11845484477913311
0.11833657915934563
0.11840280790642661
0.11702146546730893
0.11853999602538008
0.1185021510270481
0.12098572904258503
0.12105668841445752
0.11973684409762932
0.12138783214986244
0.12208323399421278
0.12137837090027945
0.12251372085023919
0.12386194891581638
0.12446746888912824
0.1176317160654123
0.11730057233000737
0.11915970787306644
0.11857311039892059
0.11880964163849553
0.12096680654341904
0.1184832285278821
0.11854945727496309
0.11928743474243692
0.11941516161180739
0.1136532606157617
0.1135917624934722
0.11386140810658765
0.11396548185200063
0.11443854433115051
0.11416416809324358
0.11389452248012814
0.11398913497595813
0.11338834562743776
0.11410740059574559
0.11502987243008789
0.11652948048899305
0.1176553691893698
0.11775944293478277
0.12497837636661013
0.1259245013249099
0.12575419883241595
0.12328954331604501
0.12475603700140968
0.12345511518374747
0.12301043645334657
0.12324696769292152
0.1215817877663139
0.12208796461900429
0.12143513839777743
0.12075865905259309
0.12094788404425304
0.12132633402757295
0.12164328588860339
0.12188927837776133
0.12175209025880786
0.1229110933327251
0.1237815282943609
0.12561228008867098
0.12565485571179447
0.12572108445887545
0.12550820634325802
0.1254467082209685
0.12612791819094438
0.12625091443552333
0.12967588678456857
0.12975157678123253
0.13003541426872248
0.13019152488684194
0.13097207797743926
0.13372057098130014
0.13468561843876592
0.13558916777394223
0.13557970652435922
0.13595342588288764
0.13752872393845678
0.13796394141927468
0.13903306262215342
0.13841808139925857
0.13849850202071406
0.1391324057427749
0.13989876695899775
0.13976157884004428
0.13976157884004428
0.1391513282419409
0.13812005203739414
0.13806328453989616
0.1379497495449002
0.13865934326362503
0.14078339379500804
0.14207485436308726
0.14213162186058523
0.14284594620410157
0.14374003428969487
0.14383464678552485
0.14437393801175571
0.14489430673882062
0.14435501551258972
0.14465777549924566
0.14530587109568102
0.14515449110235304
0.14507880110568908
0.14504095610735707
0.14523491172380854
0.1414125668922774
0.14570797420295842
0.14494634361152708
0.14548563483775798
0.14530114047088952
0.1448848454892376
0.14194239686892526
0.14198024186725727
0.14194239686892526
0.1417910168755973
0.1413037625220729
0.14131322377165592
0.14011164507461518
0.13990822820858073
0.1395818150979673
0.13970008071775478
0.14118549690228543
0.1409205819139615
0.14075027942146753
0.14085908379167203
0.140953696287502
0.14075501004625904
0.14038129068773064
0.13972846446650378
0.13957235384838432
0.13974265634087826
0.13998864883003623
0.13997918758045322
0.14192347436975927
0.14150244876331589
0.14159706125914584
0.14128484002290692
0.14146933438977538
0.14115711315353646
0.14049482568272662
0.14064620567605457
0.14072189567271856
0.140934773788336
0.14220258123245771
0.14197078061767426
0.14206066248871274
0.1417910168755973
0.1419092824953848
0.14212689123579372
0.1427324112091056
0.14223569560599822
0.14220731185724922
0.14388195303343984
0.1440475249011423
0.14391033678218884
0.14392452865656333
0.1440144105276018
0.14824831971599334
0.1484801203307768
0.14895318280992667
0.1492559427965826
0.14822939721682735
0.14832874033744883
0.14795975160371191
0.14634187792501926
0.14644595167043226
0.1462709185531468
0.14596815856649087
0.1458498929467034
0.14655475604063672
0.14636553104897676
0.14557551670879645
0.14545252046421747
0.14673925040750518
0.14559443920796244
0.14569378232858393
0.1466966747843817
0.1466399072868837
0.1471791985131146
0.1480780172234994
0.1484517365820278
0.14823412784161885
0.14900048905784166
0.14949247403615756
0.1488159946909732
0.15029668025071238
0.15261468639854686
0.15275187451750033
0.15331008824289719
0.15364596260309363
0.154208906953282
0.15446909131681444
0.15525910565699474
0.1545826263118104
0.15666883184486144
0.15665463997048693
0.1567965587142319
0.1567208687175679
0.15526383628178625
0.15527329753136926
0.15304044262978175
0.1537074607253831
0.15366488510225962
0.15371692197496611
0.15382572634517058
0.15352769698330615
0.15436501757140145
0.1545778956870189
0.15445489944243992
0.15445489944243992
0.15566120876427217
0.1558788175046811
0.15591666250301311
0.15603965874759207
0.1559639687509281
0.15486646379930033
0.154237290702031
0.15432244194827796
0.1555192900205272
0.15562336376594016
0.15568013126343816
0.15578893563364263
0.1559734300005111
0.15624307561362652
0.15612007936904757
0.15563755564031467
0.15566120876427217
0.15578893563364263
0.15577947438405965
0.15575109063531065
0.1559072012534301
0.15507461129012629
0.15524964440741176
0.1550698806653348
0.1554861756469867
0.15515030128679028
0.15605858124675806
0.15612954061863055
0.1563376881094565
0.15576528250968513
0.1559261237525961
0.15702362870422384
0.15695739995714286
0.15702362870422384
0.15836239552021805
0.1585185061383375
0.1585468898870865
0.1585563511366695
0.1580832886575196
0.15925648360581135
0.15918552423393886
0.1590152217414449
0.15893953174478093
0.15928013672976885
0.15890641737124042
0.15811640303106012
0.15829616677313707
0.1580974805318941
0.15819209302772408
0.15831981989709457
0.1567208687175679
0.15649852935236747
0.15660733372257193
0.16047225417722658
0.1604012948053541
0.1607182466663845
0.16082705103658898
0.16085543478533798
0.16136161163802837
0.16146568538344133
0.16141364851073486
0.16134268913886238
0.1615792203784373
0.16172113912218228
0.16098316165470844
0.16086962665971247
0.16090274103325297
0.15922809985706235
0.15885438049853393
0.15889222549686594
0.1589773767431129
0.15919498548352184
0.15914767923560688
0.15898683799269592
0.1590436054901939
0.15928959797935183
0.15933690422726682
0.15930378985372634
0.1563660718582055
0.15643230060528648
0.15605385062196658
0.15622888373925203
0.15624307561362652
0.1554388693990717
0.15536317940240774
0.1555382125196932
0.15521653003387126
0.15528748940574374
0.15523072190824577
0.15400549008724754
0.15408118008391153
0.15427513570036297
0.15173005956253655
0.15166856144024707
0.15173005956253655
0.15169694518899607
0.15129011145692714
0.15144622207504663
0.1515029895725446
0.15158814081879157
0.15172532893774504
0.15233557953584842
0.15221258329126944
0.15211797079543946
0.15207066454752446
