0.0
0.0
0.0
0.0
0.0
0.0
0.0
0.0
0.0
0.0
0.0
0.0
1.8922499165995704e-05
1.8922499165995704e-05
0.0
0.0
0.0
0.0009082799599677937
0.0010501987037127615
0.0030370611161423104
0.0030370611161423104
0.0030512529905168074
0.003003946742601818
0.003003946742601818
0.0
0.0007947449649718196
0.0007568999666398282
0.0016935636753566156
0.0016935636753566156
0.0018354824191015833
0.003197902359053274
0.0033114373540492482
0.001603681804318136
0.002937717995520833
0.010681750779204574
0.012536155697472153
0.016443651775250267
0.017323547986469068
0.019135377281613155
0.019878085373878487
0.021822372163184545
0.02312802460563825
0.02259819462899037
0.022924607739603794
0.02536561013201724
0.026169816346572058
0.026628686951347454
0.026794258819049916
0.029585327446034284
0.031676263603876806
0.029812397436026233
0.030200308668929143
0.031207931749518414
0.031690455478251306
0.033980077877336784
0.03651569276558021
0.04621347358815301
0.04945868219512127
0.05950179862747349
0.07083637562790492
0.07099721687081588
0.0709688331220669
0.07465872045943606
0.07569945791356582
0.07633809226041817
0.062098911638006404
0.06482848214270129
0.06535358149455767
0.06967737255398768
0.07340510488968884
0.07659354599915912
0.07686319161227455
0.07891155214699358
0.07898251151886607
0.07960695399134393
0.0806051158223502
0.08161746952773097
0.09177412095507917
0.09713391884384745
0.09853418378213114
0.09982091372541883
0.09930527562314545
0.10203484612784033
0.1000006774674958
0.10068661806226314
0.10095153305058709
0.10250790860699023
0.10201592362867434
0.10343511106612402
0.1048164535052417
0.10675600966975626
0.10701146340849721
0.10234233673928776
0.1026356354763607
0.10391763479485691
0.1048684903779482
0.10594234220561845
0.10668505029788378
0.10753183213556208
0.10927743268362519
0.10820831148074643
0.08816465423916549
0.08880801921080934
0.09067188537865992
0.09141932409571675
0.09272024591337895
0.09289527903066441
0.08966426229807065
0.09144770784446574
0.09198699907069662
0.09359541149980626
0.09587557264930874
0.09034547226804648
0.09237017967880803
0.09343930088168678
0.09299462215128589
0.09491525581663446
0.09521801580329038
0.0947544145737235
0.09717649446697094
0.09685481198114901
0.08373678943432249
0.08628186557214891
0.08627240432256592
0.0885478348472769
0.09104087411239684
0.09211472594006709
0.0929662384025369
0.0942529683458246
0.09473549207455749
0.09740829508175439
0.0947071083258085
0.09485375769434497
0.09663720324074006
0.09574311515514676
0.09613102638804967
0.09643378637470561
0.09680277510844253
0.09845376316067565
0.10096572492496157
0.10166112676931192
0.10186927426013788
0.1021720342467938
0.1038987122956909
0.10404063103943588
0.10314181232905108
0.10365271980653297
0.10513813599106363
0.10738991339181712
0.11032290076254646
0.11029451701379746
0.11198335006436258
0.11285378502599838
0.11473184306822345
0.1149494518086324
0.11690319984752146
0.1197936115951273
0.1215202896440244
0.12388560203977388
0.12564066383741998
0.13241491853884643
0.13469981031314043
0.13515395029312433
0.1351823340418733
0.1370367389601409
0.13810586016301965
0.13106669047326924
0.13323331662777577
0.13401386971837306
0.13445854844877397
0.13507352967166883
0.1352296402897883
0.13497891717583885
0.13555132277561022
0.13594396463330463
0.1378645982986532
0.13931216948485187
0.1406083606777226
0.13155394482679364
0.12742410938381507
0.12788771061338197
0.1281478949769144
0.12617522443885937
0.1269226631559162
0.12628875943385534
0.12548455321930052
0.1268990100319587
0.13244330228759543
0.1330630141352818
0.13204119918031804
0.1326514497784214
0.13465723469001692
0.13493161092792386
0.1360101933803856
0.1361189977505901
0.13622780212079458
0.13537155903353326
0.136525831482659
0.13752399331366527
0.1379071739217767
0.13856473076779505
0.13899048699902994
0.13932163073443488
0.13808220703906215
0.13721650270221786
0.1374483033170013
0.13682859146931495
0.136469063985161
0.13709350645763888
0.13633660649099905
0.1378787901730277
0.1382288564075986
0.13902360137257044
0.13957235384838432
0.13856946139258655
0.13807274578947915
0.13882964575611897
0.1395960069723418
0.13954397009963532
0.13979469321358476
0.14122334190061744
0.14144568126581789
0.1396858888433803
0.13909929136923443
0.1391844426154814
0.13935001448318388
0.1356648577706062
0.13537628965832477
0.13448693219752297
0.1343686665777355
0.13313870413194578
0.13369218723255114
0.13395237159608359
0.13443962594960798
0.13515395029312433
0.13490795780396636
0.13205539105469252
0.13228246104468447
0.13242911041322095
0.13367799535817665
0.13488903530480037
0.13291636476674532
0.13283121352049834
0.13269875602633638
0.13285486664445584
0.13372530160609164
0.134354474703361
0.13460519781731045
0.13427405408190551
0.13737734394512882
0.13718811895346886
0.13764225893345275
0.13733476832200534
0.13626091649433505
0.13536682840874176
0.13470927156272341
0.13450585469668896
0.13443489532481648
0.13408482909024555
0.1333752353715207
0.13358811348713817
0.1352438321641628
0.13670086459994446
0.13687116709243843
0.13660625210411448
0.1370083552113919
0.1361237283753816
0.13689482021639593
0.1374435726922098
0.13710296770722188
0.13647852523474402
0.13676709334702544
0.136525831482659
0.13680966897014893
0.13661098272890598
0.13473765531147242
0.13427878470669702
0.13365434223421915
0.13249060853551042
0.13403752284233056
0.13372530160609164
0.13552293902686124
0.13454843031981245
0.13590138901018115
0.1356317433970657
0.1352438321641628
0.1352911384120778
0.13535736715915878
0.1343592053281525
0.13287851976841333
0.13279809914695784
0.13275079289904287
0.13355972973838917
0.1338956040985856
0.13398075534483259
0.13496945592625587
0.1347707696850129
0.1348795740552174
0.1348511903064684
0.13425986220753103
0.13496945592625587
0.13481807593292788
0.13484172905688538
0.1325757597817574
0.13201754605636054
0.13072608548828132
0.13033817425537841
0.13001649176955649
0.1299408017728925
0.13074500798744731
0.1317195166944961
0.13191820293573905
0.13105722922368623
0.13159178982512562
0.13228246104468447
0.13222569354718647
0.13205539105469252
0.13194658668448805
0.13182359043990907
0.12934947367395513
0.12920282430541866
0.1295386986656151
0.13142148733263168
0.13094369422869026
0.1299691855216415
0.12966642553498556
0.1295860049135301
0.12973265428206654
0.12985565052664552
0.12873922307585178
0.12986038115143703
0.12985091990185402
0.12996445489685
0.12967588678456857
0.12874868432543476
0.1285925737073153
0.12788297998859047
0.12797759248442045
0.12796813123483744
0.12797286185962894
0.1276653712481815
0.12786405748942448
0.12783094311588397
0.12760860375068353
0.1277410612448455
0.1277410612448455
0.12701727565174617
0.12698889190299717
0.12700308377737166
0.1268233200352947
0.12659151942051125
0.12670032379071575
0.12656313567176228
0.12654894379738776
0.1260096525711569
0.12608061194302939
0.1259812688224079
0.12663409504363476
0.12652529067343027
0.1259623463232419
0.12558862696471348
0.1250824501120231
0.12470873075349469
0.12442016264121325
0.12431135827100878
0.12387141016539938
0.12366326267457342
0.1241930926512213
0.12249479835107319
0.12178047400755686
0.12170478401089287
0.12134998715153045
0.12121279903257698
0.12117022340945349
0.11954288848117786
0.11824196666351565
0.11923539786973043
0.11824196666351565
0.11684170172523198
0.11598545863797066
0.11594288301484718
0.11590503801651518
0.11536101616549281
0.11465615307155946
0.114547348701355
0.11499202743175589
0.11516232992424985
0.11431554808657154
0.11413578434449459
0.11361068499263821
0.11388979185533664
0.11414051496928608
0.11370529748846818
0.11388979185533664
0.11315181438786281
0.11277809502933439
0.11361068499263821
0.11345930499931024
0.11228137942622701
0.11199281131394558
0.11111291510272678
0.11093788198544131
0.11046481950629142
0.11136363821667622
0.11108453135397778
0.11084326948961133
0.11076757949294735
0.10988295265693705
0.10959911516944712
0.1092821633084167
0.10932000830674868
0.1088327539532243
0.10939569830341267
0.10862933708718985
0.1083454995996999
0.10825561772866142
0.10769740400326455
0.10709661465474418
0.10683643029121175
0.10630660031456386
0.10583353783541398
0.1048353760044077
0.10472657163420322
0.10460357538962425
0.10448057914504529
0.10373787105277994
0.10399332479152089
0.10340672731737502
0.10349660918841351
0.10405009228901888
0.10407847603776788
0.10353445418674549
0.10334995981987703
0.10251736985657323
0.10141986490494548
0.10123537053807702
0.10015678808561526
0.10012367371207477
0.09945665561647342
0.09840172628796916
0.09786243506173828
0.09788608818569577
0.09657570511845058
0.09574784577993826
0.09552550641473781
0.09492944769100894
0.09417727834916062
0.09323588401565233
0.09328319026356732
0.09260198029359147
0.09313181027023935
0.09305612027357538
0.09307504277274137
0.09301827527524338
0.09300881402566039
0.09262563341754897
0.09246952279942951
0.09233706530526754
0.0920816115665266
0.09217149343756507
0.09152339784112973
0.09112129473385232
0.09138620972217626
0.09140040159655075
0.09143824659488274
0.09098410661489885
0.09069080787782591
0.09062930975553643
0.09056308100845543
0.08970210729640264
0.08954599667828317
0.0889972442024693
0.08838699360436593
0.08828291985895295
0.08834441798124244
0.0885147204737364
0.08855729609685989
0.08599329745986747
0.08562903935092206
0.08520801374447866
0.08502825000240169
0.08479644938761825
0.08548712060717709
0.08534520186343213
0.08564796185008805
0.08514178499739768
0.08477279626366076
0.08445111377783883
0.08429500315971936
0.08429973378451086
0.08442273002908983
0.08421931316305538
0.08379355693182047
0.08353810319307954
0.08356648694182853
0.08384086317973546
0.08427135003576187
0.08429973378451086
0.08427135003576187
0.08378882630702898
