0.0
0.0
0.0
4.257562312349033e-05
0.0003926418576944109
0.0003926418576944109
0.00043048685602640227
0.00043048685602640227
0.0006007893485203636
0.0006007893485203636
0.0005156381022733829
0.0005156381022733829
0.0006055199733118625
0.0007001324691418411
0.0006717487203928475
0.000766361216222826
0.0015421836820286498
0.0016178736786926326
0.0018165599199355875
0.0018922499165995705
0.002034168660344538
0.0020720136586765297
0.0022092017776299986
0.0022659692751279856
0.00242207989324745
0.002318006147834474
0.0024741167659539385
0.0027343011294863793
0.0031127511128062934
0.0032310167325937666
0.002119319906591519
0.009508555830912842
0.012228665086024723
0.014821047471766135
0.014064147505126308
0.020729597836348295
0.021652069670690586
0.021718298417771568
0.021349309684034652
0.018709621050378253
0.018738004799127246
0.018870462293289217
0.018870462293289217
0.01523734245341804
0.015568486188822965
0.015738788681316927
0.011774525106040826
0.011930635724160291
0.014097261878666799
0.014499364985944209
0.01660449301816123
0.017238396740222088
0.018558241057050288
0.018870462293289217
0.01914956915598765
0.019452329142643585
0.028672316861274992
0.026056281351576085
0.026765875070300923
0.026264428842402036
0.026846295691756405
0.027120671929663342
0.03937299013964556
0.04203160127246796
0.04787865351476063
0.04923634282992082
0.049619523438032234
0.05454883447077412
0.05342294577039737
0.05422715198495219
0.05515908506887748
0.057713622456286896
0.05047103590050204
0.051634769599210775
0.05228759582043763
0.054955668202843026
0.055211121941583965
0.055745682543023346
0.058385371176679746
0.059445031129975505
0.05941664738122651
0.06002689797932987
0.06051888295764576
0.060840565443467685
0.061829266024890965
0.06162584915885651
0.06195699289426143
0.050981943377983924
0.05034330903113157
0.04967629093553022
0.05318641453082242
0.0537588201305938
0.053952775747045253
0.05393858387267075
0.054066310742041226
0.05254304955917857
0.04542345924797269
0.049482335319078766
0.04993174467427117
0.04841794474099151
0.04749074228185772
0.0475948160272707
0.048105723504752576
0.04704133292666532
0.046506772325225945
0.047027141052290826
0.04727313354144877
0.04750966478102371
0.05115697649526939
0.05317695328123943
0.051866570213994226
0.05194699083544971
0.050896792131736944
0.048924121593681896
0.049851324052815685
0.053446598894354866
0.05492728445409403
0.056355933141126704
0.056540427507995164
0.05650731313445467
0.05673911374923812
0.057008759362353556
0.057193253729222016
0.04384816119240355
0.04587759922795658
0.04606209359482504
0.04636485358148097
0.04687576105896286
0.04717852104561879
0.04364947495116059
0.04665815231855391
0.04633646983273198
0.04785026976601164
0.048034764132880096
0.048451059114532
0.04967156031073872
0.04985605467760718
0.050102047166765126
0.05100086587714992
0.05113332337131189
0.05151177335463181
0.0502203127865526
0.05522058319116696
0.0541940376114117
0.05454883447077412
0.05439272385265465
0.054761712586391564
0.05528208131345645
0.05382504887767478
0.05406158011724973
0.05424607448411818
0.054019004494126235
0.05403792699329223
0.05591125441072581
0.05997013048183188
0.05730678872421799
0.060102587975993854
0.06040061733785829
0.06075068357242921
0.06571783960350308
0.0687312475956879
0.06971994817711118
0.07938461462614348
0.07427080922653313
0.07777147157224235
0.08046319707860523
0.08082745518755065
0.08120590517087056
0.08123428891961956
0.0810545251775426
0.08117752142212158
0.08023612708861329
0.08054361770006072
0.07718487409809648
0.07730787034267544
0.07898251151886607
0.07991444460279136
0.0797394114855059
0.08001851834820434
0.08064296082068219
0.08139039953773902
0.08141405266169652
0.0828474319735207
0.08347187444599855
0.08384086317973546
0.08353337256828804
0.08364690756328401
0.08675492805129881
0.08666031555546883
0.08654204993568135
0.08708607178670373
0.08757805676501962
0.08751655864273013
0.08834914860603395
0.08938988606016371
0.0890114360768438
0.08903035857600979
0.09032654976888049
0.09058200350762144
0.09050158288616596
0.09145243846925724
0.09123482972884829
0.09194915407236462
0.0920532278177776
0.0929756996521199
0.09371367711959372
0.0929425852785794
0.09537412642140984
0.09729002946196691
0.09740829508175439
0.09764009569653784
0.09700619197447698
0.09708661259593246
0.09790501068486178
0.09965534185771638
0.09839699566317767
0.0995370762379289
0.10021828620790475
0.09792866380881926
0.09811315817568772
0.09164166346091719
0.0929000096554559
0.09323115339086084
0.09350079900397627
0.09368529337084473
0.09407320460374764
0.09399751460708367
0.09444219333748456
0.09417254772436912
0.09547820016682282
0.09724272321405192
0.09764955694612083
0.09789554943527877
0.09831184441693068
0.09902616876044702
0.09892682563982554
0.09683115885719151
0.08467818376783078
0.08446057502742182
0.0845883018967923
0.08473968189012027
0.08178777202022493
0.08256359448603076
0.0849714825049037
0.08532627936426612
0.08667450742984333
0.08650420493734937
0.09026032102179951
0.09025085977221652
0.09115440910739281
0.0916605859600832
0.09243167780109751
0.09477806769768098
0.09436177271602908
0.09368529337084473
0.09415835584999463
0.09388871023687918
0.09524166892724788
0.09546400829244833
0.09641959450033111
0.09655678261928458
0.09679804448365102
0.09863352690275261
0.09900724626128102
0.09896940126294904
0.0991065893819025
0.0999864855931213
0.09978779935187834
0.09984456684937633
0.09913497313065149
0.09989187309729132
0.10068661806226314
0.10098464742412758
0.10109818241912355
0.10191658050805286
0.1022477242434578
0.10461303663920725
0.10533682223230659
0.10583826846020547
0.10545035722730256
0.1070587696564122
0.10709661465474418
0.10876652520614331
0.10895575019780326
0.10895101957301176
0.10896521144738626
0.10972211141402609
0.10992079765526905
0.1092206651861272
0.10862933708718985
0.10848741834344487
0.10868137395989633
0.10848741834344487
0.11052631762858091
0.11062093012441089
0.11070608137065786
0.11221515067914603
0.11246587379309547
0.11260779253684043
0.11256048628892544
0.11247533504267847
0.11259360066246593
0.1114062138397997
0.11094261261023282
0.11118860509939076
0.1109993801077308
0.11084800011440284
0.11089057573752632
0.11093788198544131
0.11110818447793527
0.11115549072585026
0.11029451701379746
0.11043643575754243
0.11042224388316793
0.110138406395678
0.10994445077922654
0.10994445077922654
0.10954707829674062
0.10897467269696925
0.10931527768195719
0.10849214896823636
0.10935785330508067
0.10943827392653616
0.10952342517278313
0.10939569830341267
0.10953288642236614
0.1096889970404856
0.1096700745413196
0.10986876078256255
0.11160490008104267
0.11155759383312767
0.11178939444791113
0.11169478195208114
0.11159070820666817
0.11163801445458316
0.11158597758187666
0.11169005132728964
0.11202119506269456
0.11075338761857285
0.11164747570416615
0.11175628007437063
0.11171843507603864
0.11184616194540911
0.11228137942622701
0.11237599192205698
0.11214892193206503
0.1122861100510185
0.1122861100510185
0.11251318004101046
0.11313289188869681
0.11314235313827982
0.11289163002433036
0.11292947502266236
0.11241383692038898
0.11251791066580195
0.1132180431349438
0.11328427188202478
0.1132038512605693
0.11239964504601448
0.112319224424559
0.11234287754851649
0.11377625686034067
0.11377625686034067
0.11348295812326774
0.11284432377641539
0.11400805747512412
0.11372421998763418
0.1136769137397192
0.11357283999430622
0.11257940878809145
0.11223407317831202
0.112300301925393
0.11180831694707712
0.11176574132395363
0.11182250882145162
0.11123118072251424
0.11088584511273483
0.1110466863556458
0.11123591134730575
0.1109804576085648
0.11185562319499211
0.11287270752516437
0.11296732002099436
0.11295785877141136
0.11303827939286684
0.11296732002099436
0.11209688505935855
0.112347608173308
0.11230503255018451
0.11239018379643148
0.11260306191204894
0.11898467475578099
0.1189184460087
0.11932527974076891
0.11933947161514341
0.12220149961400026
0.12191293150171882
0.12179939650672285
0.12196023774963381
0.1220264664967148
0.12143513839777743
0.12141621589861143
0.12130741152840696
0.12125064403090897
0.12053158906260114
0.12114183966070449
0.12117022340945349
0.12091476967071255
0.12102830466570852
0.11998283658678727
0.12043697656677116
0.12029978844781769
0.11997810596199576
0.12125064403090897
0.12164801651339488
0.12193185400088481
0.12223461398754075
0.12223934461233225
0.12216365461566826
0.12219203836441726
0.12222515273795775
0.12132160340278146
0.12122226028215997
0.12082488779967407
0.12080123467571657
0.12091003904592106
0.12045589906593715
0.1202430209503197
0.1198409178430423
0.11811423979414519
0.11748979732166732
0.11725326608209238
0.11704984921605793
0.11703565734168343
0.11699781234335144
0.11658624798649103
0.11655786423774203
0.11641594549399707
0.11642067611878856
0.11642540674358007
0.11634498612212459
0.11640175361962257
0.11620306737837961
0.11830346478580514
0.11831765666017964
0.11840280790642661
0.1193678553638924
0.11937731661347539
0.11968007660013133
0.12059308718489062
0.12057889531051613
0.1206735078063461
0.11996864471241277
0.11942462286139038
0.121108725287164
0.12072081405426109
0.12047955218989465
0.12041332344281366
0.12038967031885617
0.11999229783637026
0.11983618721825079
0.11912659349952595
0.11923066724493893
0.11912659349952595
0.11913605474910895
0.1193536634895179
0.11939150848784989
0.11943881473576488
0.11922120599535593
0.11930635724160292
0.11927324286806242
0.11924485911931343
0.11862987789641857
0.11868191476912505
0.11839334665684362
0.11780201855790626
0.11769321418770178
0.11775471230999127
0.11784932480582125
0.1176127935662463
0.11747087482250133
0.1171491923366794
0.11727691920604988
0.11686535484918947
0.11737626232667135
0.11665720735836352
0.11619360612879662
0.11548401241007178
0.11488795368634291
0.11475549619218095
0.11477441869134694
0.11467980619551696
0.11434866246011204
0.11434393183532054
0.11429662558740555
0.11420674371636708
0.11420201309157557
0.11412159247012009
0.11334577000431427
0.11352553374639122
