0.0
0.0
0.0
0.0
0.0
0.0
0.0
0.0
0.0
0.0
0.0
0.0
9.461249582997852e-05
9.461249582997852e-05
0.001206309321832226
0.001603681804318136
0.001603681804318136
0.0020578217843020326
0.0020578217843020326
0.0024741167659539385
0.0025687292617839167
0.0025687292617839167
0.0030228692417678137
0.0032120942334277706
0.003505392970500704
0.00448936292713248
0.004697510417958434
0.005208417895440317
0.0031742492350957793
0.002483578015536936
0.002483578015536936
0.002942448620312332
0.003264131106134259
0.003368204851547235
0.0035385073440411968
0.004792122913788412
0.007304084678074342
0.01118319700710346
0.011547455116048879
0.011637336987087358
0.010937204517945517
0.01079055514940905
0.010606060782540592
0.011798178229998322
0.01198267259686678
0.01251250257351466
0.012436812576850677
0.013955343134921831
0.014764279974268149
0.014646014354480675
0.014646014354480675
0.014721704351144657
0.01510961558404757
0.015573216813614465
0.016140891788594337
0.016230773659632814
0.016703836138782707
0.01665652989086772
0.017635769222707997
0.015388722446746007
0.019452329142643585
0.014466250612403716
0.02392276957061007
0.0453714223752662
0.04629389420960849
0.04421241930134896
0.047637391650394184
0.04792595976267562
0.04981347905448369
0.049652637811572725
0.004352174808179012
0.004645473545251945
0.004248101062766035
0.004763739165039418
0.004877274160035393
0.005884897240624664
0.00598897098603764
0.007294623428491344
0.007871759653054212
0.008070445894297168
0.008349552756995605
0.010360068293382648
0.010118806429016202
0.009759278944862284
0.009409212710291364
0.009948503936522241
0.011566377615214875
0.011443381370635903
0.018217636072062365
0.01972197475575902
0.02149595905257112
0.02784445752276268
0.027768767526098696
0.028828427479394455
0.029812397436026233
0.03263658043655109
0.03155326735929784
0.031657341104710815
0.03332725165610993
0.033928041004630295
0.03396115537817079
0.03445787098127818
0.02939137182958283
0.031425540489927364
0.03202632983844773
0.03245681669447413
0.03373881601297034
0.034987700957926055
0.03625550840204777
0.037168518986807064
0.03714013523805807
0.037234747733888046
0.037154327112432564
0.038682318920086715
0.037991647700527875
0.038076798946774855
0.03979874637088046
0.03942975763714355
0.03997851011295742
0.022498851508368892
0.023161138979178743
0.024211337682891503
0.026671262574470944
0.027683616279851716
0.028714892484398482
0.028998729971888418
0.029907009931856212
0.031690455478251306
0.03187021922032827
0.0356878334270679
0.03560268218082092
0.036141973407051796
0.042745925615984295
0.045163274884440247
0.05633228001716921
0.057325711223383986
0.05776092870420189
0.059326765510188034
0.059492337377890496
0.06214621788592139
0.062354365376747344
0.06452099153125385
0.06930838382025077
0.06944084131441274
0.06949287818711922
0.06983821379689864
0.07419511922986916
0.07318276552448838
0.07408631485966469
0.08245479011582628
0.08560538622696456
0.08684954054712879
0.08743613802127465
0.08762536301293461
0.07233598368681007
0.0731307286517819
0.07462560608589555
0.07567580478960832
0.07584610728210228
0.07626240226375419
0.07673546474290407
0.0779654271886938
0.07816884405472825
0.07835333842159671
0.08035439270840075
0.07724164159559446
0.0806240383215162
0.0814897426583605
0.0828143175999802
0.08459303252158379
0.0845599181480433
0.0859176074632035
0.08394966754993995
0.08174046577230994
0.08134309328982403
0.08161273890293948
0.0823412551208303
0.07940826775010097
0.08046792770339674
0.08024085771340478
0.08035439270840075
0.08212364638042136
0.0814424364104455
0.08086530018588264
0.08122009704524506
0.08162220015252247
0.08162220015252247
0.08090787580900613
0.08100248830483611
0.0823365244960388
0.08213783825479586
0.08280485635039721
0.08290893009581017
0.08350498881953904
0.08386924692848446
0.08594126058716099
0.08651839681172385
0.08817884611353997
0.08830657298291045
0.08892155420580532
0.08938988606016371
0.08903035857600979
0.09237017967880803
0.09260671091838298
0.09263509466713198
0.09377517524188321
0.09499094581329844
0.09456518958206353
0.09392182461041967
0.09344403150647829
0.0929236627794134
0.09264928654150646
0.09060092600678743
0.09070499975220041
0.09183561907736865
0.0933872640089803
0.09327845963877582
0.09188765595007514
0.09149028346758922
0.09290474028024741
0.09237017967880803
0.09312234902065636
0.09342037838252079
0.09408266585333064
0.09413470272603713
0.09361433399897225
0.09478752894726399
0.09490579456705145
0.09541670204453334
0.09324061464044384
0.0934014558833548
0.09376098336750871
0.0938461346137557
0.09393128586000267
0.0942955439689481
0.09477806769768098
0.09415835584999463
0.09408739647812214
0.09324061464044384
0.09336834150981431
0.09362379524855524
0.09367583212126174
0.09703930634801747
0.0955822739122358
0.09291893215462191
0.09388397961208769
0.09463614895393602
0.09408739647812214
0.09446111583665055
0.09574311515514676
0.09711026571988995
0.09713864946863894
0.09739410320737989
0.10003852246582778
0.10016151871040677
0.09966953373209088
0.09974522372875486
0.09948976999001391
0.0999344487204148
0.10072446306059513
0.10126848491161751
0.10152393865035846
0.09886532751753606
0.09964114998334188
0.10096572492496157
0.10318438795217458
0.10149082427681796
0.09888898064149355
0.09898832376211503
0.10034601307727523
0.10093261055142108
0.10121644803891103
0.10148609365202646
0.09959857436021839
0.09959857436021839
0.10065350368872265
0.10036493557644122
0.10009055933853428
0.10033182120290073
0.09453680583331454
0.09446584646144206
0.09373733024355121
0.0938177508650067
0.0942766214697821
0.09607898951534319
0.09609791201450918
0.09682169760760852
0.09672708511177854
0.06725529266074023
0.06752020764906418
0.06700930017158228
0.06808315199925255
0.06833860573799348
0.06820141761904001
0.06819668699424852
0.06839064261069998
0.06933203694420825
0.06838591198590847
0.06898197070963734
0.06751547702427267
0.06787027388363509
0.06721271703761673
0.06835279761236798
0.06919484882525478
0.06978617692419216
0.06923269382358678
0.06892047258734785
0.06886370508984986
0.0682345319925805
0.06829129949007849
0.06863190447506642
0.06897250946005434
0.06859879010152592
0.06875963134443688
0.06864136572464942
0.06863663509985791
0.06858459822715143
0.06880220696756038
0.06908131383025881
0.07062822813707896
0.07071337938332595
0.07124320935997383
0.07116751936330984
0.07191495808036667
0.07120536436164183
0.07171154121433222
0.07274281741887899
0.07279012366679398
0.072695511170964
0.07031127627604854
0.06947395568795323
0.07031127627604854
0.07121955623601633
0.07067553438499395
0.07097829437164989
0.07083637562790492
0.07057619126437248
0.07052415439166598
0.07077960813040693
0.07024977815375905
0.07127159310872282
0.07130943810705481
0.07063295876187047
0.07062349751228747
0.07012205128438859
0.07053834626604048
0.07063768938666197
0.07036331314875502
0.07068972625936845
0.0713425524805953
0.07196699495307317
0.07143243435163378
0.07121955623601633
0.07156962247058725
0.07146554872517427
0.07162165934329374
0.07252520867847004
0.07280431554116847
0.072686049921381
0.07300773240720293
0.07375517112425975
0.07451207109089958
0.07463033671068706
0.07457356921318907
0.07477698607922352
0.07539669792690988
0.07522166480962442
0.07554334729544634
0.07601640977459624
0.07735517659059044
0.07904400964115556
0.07949341899634796
0.08047265832818823
0.08171208202356095
0.08228448762333232
0.0824027532431198
0.08250209636374127
0.08258251698519675
0.08293258321976767
0.08286635447268668
0.08219460575229384
0.08245952074061778
0.08276228072727371
0.08296096696851667
0.08299881196684866
0.08358540944099452
0.08380774880619497
0.08555334935425808
0.0854681981080111
0.08586083996570551
0.08642378431589388
0.08668869930421783
0.08775308988230508
0.08778620425584557
0.08687792429587778
0.08697726741649925
0.08688738554546077
0.08707187991232923
0.08649474368776636
0.08510867062385717
0.08552969623030059
0.08560538622696456
0.08538777748655561
0.0859081462136205
0.08668396867942632
0.08763955488730911
0.08751655864273013
0.08654678056047285
0.0854066999857216
0.08372732818473949
0.08374152005911399
0.0841152394176424
0.08406320254493592
0.08541143061051311
0.08453153439929431
0.08382194068056947
0.0845646487728348
0.08479644938761825
0.0850140581280272
0.08498094375448671
0.08445584440263032
0.08424296628701287
0.08444165252825583
0.08482010251157575
0.08450315065054531
0.08464980001908179
0.0841388925415999
0.08434704003242585
0.08434230940763435
0.0832589963303811
0.08381247943098648
0.08611156307965495
0.08566215372446255
0.08618725307631893
0.0850140581280272
0.08564796185008805
0.08568580684842005
0.08556754122863257
0.08519382187010416
0.08512759312302318
0.08508501749989969
0.0850187887528187
0.08576622746987553
0.08552023498071759
0.08567161497404555
0.08557700247821558
0.08605006495736546
0.08655624181005585
0.08671708305296681
0.08636228619360439
0.08738410114856816
0.08751182801793864
0.08733679490065317
0.08775782050709657
0.08722799053044869
0.08821669111187197
0.08826399735978696
0.08780985737980307
0.08789027800125855
0.08568580684842005
0.08546346748321959
0.08530735686510013
0.08484848626032473
0.08474441251491176
0.08477752688845225
0.08482483313636724
0.08469710626699677
0.0845835712720008
0.08484848626032473
0.08493836813136321
0.08525058936760214
0.0854303531096791
0.08528370374114264
0.08516070749656367
0.08511813187344018
0.08541143061051311
0.0854965818567601
0.08534520186343213
0.08551550435592609
0.0854303531096791
0.08546346748321959
0.08524585874281064
0.08529316499072563
0.08546346748321959
0.0854587368584281
0.0850235193776102
0.0850613643759422
0.08512759312302318
0.08497621312969521
0.08480591063720125
0.08460722439595829
0.08444638315304732
0.0845599181480433
0.08474441251491176
0.08525531999239365
0.08555807997904957
0.08662720118192833
0.08622982869944243
0.08626294307298292
0.08690157741983527
