0.0
0.0
0.0
0.0
0.0
0.0
0.0
0.0
0.0
0.0
2.8383748748993554e-05
2.8383748748993554e-05
2.8383748748993554e-05
2.8383748748993554e-05
2.8383748748993554e-05
2.8383748748993554e-05
2.8383748748993554e-05
0.0
0.0
0.0
0.0
0.0
0.0
0.0
0.0
0.00013245749416196994
0.00018922499165995705
0.0004162949816519055
0.00048252372873289044
0.0007474387170568303
0.0007190549683078368
0.0007758224658058238
0.000832589963303811
0.0007758224658058238
0.0007758224658058238
0.0007758224658058238
0.0008420512128868088
0.0011069662012107486
0.002043629909927536
0.002119319906591519
0.002242316151170491
0.0023889655197069574
0.0019395561645145596
0.0019584786636805554
0.0021571649049235103
0.0025876517609499127
0.003306706729257749
0.0032877842300917536
0.00427175418672353
0.004399481056094001
0.0044373260544259925
0.004607628546919954
0.0059747791116631435
0.006022085359578133
0.006041007858744129
0.00607885285707612
0.00607885285707612
0.006812099699758454
0.006887789696422436
0.00845835712720008
0.008429973378451087
0.008491471500740573
0.00920106521946541
0.009219987718631407
0.00973562582090479
0.009357175837584875
0.009357175837584875
0.009626821450700315
0.009816046442360272
0.012337469456229199
0.012044170719156266
0.01242262070247618
0.012313816332271705
0.012436812576850677
0.013827616265551361
0.013945881885338834
0.013553240027644423
0.013453896907022946
0.014035763756377313
0.014598708106565685
0.015303571200499026
0.015331954949248019
0.018903576666829708
0.019196875403902643
0.020204498484491913
0.021874409035891034
0.022271781518376943
0.02184602528714204
0.022177169022546964
0.022390047138164417
0.022371124638998423
0.02254615775628388
0.02277322774627583
0.023757197702907608
0.02409780268789553
0.024107263937478526
0.024353256426636473
0.0246654776628754
0.024693861411624395
0.024504636419964438
0.025091233894110304
0.024958776399948333
0.02523788326264677
0.02602316697803559
0.025952207606163107
0.02545076137826422
0.02585759511033313
0.02616508572178056
0.026131971348240066
0.02607520385074208
0.026406347586147006
0.02637323321260651
0.026690185073636942
0.026808450693424413
0.026491498832393986
0.026978753185918376
0.026590841953015462
0.026543535705100475
0.026713838197594434
0.026742221946343427
0.02713959442882934
0.02739031754277878
0.028776390606687966
0.02915957121479938
0.028837888728977454
0.029367718705625333
0.02964209494353227
0.028960884973556426
0.028899386851266938
0.028554051241487518
0.028705431234815483
0.028601357489402505
0.03122685424868441
0.03134511986847188
0.03206417483677972
0.03175668422533229
0.031595842982421324
0.031387695491595376
0.029448139327080815
0.0295190986989533
0.029571135571659787
0.03021923116809514
0.03160057360721283
0.019755089129299516
0.019830779125963496
0.020540372844688338
0.020904630953633756
0.02093301470238275
0.02132092593528566
0.021481767178196623
0.021600032797984097
0.02162368592194159
0.022541427131492382
0.022238667144836452
0.022162977148172468
0.022560349630658377
0.02276849712148433
0.022759035871901333
0.023492282714583666
0.02441002392413446
0.024386370800176964
0.023374017094796192
0.023336172096464203
0.021864947786308035
0.021789257789644054
0.02197375215651251
0.022834725868565317
0.02299556711147628
0.02382342644998859
0.0246654776628754
0.024646555163709404
0.024566134542253922
0.024641824538917907
0.024816857656203367
0.024831049530577864
0.025569026998051695
0.025436569503889724
0.0255501044988857
0.026718568822385935
0.027423431916319276
0.027229476299867817
0.027300435671740304
0.027820804398805184
0.0290696893437609
0.02898926872230542
0.02937717995520833
0.029325143082501844
0.02839794062336805
0.028743276233147475
0.029008191221471413
0.029221069337088866
0.030626064900164045
0.03078690614307501
0.030417917409338094
0.029358257456042335
0.029268375585003854
0.029192685588339873
0.028658124986900495
0.02872908435877298
0.02871016185960698
0.029083881218135398
0.027513313787357753
0.027295705046948802
0.027508583162566255
0.028123564385461115
0.028520936867947023
0.028610818738985504
0.025975860730120603
0.026500960081976985
0.02651042133155998
0.026401616961355505
0.02637323321260651
0.026377963837398013
0.02625969821761054
0.027210553800701823
0.028724353733981477
0.0286297412381515
0.028856811228143448
0.029187954963548375
0.029083881218135398
0.029344065581667838
0.029760360563319745
0.030290190539967624
0.02985970368394122
0.03056456677787456
0.030555105528291562
0.031255237997433405
0.032314897950729164
0.03234328169947816
0.032130403583860705
0.03319479416194796
0.033894926631089804
0.03385235100796632
0.03457140597627415
0.03466128784731263
0.03502554595625805
0.0356878334270679
0.0356831028022764
0.03561214343040391
0.03636904339704374
0.036179818405383785
0.03629808402517126
0.03722055585951355
0.03723001710909655
0.03789703520469789
0.037892304579906395
0.03781188395845091
0.03799637832531937
0.037873382080740405
0.03860662892342274
0.0370124083686876
0.03686575900015113
0.03697456337035561
0.037688887713871945
0.038161950193021835
0.03776457771053593
0.03791595770386389
0.037859190206365904
0.038526208301967256
0.038611359548214236
0.03879112329029119
0.03837482830863929
0.03916011202402811
0.039283108268607085
0.03956694575609702
0.039718325749424986
0.03942975763714355
0.03929730014298158
0.039302030767773076
0.03997851011295742
0.03952910075776503
0.039306761392564574
0.03927364701902408
0.0391979570223601
0.03945814138589254
0.039320953266939074
0.038918850159661664
0.03906549952819813
0.039037115779449134
0.039689942000675986
0.04022450260211537
0.04047049509127331
0.03997851011295742
0.03996904886337443
0.04035696009627734
0.04016300447982588
0.04016300447982588
0.04018192697899188
0.04072121820522275
0.04066918133251627
0.04039007446981783
0.040446841967315815
0.040290731349196356
0.040579299461477786
0.04045157259210732
0.04122266443312164
0.041199011309164146
0.04188495190393149
0.042088368769965946
0.04243843500453687
0.04253777812515834
0.04253777812515834
0.042514125001200845
0.04254723937474134
0.044061039308020994
0.04377720182053106
0.044108345555935985
0.04409888430635299
0.044997703016737785
0.04506393176381877
0.044898359896116305
0.04498824176715479
0.04422188055093196
0.04431176242197044
0.044694943030081855
0.04434960742030243
0.0444820649144644
0.04460506115904337
0.044694943030081855
0.04390019806511004
0.04394750431302502
0.04332306184054716
0.043233179969508685
0.04351228683220712
0.04345551933470913
0.04373935682219907
0.04407996180718699
0.0436305524519946
0.04372516494782457
0.04396169618739952
0.04334671496450466
0.043602168703245604
0.04320479622075969
0.043148028723261705
0.04321425747034269
0.04384816119240355
0.04325683309346618
0.04332306184054716
0.04325683309346618
0.04286892186056327
0.04300610997951674
0.0431764124720107
0.043271024967840674
0.0431622205976362
0.04282634623743978
0.043114914349721215
0.04259927624744783
0.042428973754953865
0.0422917856360004
0.04255670062432434
0.043048685602640226
0.04280742373827378
0.042783770614316284
0.042968264981184744
0.04290676685889526
0.04332779246533866
0.04246681875328586
0.0427222724920268
0.04307706935138922
0.043417674336377145
0.04373462619740757
0.04372516494782457
0.04386708369156954
0.04378193244532256
0.04399481056094001
0.040981402568755196
0.04076852445313774
0.040986133193546694
0.040413727593775324
0.040645528208558775
0.04068337320689076
0.04062187508460128
0.040593491335852286
0.040560376962311795
0.04057456883668629
0.040584030086269283
0.04092936569604871
0.040934096320840205
0.04085367569938472
0.04088679007292522
0.040848945074593225
0.04075906320355475
0.04102397819187869
0.04082529195063573
0.04100978631750419
0.04102870881667019
0.0409577494447977
0.04074960195397175
0.04065972008293327
0.040593491335852286
0.04025288635086436
0.04012989010628539
0.03997851011295742
0.040021085736080916
0.04018665760378338
0.03999743261212342
0.03995485698899993
0.03991228136587644
0.039723056374216484
0.03982713011962946
0.0400778532335789
0.040058930734412905
0.03994539573941693
0.03968048075109299
0.03946760263547554
0.03906549952819813
0.03897561765715965
0.04022450260211537
0.0400636613592044
0.04004946948482991
0.0401015063575364
0.03968048075109299
0.039855513868378455
0.03979874637088046
0.03974670949817398
0.03993120386504243
0.03972778699900798
0.0405225319639798
0.04016300447982588
0.040513070714396804
0.040716487580431254
0.04122739505791314
0.041288893180202624
0.04149231004623708
0.04118008880999815
0.04102870881667019
0.041369313801658106
0.04142608129915609
0.04126997068103663
0.041080745689376676
0.04117062756041515
0.04104763131583618
0.04104763131583618
0.04156326941810956
0.041620036915607554
0.041705188161854534
0.04176195565935252
0.041941719401429475
0.04188022127913999
0.04131254630416012
0.04134566067770061
0.0414166200495731
0.041388236300824104
0.04146392629748809
0.04114697443645766
0.04039953571940083
0.04043265009294132
0.04039007446981783
0.03985078324358695
0.039756170747756975
0.0400873144831619
0.03988389761712745
0.03955275388172252
0.03939191263881156
0.03924526327027509
0.03904184640424064
0.038999270781117146
0.038966156407576655
0.038833698913414684
0.03878639266549969
0.03871070266883571
0.03850255517800976
0.03845524893009477
0.03836536705905629
0.038441057055720276
0.03854513080113325
0.03862555142258873
0.03855932267550775
0.038426865181345776
0.03819979519135383
0.03815248894343884
0.0378686514559489
0.03783080645761691
0.03779769208407642
0.037740924586578434
0.03740978085117351
0.03719690273555606
0.03738139710242451
0.037457087099088494
0.03725840085784554
0.037272592732220035
0.037319898980135026
0.03678060775390415
0.03660084401182719
0.036463655892873724
0.03665761150932518
0.0365535377639122
0.03643527214412473
0.03620820215413278
0.03608520590955381
0.0360993977839283
0.03603316903684732
0.035995324038515325
0.03559795155602942
0.03544184093790995
0.035337767192496976
0.03538507344041197
0.03538507344041197
0.03582975217081286
0.035744600924565884
