0.0
0.0
0.0
0.0
0.0
0.0
0.0
0.0
0.0
0.0
0.0
0.00030275998665593127
0.0003879112329029119
0.0003879112329029119
0.00040683373206890766
0.0007521693418483293
0.0008467818376783078
0.0008467818376783078
0.001017084330172269
0.0029187954963548375
0.0028052605013588632
0.0028052605013588632
0.0028052605013588632
0.002890411747605844
0.002937717995520833
0.0031032898632232953
0.00876111711385601
0.01097504951627751
0.011017625139400999
0.011088584511273482
0.0032120942334277706
0.0032404779821767643
0.003997377948816593
0.004196064190059547
0.0043663666825535085
0.005118536024401838
0.0063390372206085606
0.0054780635085557566
0.004773200414622416
0.0061261591049911095
0.006296461597485071
0.006585029709766505
0.0070580921889163975
0.006731679078302972
0.007299354053282843
0.007531154668066291
0.0076446896630622645
0.011400805747512411
0.011608953238338365
0.012678074441217121
0.012815262560170591
0.015270456826958533
0.026548266329891972
0.026884140690088397
0.02770253877901771
0.028123564385461115
0.02893723184959893
0.02938191057999983
0.029400833079165824
0.0299543161797712
0.02880477435543696
0.02809518063671212
0.031070743630564945
0.03151542236096584
0.031591112357629826
0.03181818234762178
0.0312836217461824
0.03234328169947816
0.03026653741601013
0.031775606724498286
0.03275484605633856
0.024779012657871375
0.028714892484398482
0.028511475618364028
0.029935393680605205
0.023047603984182766
0.023690968955826622
0.02484524140495236
0.025611602621175185
0.0255548351236772
0.02374300582853311
0.026212391969695548
0.026586111328223964
0.026718568822385935
0.03286365042654304
0.03295826292237302
0.03263658043655109
0.032664964185300085
0.029840781184775227
0.03114643362722893
0.033289406657777944
0.03341240290235691
0.03496404783396856
0.03561214343040391
0.036042630286430316
0.036326467773920255
0.03601424653768132
0.03554591468332293
0.0360993977839283
0.03802003144927687
0.03141134861555287
0.0321351342086522
0.033639472892348865
0.033204255411530964
0.03444367910690368
0.03505866032979854
0.035219501572709505
0.035910172792268345
0.035389804065203465
0.03549860843540794
0.035791907172480875
0.03638323527141824
0.0369982164943131
0.03766996521470595
0.03948179450985004
0.04005420010962141
0.04035696009627734
0.03992174261545944
0.04022450260211537
0.036799530253070145
0.036227124653298776
0.03641634964495873
0.03647311714245672
0.03759900584283346
0.03794907207740438
0.039018193280283144
0.0387722007911252
0.038393750807805285
0.0396284438783865
0.0391932263975686
0.03956221513130552
0.03981766887004646
0.04013935135586839
0.04018665760378338
0.040408996968983826
0.040191388228574876
0.04005420010962141
0.038209256440936826
0.04011569823191089
0.03939664326360306
0.03966155825192699
0.03999270198733192
0.039841321994003955
0.04012989010628539
0.04005420010962141
0.040158273855034385
0.04074960195397175
0.041350391302492115
0.041672073788314036
0.04197010315017847
0.04379612431969706
0.04370151182386708
0.04411307618072748
0.04451517928800489
0.044931474269656796
0.04514435238527425
0.044865245522575814
0.04508758488777626
0.04479428615070333
0.044983511142363285
0.045551186117343156
0.0462465879616935
0.045887060477539585
0.04602424859649305
0.03941083513797755
0.03993593448983394
0.040011624486497914
0.040981402568755196
0.04033803759711134
0.041213203183538646
0.040560376962311795
0.04038061322023483
0.04063606695897577
0.04074960195397175
0.04162949816519055
0.042074176895591446
0.0423059775103749
0.0440279249344805
0.04394277368823352
0.04421241930134896
0.04480374740028633
0.040815830701052734
0.042916228108478255
0.0431716818472192
0.03845997955488627
0.03870124141925271
0.03915538139923661
0.03937299013964556
0.04169572691227153
0.04197483377496997
0.04172884128581203
0.042646582495362816
0.04309599185055522
0.04440637491780042
0.045168005509231744
0.04563160673879864
0.04567418236192213
0.04592490547587157
0.04611886109232303
0.04645000482772795
0.03927837764381558
0.03968521137588449
0.0400778532335789
0.04025288635086436
0.040896251322508216
0.041350391302492115
0.04137877505124111
0.04142608129915609
0.04125577880666213
0.042088368769965946
0.04258508437307333
0.04236747563266438
0.045338308001725704
0.046057362970033544
0.04654934794834943
0.04664869106897091
0.047027141052290826
0.046251318586485
0.048522018486404486
0.04925999595387832
0.04986078530239868
0.05289784641854099
0.05294042204166448
0.05377301200496829
0.05489890070534504
0.055026627574715506
0.055059741948256
0.05515435444408598
0.055343579435745936
0.05580245004052133
0.0559254462851003
0.05578825816614683
0.05538615505886942
0.05554699630178039
0.05686210999381709
0.057231098727554004
0.05733517247296698
0.05728786622505199
0.057448707467962955
0.05800219056856833
0.05819614618501979
0.06108182730783413
0.0629409628508932
0.0630024609731827
0.06311126534338717
0.06400062280418897
0.06486632714103327
0.0651927402516467
0.0652400464995617
0.06598275459182702
0.06632809020160645
0.0673735582805277
0.06727894578469773
0.06709918204262076
0.06780404513655411
0.06808788262404404
0.06799327012821406
0.06838118136111697
0.06779458388697111
0.06769051014155814
0.06812572762237604
0.06804057637612905
0.06906239133109282
0.06953072318545121
0.07000378566460111
0.07011259003480558
0.06994701816710312
0.0700747450364736
0.06964898880523869
0.06945976381357873
0.06941718819045524
0.0686839413477729
0.06932730631941676
0.07052888501645749
0.07074176313207493
0.07178250058620471
0.07216568119431611
0.07273335616929599
0.07283742991470897
0.07298407928324543
0.07297461803366244
0.0731685736501139
0.0722366405661886
0.0731165367774074
0.07423296422820115
0.07244005743222305
0.07275227866846198
0.07393020424154521
0.07402954736216669
0.07445530359340159
0.07315911240053088
0.07381666924654924
0.07375044049946826
0.07382613049613224
0.07371259550113626
0.07385451424488124
0.07720379659726247
0.07749709533433541
0.0775444015822504
0.0779748884382768
0.0793183858790625
0.07984821585571038
0.08111602329983209
0.08228448762333232
0.08246898199020078
0.08260143948436274
0.08262509260832024
0.0819296907639699
0.08229394887291532
0.0823365244960388
0.08221352825145983
0.08223718137541733
0.08220406700187684
0.08210945450604686
0.0823601776199963
0.08226556512416633
0.08324007383121511
0.08448895877617082
0.0832353432064236
0.08315019196017662
0.08407266379451891
0.0845646487728348
0.0846261468951243
0.0850140581280272
0.08578514996904152
0.08560538622696456
0.08552496560550908
0.08576149684508402
0.08626294307298292
0.0862913268217319
0.08617306120194444
0.08619671432590192
0.08648055181339187
0.08648528243818336
0.0854587368584281
0.08540196936093011
0.08557700247821558
0.08573784372112654
0.08596491371111849
0.08608317933090595
0.08477752688845225
0.08478698813803526
0.0845409956488773
0.08462141627033279
0.08561957810133906
0.08685900179671179
0.08745032989564915
0.08674546680171581
0.0872327211552402
0.08737463989898517
0.08748344426918964
0.0885431042224854
0.0876726692608496
0.08798489049708852
0.08795177612354803
0.08821196048708048
0.08824980548541246
0.08867556171664737
0.08874652108851985
0.0885431042224854
0.0885241817233194
0.0885147204737364
0.08909185669829928
0.0890114360768438
0.08903981982559278
0.08873232921414535
0.08877017421247735
0.08833022610686794
0.08838226297957444
0.08848633672498742
0.08857148797123439
0.08905401169996728
0.08940407793453821
0.08979671979223261
0.0898724097888966
0.08977779729306662
0.08974468291952613
0.08955545792786616
0.08905874232475879
0.08877963546206034
0.08883167233476684
0.08888370920747332
0.08921958356766975
0.08933784918745721
0.0894135391841212
0.0894230004337042
0.08944192293287019
0.09119225410572479
0.09128686660155477
0.09102195161323083
0.09079488162323889
0.09084218787115388
0.09155651221467022
0.09170789220799817
0.0915943572130022
0.09246006154984651
0.09309869589669886
0.0933494190106483
0.09313654089503086
0.09315546339419685
0.09333995776106531
0.0934014558833548
0.09323115339086084
0.09313654089503086
0.0933778027593973
0.0934251090073123
0.09393128586000267
0.09500986831246443
0.0951139420578774
0.09482064332080448
0.09435704209123758
0.09446584646144206
0.09444219333748456
0.09442800146311006
0.09463141832914451
0.0947260308249745
0.09468345520185101
0.09440907896394407
0.09447530771102505
0.0942955439689481
0.0943050052185311
0.09405901272937314
0.09388871023687918
0.09363798712292974
0.09361906462376375
0.09357175837584876
0.09361433399897225
0.09357648900064025
0.09386978773771319
0.09367110149647023
0.09363325649813824
0.09359541149980626
0.09344876213126979
0.0933352271362738
0.09310342652149037
0.0929615077777454
0.09287635653149841
0.09279120528525144
0.09277701341087694
0.09323588401565233
0.09313654089503086
0.09288108715628991
0.09170316158320668
0.09178358220466216
0.09225191405902056
0.092531020921719
0.09148082221800623
0.09190657844924113
0.09177412095507917
0.09201538281944562
0.09215730156319057
0.09188292532528364
0.09191130907403264
0.09217149343756507
0.09247425342422101
0.09144297721967425
0.09135309534863575
0.09171735345758118
0.09186873345090914
0.09179777407903666
0.09218095468714807
0.09219987718631407
0.09223299155985457
0.09210053406569259
0.09217622406235658
0.09203903594340311
0.0920484971929861
0.09212418718965008
0.09243167780109751
0.09235598780443353
0.09218568531193957
0.09209107281610959
0.09226137530860355
0.09284797278274942
0.09277228278608544
0.0929236627794134
0.09277228278608544
0.09341564775772929
0.09302773652482638
0.09278174403566844
0.09249790654817851
0.09249790654817851
0.0924789840490125
0.09275336028691944
0.09272497653817045
0.09201065219465411
0.09194442344757313
0.09186873345090914
0.09201065219465411
0.09213364843923308
0.09210526469048409
0.09225191405902056
0.09216203218798208
0.09199646032027961
0.09192077032361563
0.09185454157653465
0.09182142720299416
0.09189711719965814
0.09184034970216015
0.0920343053186116
