0.0
0.0
0.0
0.0
0.0
0.0
0.0003973724824859098
0.00042575623123490336
0.0008183980889293142
0.0009839699566317765
0.0040730679454805754
0.004129835442978563
0.0030323304913508118
0.014944043716345107
0.015511718691324979
0.016320655530671295
0.002620766134490405
0.0032262861078022676
0.005795015369586184
0.023809234575614093
0.024225529557266
0.024499905795172937
0.025611602621175185
0.03993120386504243
0.03889046641091267
0.03617508778059229
0.037187441485973055
0.037433433975131
0.03863028204738023
0.04042318884335832
0.04154434691894357
0.04163422878998205
0.033454978525480406
0.03502554595625805
0.03581082967164687
0.038663396420920725
0.038729625168001706
0.03817141144260484
0.03560268218082092
0.036061552785596314
0.03854040017634175
0.03717798023639006
0.038734355792793204
0.04105236194062768
0.04285946061098027
0.04193698877663798
0.04301084060430824
0.04294461185722725
0.04324264121909168
0.045201119882772235
0.04269388874327781
0.04398061868656551
0.04504027863986128
0.04779823289330515
0.04796853538579911
0.046530425449183434
0.04382923869323755
0.039387182014020056
0.040848945074593225
0.04259927624744783
0.043706242448658575
0.0444867955392559
0.04530519362818521
0.044425297416966415
0.04520585050756374
0.04840375286661701
0.048375369117868015
0.048824778473060416
0.04506866238861027
0.038795853915082695
0.04440637491780042
0.04554172486776016
0.045958019849412064
0.0444915261640474
0.04729205604061476
0.049799287180109196
0.0502108515369696
0.051767227093372746
0.054605601968272105
0.06280850535673124
0.05444003010056964
0.05647419876091418
0.057108102482975036
0.05789338619836386
0.061195362302830104
0.054156192613079704
0.05487051695659604
0.056133593775926256
0.056772228122778615
0.05655935000716116
0.05757170371254193
0.05865974741458668
0.05915173239290257
0.06054253608160325
0.06103452105991914
0.0599275548587084
0.06102032918554465
0.060991945436795654
0.0620894503884234
0.0647669840204118
0.06244424724778582
0.06181034352572497
0.061072366058251136
0.059312573635813534
0.049416106571997784
0.05839483242626274
0.05977144424058893
0.06064187920222473
0.061867111023222954
0.05523950569033296
0.05610521002717726
0.05786973307440636
0.0590145442739491
0.06006947360245336
0.06051415233285426
0.06112913355574912
0.0620941810132149
0.06305449784588918
0.06370259344232454
0.06453045278083686
0.06422769279418092
0.06393912468189948
0.06753913014823017
0.06919484882525478
0.06409050467522745
0.07147027934996578
0.07244951868180605
0.07640905163229066
0.07773835719870185
0.07818303592910275
0.07803165593577478
0.07762955282849737
0.07788500656723832
0.0802030127150728
0.08314073071059362
0.08385978567890146
0.08120117454607907
0.08166004515085445
0.06951180068628522
0.0708694900014454
0.07173046371349821
0.0735706767573913
0.0744505729686101
0.0660820977124485
0.06834806698757648
0.06814938074633353
0.06777093076301362
0.06852310010486194
0.06804057637612905
0.0695732988085747
0.06974833192586016
0.07146081810038278
0.07192914995474117
0.06948814756232773
0.06945030256399573
0.07025450877855055
0.06901981570796933
0.070476848143751
0.07072284063290894
0.07194807245390716
0.0730786917790754
0.07293677303533044
0.07381666924654924
0.0709451799981094
0.07127632373351432
0.07119590311205884
0.07189130495640918
0.07157435309537875
0.07521220356004142
0.07539669792690988
0.07551023292190585
0.07579407040939579
0.07630024726208617
0.07579880103418729
0.07595964227709825
0.07614413664396671
0.07773362657391035
0.0779370434399448
0.07804584781014928
0.07630024726208617
0.0762009041414647
0.07788027594244681
0.07853310216367367
0.07898251151886607
0.07835806904638822
0.07671654224373808
0.0762245572654222
0.07698145723206203
0.07540142855170139
0.0775680547062079
0.07874598027929113
0.0784006446695117
0.07819249717868575
0.07849525716534168
0.07855202466283967
0.08144716703523701
0.07942245962447547
0.07831549342326471
0.07870813528095913
0.0784006446695117
0.07816884405472825
0.07820195842826874
0.07941299837489248
0.07905820151553006
0.07871286590575063
0.07898251151886607
0.08029289458611127
0.08256359448603076
0.08241694511749428
0.08251155761332427
0.0823601776199963
0.0823601776199963
0.08229394887291532
0.08157962452939897
0.08169315952439496
0.08019355146548979
0.08004217147216183
0.08157489390460748
0.08473022064053726
0.08491471500740572
0.07998067334987234
0.07949341899634796
0.07961641524092693
0.07959276211696943
0.08002324897299583
0.08005163272174483
0.07966372148884192
0.07966372148884192
0.07944138212364146
0.07844322029263519
0.07803638656056629
0.0766219297479081
0.0761914428918817
0.0762245572654222
0.07419984985466066
0.07423769485299264
0.07248736368013804
0.07200010932661366
0.07228394681410359
0.07217987306869061
0.07212783619598412
0.0708694900014454
0.07028762315209104
0.07028289252729955
0.07033492940000603
0.07005582253730759
0.07024504752896756
0.06952599256065972
0.0682345319925805
0.06770943264072413
0.06807842137446105
0.06809734387362704
0.06815411137112502
0.06118117042845561
0.06095883106325516
0.0607885285707612
0.06049522983368827
0.060684454825348226
0.06394385530669099
0.06378774468857151
0.06409996592481045
0.06515016462852322
0.0655995739837156
0.06601113834057601
0.066067905838074
0.06701403079637379
0.0674019420292767
0.06726475391032323
0.06662611956347088
0.06646054769576841
0.06525896899872768
0.0647527921460373
0.06435068903875989
0.0647717146452033
0.055040819449090006
0.055532804427405894
0.05571256816948285
0.05572676004385735
0.05795961494544484
0.05839483242626274
0.05839010180147124
0.05999851423058088
0.06024450671973882
0.061479199790320044
0.06102979043512764
0.06131835854740908
0.06173465352906098
0.0620941810132149
0.06245843912216032
0.06243951662299432
0.06290784847735272
0.06292204035172722
0.06281323598152273
0.06418038654626593
0.06425134591813841
0.06447368528333887
0.06424188466855542
0.0643081134156364
0.06438853403709188
0.0647575227708288
0.06182453540009947
0.06168734728114599
0.061389317919281566
0.061256860425119596
0.061275782924285586
0.06188603352238895
0.062065797264465906
0.06170626978031199
0.061256860425119596
0.060987214812004156
0.060755414197220706
0.06064187920222473
0.06044792358577328
0.06061349545347574
0.0581488399371048
0.05830968118001576
0.05782715745128287
0.057713622456286896
0.058215068684185786
0.05795488432065334
0.05965317862080146
0.05925107551352405
0.060906794190548674
0.06146973854073704
0.061242668550745095
0.061649502282814
0.061744114778643985
0.06111494168137462
0.061077096683042634
0.06093517793929767
0.06012151047515985
0.060064742977661865
0.05960114174809497
0.05958221924892897
0.05962006424726096
0.059260536763107045
0.0599275548587084
0.05900035239957461
0.0585935186675057
0.058692861788127174
0.05884424178145514
0.058470522422926725
0.05915173239290257
0.05881112740791465
0.058602979917088696
0.05873543741125067
0.058588788042714196
0.0576994305819124
0.05762374058524842
0.05818195431064529
0.05779404307774238
0.05773727558024439
0.05832860367918176
0.05799272931898533
0.05786027182482337
0.05756697308775043
0.05738720934567347
0.056975644988813065
0.057396670595256466
0.05848944492209272
0.058021113067734324
0.05786973307440636
0.057883924948780856
0.057633201834831414
0.057074988109434545
0.0568337262450681
0.05708444935901754
0.05669180750132313
0.05615724689988375
0.05619036127342424
0.05610521002717726
0.056119401901551756
0.05563687817281887
0.054894170080553535
0.054941476328468526
0.054823210708681056
0.05377301200496829
0.05399062074537724
0.05402373511891773
0.05358851763809983
0.053347255773733386
0.05337090889769088
0.05250520456084658
0.05236328581710161
0.05221190582377365
0.05219771394939915
0.05207944832961168
0.05189968458753472
0.0515306958537978
0.051284703364639854
0.051199552118392874
0.05121847461755887
0.051213743992767374
0.051284703364639854
0.05125158899109936
0.05121847461755887
0.051634769599210775
0.05128943398943136
0.05080691026069847
0.05078798776153247
0.05025342716009309
0.049581678439700246
0.049132269084507844
0.04835171599391052
0.04809626225516958
0.048219258499748556
0.04829494849641253
0.04812937662871007
0.04826183412287204
0.04838483036745102
0.04829967912120404
0.04825237287328905
0.04805841725683759
0.04810099287996108
0.04770362039747517
0.04772727352143266
0.047381937911653245
0.047098100424163306
0.04676695668875838
0.046544617323557934
0.046341200457523476
0.04630335545919149
0.04560795361484114
0.04540453674880669
0.045385614249640695
0.04523423425631273
0.04501189489111228
0.04515854425964875
0.04508758488777626
0.04514908301006575
0.044959858018405796
0.04470440427966485
0.04515381363485725
0.04500243364152928
0.04452937116237939
0.0444678730400899
0.04451990991279639
0.044174574303016974
0.044032655559272
0.04382923869323755
0.04388600619073554
0.04377720182053106
0.04410361493114449
0.04400900243531451
0.044160382428642474
0.04514908301006575
0.04508758488777626
0.04489362927132481
0.04489362927132481
0.044950396768822794
0.044813208649869325
0.044609791783834875
0.04364001370157759
0.04344605808512614
0.04333725371492166
0.042883113734937764
0.04268915811848631
0.0427411949911928
0.04295407310681025
0.04287365248535477
0.04264185187057132
0.04267496624411181
0.04248574125245185
0.042731733741609795
0.04246208812849436
0.04188495190393149
0.04167680441310554
0.04181399253205901
0.04154434691894357
0.041785608783310016
0.04151123254540308
0.04118481943478965
0.04110439881333417
0.041099668188542667
0.04113751318687466
0.040915173821674214
0.04107601506458518
0.041066553815002176
0.04114224381166616
0.0405272625887713
0.04035222947148584
0.040361690721068835
0.04042318884335832
0.0401015063575364
0.04013462073107689
0.04011569823191089
0.040073122608787405
0.039718325749424986
0.039519639508182026
0.039633174503178
0.039472333260267035
0.039216879521526096
0.0392026876471516
0.03869178016966972
0.038663396420920725
0.038611359548214236
0.03822344831531132
0.03814775831864734
0.03825183206406032
0.0378828433303234
