0.0
0.0
0.0
0.0
9.934312062147745e-05
0.00013718811895346885
0.00013718811895346885
0.00019395561645145596
0.00019395561645145596
0.00019395561645145596
0.0002649149883239399
0.0002649149883239399
0.0002932987370729334
0.0002932987370729334
0.00035006623457092053
0.00035006623457092053
0.00048252372873289044
0.0005014462278988862
0.0005014462278988862
0.0006055199733118625
0.00070486309393334
0.0007805530905973227
0.0008373205880953099
0.0009887005814232755
0.0009792393318402777
0.0009130105847592928
0.0011069662012107486
0.0013860730639091853
0.0015563755564031467
0.0013340361912026972
0.001343497440785695
0.0014996080589051595
0.0015469143068201489
0.001466493685364667
0.0017645230472290994
0.0020578217843020326
0.0023984267692899555
0.0025119617642859297
0.002923526121146336
0.0033208986036322463
0.004342713558596014
0.004640742920460446
0.005180034146691324
0.00559632912834323
0.005250993518563808
0.0054686022589727585
0.005761900996045692
0.006395804718106548
0.007200010932661365
0.007550077167232286
0.008586083996570551
0.008874652108851985
0.007256778430159353
0.007673073411811258
0.008661773993234534
0.01017557392651419
0.010634444531289585
0.01105547013773299
0.012654421317259627
0.013047063174954038
0.012119860715820248
0.01123523387980995
0.011372421998763418
0.01088043702044753
0.011353499499597422
0.012309085707480205
0.012971373178290056
0.01290514443120907
0.013103830672452025
0.01391749813658984
0.01392222876138134
0.01457978560739969
0.014527748734693202
0.0149818887146771
0.014565593733025193
0.01493458246676211
0.015431298069869497
0.017441813606256542
0.017981104832487417
0.018572432931424784
0.01871435167516975
0.017943259834155425
0.017919606710197933
0.018406861063722323
0.019433406643477587
0.019693591007010028
0.020961398451131742
0.021524342801320113
0.0229056852404378
0.023577433960830646
0.030025275551643683
0.030673371148079037
0.029949585554979702
0.030153002421014156
0.030375341786214604
0.031113319253688435
0.03158638173283833
0.03366785664109786
0.03323263916027996
0.034415295358154685
0.03220136295573319
0.03371516288901284
0.032433163570516635
0.0281992543821251
0.02886154185293495
0.027120671929663342
0.026855756941339404
0.02757954253443874
0.028133025635044114
0.028748006857938973
0.029060228094177902
0.029982699928520193
0.03022396179288664
0.030280729290384625
0.02992120180623071
0.03114643362722893
0.031643149230336315
0.0268794100652969
0.02660976445218146
0.026988214435501374
0.02787757189630317
0.02726259067340831
0.027678885655060215
0.028203985006916597
0.027371395043612787
0.027593734408813235
0.02827494437878908
0.028506744993572527
0.028823696854602957
0.023804503950822595
0.025006082647863324
0.025753521364920155
0.026950369437169382
0.026841565066964907
0.0277545756517242
0.02806206626317163
0.027418701291527774
0.027688346904643214
0.028246560630040086
0.02884734997856045
0.02853512874232152
0.02911226496688439
0.029268375585003854
0.028648663737317497
0.028923039975224434
0.02911699559167589
0.029282567459378354
0.02960424994520028
0.03064971802412154
0.03176141485012379
0.03299137729591351
0.03673803213078066
0.0365724602630782
0.036581921512661195
0.03717798023639006
0.037135404613266566
0.03761792834199946
0.039439218886726544
0.03955748450651402
0.04015354323024289
0.04072594883001426
0.0409766719439637
0.04153961629415207
0.04267023561932031
0.04246681875328586
0.042845268736605775
0.04309599185055522
0.04332779246533866
0.04329940871658967
0.043758279321365064
0.04324737184388318
0.04298718748035074
0.04322844934471719
0.04433541554592794
0.045248426130687226
0.04545657362151318
0.04608574671878254
0.045570108616509154
0.04564579861317314
0.045555916742134654
0.04683791606063087
0.048862623471392405
0.04898561971597138
0.04883423972264341
0.04868759035410695
0.049014003464720374
0.04927418782825281
0.04967629093553022
0.05037642340467206
0.049520180317410754
0.051871300838785724
0.052136215827109665
0.05250993518563808
0.05276065829958752
0.05355540326455934
0.053460790768729366
0.053900738874338765
0.054861055707013044
0.05503608882429851
0.05567472317115086
0.05587340941239381
0.056171438774258245
0.05572202941906585
0.05502189694992401
0.05527735068866495
0.05581191129010433
0.04840848349140851
0.048559863484736475
0.04917484470763134
0.0502155821617611
0.0506460690177875
0.05114278462089489
0.051261050240682365
0.05157800210171279
0.0524342451889741
0.05354121139018485
0.05221190582377365
0.052221367073356645
0.05251466581042958
0.05283634829625151
0.053181683906030924
0.05423188260974369
0.053129647033324436
0.054151461988288206
0.05467183071535309
0.054241343859326684
0.05458194884431461
0.05451098947244212
0.05471913696326808
0.055646339422401866
0.055882870661976815
0.05604844252967928
0.05675330562361262
0.05749128309108645
0.05743924621837996
0.05778931245295088
0.057732544955452894
0.05787446369919786
0.057330441848175484
0.05735409497213298
0.05784607995044887
0.057917039322321354
0.057396670595256466
0.057193253729222016
0.055750413167814844
0.05580245004052133
0.055797719415729835
0.05480428820951506
0.05523477506554146
0.05519219944241797
0.055395616308452425
0.05488470883097054
0.055684184420733855
0.05540980818282692
0.05562741692323587
0.05557538005052938
0.0559632912834323
0.05616197752467525
0.05669653812611463
0.056318088142794716
0.05651204375924617
0.05685264874423409
0.05717433123005602
0.05729732747463499
0.0581441093123133
0.058082611190023815
0.05823399118335178
0.05847998367250972
0.059175385516860066
0.05933149613497953
0.05952072112663949
0.059497068002681994
0.05975252174142293
0.06075068357242921
0.06011204922557685
0.06050942170806276
0.060386425463483794
0.0612379379259536
0.0616920779059375
0.06224556100654287
0.06207052788925741
0.0625341291188243
0.0625483209931988
0.06258616599153079
0.06282742785589723
0.06303084472193168
0.06321060846400865
0.0630071915979742
0.06274700723444175
0.06259562724111378
0.06241113287424533
0.06328629846067263
0.06405739030168696
0.06399589217939747
0.0629551547252677
0.06372624656628204
0.06378301406378002
0.0634140253300431
0.06305922847068068
0.06328156783588114
0.06328156783588114
0.06372151594149053
0.06381612843732051
0.06368367094315855
0.06354175219941358
0.06352756032503908
0.06322953096317464
0.06346606220274958
0.06381612843732051
0.06359378907212006
0.06352282970024759
0.06334779658296212
0.06395331655627398
0.06401008405377197
0.06359851969691156
0.06327210658629813
0.06357959719774557
0.06359378907212006
0.0630024609731827
0.06309707346901268
0.06303084472193168
0.06324372283754914
0.06357959719774557
0.06362690344566055
0.06398170030502297
0.06403846780252097
0.063849242810861
0.06423715404376391
0.06398170030502297
0.06415200279751694
0.06395804718106549
0.0638634346852355
0.06401008405377197
0.06412834967355945
0.06392493280752498
0.06396277780585698
0.06347079282754109
0.06372624656628204
0.06375463031503102
0.06345660095316659
0.06324372283754914
0.06315857159130216
0.06335252720775361
0.06290311785256122
0.06275646848402475
0.06335252720775361
0.0634329478292091
0.06352282970024759
0.06339037220608561
0.06356067469857957
0.06359378907212006
0.06335252720775361
0.06323899221275764
0.06327683721108963
0.05941664738122651
0.05985659548683591
0.06004108985370437
0.05993701610829139
0.060386425463483794
0.06067972420055672
0.06069864669972272
0.06154069791260953
0.06140350979365606
0.061744114778643985
0.06138458729449006
0.06152177541344353
0.06126632167470259
0.06180561290093347
0.061881302897597454
0.06184345789926546
0.0616636941571885
0.06190968664634645
0.0625152066196583
0.06245370849736882
0.06278485223277375
0.06260035786590529
0.0625483209931988
0.06183872727447396
0.062231369132168375
0.062065797264465906
0.061952262269469933
0.06173938415385248
0.06245843912216032
0.062165140385087386
0.06207052788925741
0.06232598162799835
0.062169871009878884
0.06249628412049231
0.062316520378415355
0.0625530516179903
0.06267131723777777
0.06326737596150664
0.06314437971692767
0.0629835384740167
0.06282742785589723
0.0629740772244337
0.06312545721776167
0.06502243775915274
0.06507447463185922
0.06503189900873574
0.06410942717439344
0.06397223905543997
0.06369786281753304
0.0634234865796261
0.06304030597151469
0.06303084472193168
0.06318695534005116
0.06313964909213617
0.06304503659630618
0.06290311785256122
0.062354365376747344
0.06234490412716435
0.06216040976029589
0.062202985383419375
0.061900225396763445
0.06177249852739298
0.06149339166469454
0.061412971043239055
0.06170626978031199
0.061474469165528546
0.06120482355241311
0.06074122232284621
0.06019246984703233
0.060220853595781325
0.06019246984703233
0.060249237344530325
0.06027762109327932
0.06013097172474285
0.060334388590777305
0.06044319296098178
0.06039588671306679
0.060149894223908845
0.059780905490171926
0.05960114174809497
0.05952072112663949
0.059449761754767
0.05953964362580548
0.05925580613831555
0.05924161426394105
0.058957776776451115
0.05873070678645917
0.05873070678645917
0.05907131177144709
0.05888681740457863
0.058919931778119126
0.058872625530204135
0.05876382115999966
0.058688131163335676
0.05911388739457058
0.05879220490874865
0.059700484868716444
0.05948760675309899
0.05936461050852002
0.0599039017347509
0.05993701610829139
0.06000797548016388
0.05985659548683591
0.05968629299434195
0.05997486110662338
0.059795097364546426
0.05971940736788244
0.05968629299434195
0.059445031129975505
0.05942610863080951
0.05938826363247752
0.059615333622469464
0.05951125987705649
0.059662639870384455
0.05962006424726096
0.05962006424726096
0.05953491300101398
0.059445031129975505
0.05908550364582159
0.05935514925893703
0.05943556988039251
0.05874962928562516
0.05881585803270615
0.05853675117000771
0.05866920866416968
0.05861244116667169
0.05853202054521621
0.0585840574179227
0.05828129743126677
0.058082611190023815
0.05792650057190435
0.05764266308441442
0.05767104683316341
0.057798773702533876
0.05739193997046497
0.0572736743506775
0.05706552685985154
0.056724921874863624
0.05661611750465915
0.056403239389041696
0.05653096625841217
0.05633228001716921
0.056322818767586214
0.05605790377926227
0.05619036127342424
0.05604844252967928
