0.0
0.0
0.0
9.461249582997852e-06
9.461249582997852e-06
9.461249582997852e-06
9.461249582997852e-06
0.0
0.0
0.0
0.0
0.0
0.0
0.0
0.0
0.0
0.0
0.0
0.0
0.0
0.0
0.0
0.0
9.461249582997852e-06
2.365312395749463e-05
2.365312395749463e-05
0.00023180061478344737
0.00023180061478344737
0.00023180061478344737
0.00023180061478344737
0.00023180061478344737
0.0013293055664111981
0.0013293055664111981
0.0013293055664111981
0.0017739842968120972
0.001925364290140063
0.001967939913263553
0.002242316151170491
0.002242316151170491
0.0036756954629946657
0.0036946179621606613
0.004148757942144558
0.004181872315685051
0.004692779793166934
0.004721163541915928
0.0049435029071163775
0.0049435029071163775
0.005127997273984836
0.005137458523567833
0.0051753035218998255
0.005232071019397812
0.005326683515227791
0.005501716632513251
0.005577406629177234
0.005501716632513251
0.005274646642521303
0.005279377267312801
0.005355067263976785
0.005355067263976785
0.005284107892104301
0.005303030391270296
0.0054591410093897605
0.005761900996045692
0.005761900996045692
0.006135620354574107
0.006135620354574107
0.005936934113331152
0.006135620354574107
0.006277539098319075
0.006249155349570081
0.007034439064958903
0.007441272797027811
0.007393966549112821
0.00770618778535175
0.008557700247821556
0.008557700247821556
0.008671235242817531
0.008756386489064513
0.00902603210217995
0.009484902706955347
0.009167950845924918
0.009054415850928945
0.00897872585426496
0.009016570852596953
0.008808423361771
0.008855729609685989
0.009267293966546396
0.00921052646904841
0.009532208954870336
0.009366637087167874
0.008382667130536097
0.008552969623030059
0.008817884611353998
0.009754548320070786
0.00995796518610524
0.010336415169425153
0.010374260167757145
0.010232341424012177
0.010421566415672134
0.010899359519613525
0.010776363275034553
0.010852053271698536
0.01092774326836252
0.010889898270030528
0.011282540127724939
0.01140553637230391
0.011367691373971919
0.011443381370635903
0.011443381370635903
0.011443381370635903
0.01150014886813389
0.01140553637230391
0.011580569489589371
0.012029978844781769
0.012115130091028749
0.00868069649240053
0.008661773993234534
0.008661773993234534
0.00903076272697145
0.00903076272697145
0.00916322022113342
0.008269132135540123
0.008288054634706119
0.008316438383455112
0.008605006495736546
0.008354283381787104
0.008406320254493591
0.009078068974886439
0.009669397073823804
0.009764009569653783
0.009792393318402776
0.014598708106565685
0.014627091855314679
0.01480212497260014
0.015043386836966585
0.014740626850310653
0.015015003088217592
0.016088854915887848
0.012545616947055152
0.012668613191634124
0.013468088781397443
0.014064147505126308
0.014210796873662774
0.01444732811323772
0.014286486870326756
0.014589246856982688
0.014721704351144657
0.013515395029312432
0.013075446923703032
0.013770848768053373
0.013856000014300355
0.013856000014300355
0.014390560615739734
0.014277025620743759
0.014243911247203266
0.014551401858650696
0.014660206228855171
0.01568202118381894
0.01572459680694243
0.015937474922559883
0.016003703669640868
0.016003703669640868
0.01699240425106414
0.015559024939239968
0.016088854915887848
0.016448382400041765
0.016230773659632814
0.01660449301816123
0.0167511423866977
0.01694982862794065
0.016883599880859666
0.01736139298480106
0.01736139298480106
0.01731408673688607
0.01752223422771202
0.017493850478963027
0.017295164237720075
0.01740396860792455
0.01739450735834155
0.017536426102086517
0.0180615254539429
0.019050226035366175
0.019447598517852084
0.019305679774107118
0.020318033479487886
0.020407915350526367
0.016836293632944678
0.01694982862794065
0.01705390237335363
0.016713297388365706
0.017626307973124998
0.017711459219371978
0.01784391671353395
0.018033141705193906
0.018250750445602856
0.018222366696853863
0.018354824191015834
0.018728543549544247
0.01880423354620823
0.018137215450606883
0.01832170981747534
0.01858189418100778
0.01867177605204626
0.01920160602869414
0.018827886670165727
0.01903603416099168
0.01921106727827714
0.019135377281613155
0.019135377281613155
0.019352986022022105
0.019811856626797502
0.01993958349616797
0.020100424739078936
0.020388992851360373
0.020559295343854332
0.021202660315498185
0.021377693432783645
0.021254697188204674
0.021202660315498185
0.021377693432783645
0.02136823218320065
0.021349309684034652
0.021746682166520565
0.021869678411099536
0.02198321340609551
0.02207309527713399
0.022172438397755467
0.022361663389415424
0.022574541505032877
0.02272119087356934
0.023057065233765765
0.023099640856889255
0.02321317585188523
0.023430784592294182
0.02338347834437919
0.02362000958395414
0.023681507706243624
0.023596356459996644
0.023023950860225274
0.02303341210980827
0.023364555845213197
0.023629470833537135
0.023667315831869127
0.021571649049235104
0.021708837168188572
0.021789257789644054
0.022025789029219
0.022054172777967992
0.022867840242105808
0.02326048209980022
0.02326048209980022
0.023317249597298206
0.023336172096464203
0.02326048209980022
0.023378747719587693
0.02360108708478814
0.02273065212315234
0.02281580336939932
0.022498851508368892
0.022631309002530863
0.022300165267125936
0.022664423376071354
0.02672803007196893
0.028837888728977454
0.029263644960212356
0.02928729808416985
0.02813775625983561
0.028530398117530022
0.028606088114194007
0.028875733727309446
0.028970346223139425
0.029547482447702292
0.029765091188111242
0.030011083677269186
0.02999689180289469
0.030025275551643683
0.030375341786214604
0.030318574288716617
0.03056929740266606
0.030805828642241007
0.030957208635568972
0.03142080986513587
0.03185129672116227
0.03185129672116227
0.032494661692806126
0.03239058794739315
0.03243789419530813
0.03245208606968263
0.03267915605967458
0.03273119293238107
0.03289203417529203
0.03277849918029606
0.032631849811759595
0.032717001058006574
0.03267915605967458
0.03242843294572514
0.03254669856551261
0.032617657937385094
0.03313329603965848
0.033033952919037
0.03312856541486698
0.033407672277565414
0.03354959102131038
0.03420241724253723
0.03420714786732874
0.03449098535481867
0.03455721410189965
0.03458086722585715
0.03487416596293008
0.03509650532813053
0.03542764906353546
0.03539926531478646
0.035257346571041494
0.03532357531812248
0.0352478853214585
0.035233693447084
0.03532830594291398
0.035574298432071924
0.03529519156937349
0.034954586584385564
0.0352289628222925
0.03519584844875201
0.035910172792268345
0.03590071154268535
0.03590071154268535
0.03593855654101734
0.03633592902350325
0.036364312772252244
0.035101235952922034
0.035205309698335005
0.03497350908355156
0.03502554595625805
0.035035007205841046
0.03519584844875201
0.03598586278893233
0.036141973407051796
0.03633119839871175
0.03643527214412473
0.0365677296382867
0.03677587712911265
0.036884681499317125
0.03705025336701959
0.03696510212077261
0.03650150089120571
0.0370124083686876
0.03702186961827059
0.037944341452612884
0.03822344831531132
0.038332252685515794
0.03784026770719991
0.03727732335701154
0.03731516835534353
0.037371935852841515
0.03740031960159051
0.03760846709241646
0.040513070714396804
0.040593491335852286
0.03942502701235205
0.03946287201068404
0.03944868013630955
0.040796908201886736
0.040915173821674214
0.04092936569604871
0.041213203183538646
0.04119428068437265
0.04151123254540308
0.041837645656016505
0.04205052377163395
0.04194645002622098
0.04198429502455297
0.042566161873907334
0.04372516494782457
0.04378193244532256
0.04380085494448856
0.044661828656541364
0.04500243364152928
0.04515381363485725
0.04529573237860222
0.04482266989945232
0.04515381363485725
0.04539034487443219
0.0453808836248492
0.04534303862651721
0.04606682421961654
0.0453808836248492
0.04513489113569125
0.044898359896116305
0.044865245522575814
0.04514908301006575
0.04529100175381072
0.04519638925798074
0.04528154050422772
0.04422661117572346
0.04426445617405545
0.044061039308020994
0.044070500557603996
0.04428337867322145
0.044865245522575814
0.04500243364152928
0.04534303862651721
0.04548968799505367
0.045451842996721684
0.04542345924797269
0.04531938550255971
0.045518071743802666
0.045617414864424145
0.04567891298671363
0.0453761530000577
0.04530992425297671
0.04556537799171766
0.046237126712110506
0.04585394610399909
0.045820831730458596
0.04585867672879059
0.046137783591489026
0.046393237330229965
0.046052632345242046
0.04607155484440804
0.04610939984274003
0.046123591717114526
0.04559849236525815
0.045636337363590136
0.045617414864424145
0.04564106798838164
0.04572148860983712
0.04550861049421967
0.04593909735024607
0.046393237330229965
0.04631281670877448
0.04633646983273198
0.04654934794834943
0.04676695668875838
0.04671965044084339
0.046847377310213864
0.04678587918792438
0.04706971667541431
0.046965642930001335
0.046847377310213864
0.047538048529772704
0.04742924415956823
0.04752385665539821
0.047467089157900225
0.04806787850642059
0.04810099287996108
0.04821452787495705
0.048242911623706045
0.04808207038079509
0.04806314788162909
0.04793069038746712
0.04805368663204609
0.048223989124540054
0.04830914037078703
0.047954343511424614
0.04776038789497316
0.047807694142888144
0.04754750977935571
0.04777931039413915
0.047921229137884123
0.04791649851309262
0.04776511851976466
0.04775092664539016
0.047940151637050114
0.04863555348140046
0.04872543535243894
0.04858351660869397
0.048843700972226414
0.048711243478064443
0.04873962722681344
0.04872543535243894
0.04922215095554632
0.04928364907783581
0.0493214940761678
0.04925999595387832
0.0484652509889065
0.04850309598723849
0.04839429161703401
0.048526749111195984
0.04854567161036198
0.048678129104523946
0.049401914697623284
0.04946814344470427
0.04949179656866176
0.04956275594053425
0.04965736843636423
0.05031965590717408
0.049969589672603155
0.049870246551981676
0.04986078530239868
0.049851324052815685
0.04989389967593917
0.050225043411344095
0.050191929037803604
0.05002635717010114
0.04992701404947966
0.050508880898834034
0.05131308711338885
0.05139350773484433
0.05160638585046178
0.052306518319603625
0.05303976516228596
