0.0
0.0
0.0
0.00013245749416196994
0.00013245749416196994
0.00013245749416196994
0.00013245749416196994
0.00013245749416196994
0.00013245749416196994
0.00017030249249396133
0.00017030249249396133
0.00034060498498792265
0.00034060498498792265
0.00034060498498792265
0.00020814749082595274
0.00043994810560940014
0.0009650474574657809
0.0011495418243342391
0.0014381099366156736
0.0018780580422250736
0.001920633665348564
0.0023227367726259725
0.002791068626984366
0.0032262861078022676
0.002942448620312332
0.003197902359053274
0.003505392970500704
0.0036567729638286696
0.004110912943812567
0.004186602940476549
0.005520639131679246
0.005227340394606313
0.010326953919842155
0.010156651427348194
0.011585300114380869
0.01325521066577999
0.014466250612403716
0.016259157408381807
0.016259157408381807
0.015719866182150932
0.01589016867464489
0.016807909884195685
0.013274133164945986
0.008836807110519995
0.024145108935810518
0.01867177605204626
0.018823156045374226
0.019665207258261035
0.02053091159510534
0.022683345875237352
0.02408834143831253
0.02443367704809195
0.02602316697803559
0.027730922527766703
0.02739977879236178
0.03105655175619045
0.031591112357629826
0.03240951044655914
0.034547752852316656
0.0224515452604539
0.025256805761812766
0.027238937549450816
0.025081772644527305
0.024958776399948333
0.023719352704575616
0.025043927646195313
0.025166923890774285
0.026581380703432467
0.026732760696760432
0.026552996954683473
0.02660030320259846
0.02726732129819981
0.02783499627317968
0.029088611842926895
0.030100965548307667
0.028743276233147475
0.03109439675452244
0.031926986717826254
0.03184656609637077
0.033223177910696955
0.03454302222752516
0.037324629604926524
0.036832644626610636
0.03587232779393636
0.03870597204404421
0.038341713935098796
0.03509650532813053
0.03445314035648668
0.036009515912889825
0.03805787644760886
0.03850728580280126
0.036898873373691625
0.03561214343040391
0.03632173714912875
0.03293934042320702
0.033994269751711284
0.03490728033647057
0.034112535371498755
0.03827548518801781
0.039316222642147576
0.04057456883668629
0.03602370778726432
0.03606628341038781
0.03694144899681511
0.03760846709241646
0.03809572144594085
0.03862555142258873
0.04112805193729166
0.049633715312406734
0.049969589672603155
0.05026288840967609
0.05122793586714187
0.05602952003051328
0.05792650057190435
0.05797380681981934
0.05796434557023634
0.05849417554688422
0.059009813649157604
0.05807314994044081
0.05775619807941039
0.058267105556892275
0.05934095738456253
0.05936461050852002
0.06027762109327932
0.06069864669972272
0.061110211056583125
0.06145081604157105
0.06263347223944578
0.06323899221275764
0.06310180409380417
0.06372151594149053
0.0647338696468713
0.06445476278417286
0.06450206903208786
0.06499405401040374
0.06797434762904807
0.06733571328219572
0.06668288706096887
0.0687359782204794
0.06764320389364314
0.06969156442836218
0.07026397002813355
0.056705999375697626
0.057108102482975036
0.05789338619836386
0.059392994257269016
0.06469129402374782
0.0625341291188243
0.06278958285756525
0.06290784847735272
0.06321060846400865
0.06469602464853931
0.06416619467189143
0.06583610522329056
0.0652069321260212
0.06687211205262882
0.06401481467856347
0.06422769279418092
0.06506028275748472
0.06628078395369146
0.06685792017825432
0.06353229094983058
0.06385397343565251
0.06383978156127801
0.06481902089311828
0.06484740464186728
0.0651927402516467
0.06711810454178677
0.06713229641616125
0.06731206015823822
0.06905293008150983
0.06946449443837023
0.0705099625172915
0.0704342725206275
0.07024977815375905
0.07051469314208299
0.07077960813040693
0.07158381434496175
0.06764793451843464
0.0678324288853031
0.06777566138780511
0.06818722574466551
0.06365055656961804
0.06410942717439344
0.06670180956013486
0.0669052264261693
0.06711810454178677
0.06744451765240018
0.06781823701092861
0.06865555759902392
0.06904346883192683
0.06947868631274473
0.06972467880190267
0.07165477371683424
0.07167369621600023
0.06974360130106867
0.07015043503313757
0.07162165934329374
0.07063295876187047
0.06923742444837828
0.06985240567127314
0.06974833192586016
0.06943611068962123
0.06976725442502617
0.06997540191585211
0.07042954189583601
0.07032073752563153
0.07102560061956488
0.07279012366679398
0.07303611615595192
0.07331522301865036
0.0744079973454866
0.0744269198446526
0.0744079973454866
0.07462087546110406
0.07467764295860205
0.07504663169233897
0.07546292667399086
0.07524531793358191
0.07553861667065485
0.07579880103418729
0.07654623975124412
0.07769578157557835
0.07784716156890632
0.0784006446695117
0.07957383961780344
0.0810971008006661
0.08118698267170457
0.08188238451605491
0.08221825887625134
0.08054834832485222
0.08205741763334037
0.08306031008913814
0.08314073071059362
0.08292785259497618
0.08302246509080616
0.08443219127867284
0.08307923258830414
0.0827717419768567
0.08291366072060168
0.08330630257829609
0.0841057781680594
0.08482956376115874
0.0850187887528187
0.08556754122863257
0.08607844870611446
0.08419566003909788
0.08421458253826389
0.08532627936426612
0.08490525375782272
0.08471129814137127
0.08447476690179632
0.08256832511082225
0.08245005949103479
0.08265347635706924
0.08277647260164821
0.08266293760665223
0.08572365184675204
0.08622509807465092
0.08622509807465092
0.08698199804129075
0.08735098677502767
0.08756859551543662
0.08658935618359634
0.0871712230329507
0.08736517864940217
0.08731314177669568
0.08689211617025228
0.08731787240148718
0.0880795029929185
0.08869448421581336
0.08862825546873238
0.08909658732309077
0.08850525922415341
0.08842010797790642
0.08833022610686794
0.08889317045705632
0.08863298609352388
0.0889972442024693
0.08909185669829928
0.08906820357434178
0.08858567984560889
0.0880889642425015
0.08821196048708048
0.08777201238147107
0.08825926673499546
0.08819776861270598
0.08793285362438204
0.08787135550209255
0.08789027800125855
0.088065311118544
0.08783824112855206
0.08796123737313102
0.08867556171664737
0.08884113358434984
0.08909185669829928
0.09135309534863575
0.09131051972551227
0.08637174744318739
0.08619198370111043
0.08654678056047285
0.08683061804796278
0.08787135550209255
0.08789500862605004
0.08845322235144693
0.08862352484394088
0.08848160610019591
0.08827345860936996
0.08799435174667153
0.08814100111520799
0.08784297175334356
0.08903981982559278
0.08885532545872432
0.090302896644923
0.09036912539200398
0.09032181914408899
0.08979198916744112
0.08977779729306662
0.08954599667828317
0.08930946543870823
0.08871340671497936
0.08878909671164334
0.08864717796789838
0.08867083109185588
0.08933311856266572
0.09001432853264156
0.09046373788783396
0.09044481538866797
0.09039277851596147
0.09052050538533195
0.09066715475386841
0.08997648353430958
0.08942773105849569
0.08786662487730106
0.088093694867293
0.08822615236145497
0.08798962112188002
0.08685427117192028
0.08628659619694042
0.08616833057715294
0.08724218240482319
0.08696780616691625
0.08690630804462678
0.08702457366441424
0.08693942241816727
0.08681642617358828
0.08720433740649121
0.0867643893008818
0.08716176178336771
0.08703876553878874
0.08649001306297487
0.08648528243818336
0.08484848626032473
0.08471602876616277
0.0841199700424339
0.08438488503075785
0.08471602876616277
0.0845599181480433
0.08430919503409386
0.0845646487728348
0.08443219127867284
0.0850377112519847
0.08465926126866478
0.08489579250823973
0.0849714825049037
0.08489579250823973
0.08514651562218917
0.08506609500073369
0.0845362650240858
0.08426188878617887
0.08417673753993189
0.08416254566555739
0.0841057781680594
0.08434230940763435
0.08464033876949878
0.08474441251491176
0.08533100998905763
0.08553915747988358
0.08600275870945047
0.08574257434591803
0.08587503184008001
0.08611629370444646
0.0863386330696469
0.08618725307631893
0.08613994682840394
0.08615886932756994
0.08600275870945047
0.08571892122196054
0.08542562248488761
0.08610210183007196
0.08605479558215696
0.08564796185008805
0.08577568871945852
0.08560538622696456
0.0854066999857216
0.08495729063052922
0.08472549001574577
0.08442746065388133
0.08440853815471534
0.08419092941430639
0.08420985191347238
0.08400170442264643
0.08402062692181242
0.08704349616358024
0.08713337803461872
0.08768686113522409
0.08762536301293461
0.08815046236479099
0.08749290551877263
0.08745506052044065
0.08728002740315519
0.08730368052711268
0.08753548114189613
0.08753548114189613
0.08762536301293461
0.08735098677502767
0.08744086864606615
0.08730841115190417
0.08833022610686794
0.08828291985895295
0.08794231487396503
0.08776728175667957
0.08772943675834759
0.08755440364106212
0.08746452177002365
0.08750709739314713
0.08739356239815116
0.08697253679170776
0.08663666243151133
0.08651366618693236
0.08573784372112654
0.08553915747988358
0.08473968189012027
0.0845788406472093
0.08468291439262228
0.0845788406472093
0.08473022064053726
0.0845977631463753
0.08465926126866478
0.08625821244819142
0.08646162931422587
0.08642851494068537
0.08644270681505987
0.08745979114523214
0.08725164365440619
0.0885620267216514
0.08843903047707243
0.08834441798124244
0.08819776861270598
0.08761590176335161
0.08766320801126659
0.08699618991566525
0.08685900179671179
0.0867643893008818
0.08846268360102992
0.08925269794121024
0.08921485294287824
0.08904928107517579
0.08883640295955833
0.08820722986228897
0.08827345860936996
0.08829238110853596
0.0880700417433355
0.08803692736979501
0.08770105300959859
0.08698672866608226
0.08683061804796278
0.08713810865941021
0.08701511241483124
0.08695834491733326
0.08680696492400529
0.08686373242150328
0.08671708305296681
0.08652785806130686
0.08605479558215696
0.08786662487730106
0.0876490161368921
0.08745032989564915
0.08771051425918158
0.08761590176335161
0.08731314177669568
0.08710499428586972
0.08727529677836368
0.0872137986560742
0.08758751801460261
0.08789973925084155
0.08697726741649925
0.08694415304295876
0.08716176178336771
0.08846268360102992
0.08842010797790642
0.08837280172999144
0.08839645485394892
0.08816938486395698
0.08830657298291045
0.08818357673833148
0.08649001306297487
0.08606898745653146
0.08593652996236949
0.08610683245486345
