0.0
0.0
0.0
0.0
0.0
0.0
0.0
0.0
0.0
2.8383748748993554e-05
2.8383748748993554e-05
2.8383748748993554e-05
0.0009177412095507917
0.0008893574608017981
0.0008893574608017981
0.001092774326836252
0.0013387668159941962
0.001395534313492183
0.001395534313492183
0.0018212905447270865
0.001977401162846551
0.0017787149216035962
0.0015752980555691423
0.0018070986703525897
0.002417349268455951
0.0028336442501078565
0.003264131106134259
0.0039500717009016036
0.00413929669256156
0.005236801644189311
0.007289892803699845
0.011325115750848429
0.01171302698375134
0.014220258123245772
0.014996080589051596
0.01845416731163731
0.021197929690706687
0.022522504632326388
0.014830508721349132
0.014627091855314679
0.02046941347281585
0.021155354067583197
0.022006866530053005
0.023194253352719234
0.024069418939146537
0.02581028886241814
0.026160355096989062
0.0268794100652969
0.028913578725641435
0.030626064900164045
0.030900441138070986
0.040314384473153844
0.040981402568755196
0.0423059775103749
0.04278850123910779
0.04104290069104468
0.04324737184388318
0.04468548178049885
0.044846323023409816
0.04590125235191408
0.046251318586485
0.04872070472764744
0.05194699083544971
0.05260454768146806
0.04144973442311359
0.04188968252872299
0.04282634623743978
0.044122537430310485
0.04416984367822547
0.04467128990612436
0.04523896488110423
0.04539034487443219
0.04643108232856196
0.047717812271849666
0.048928852218473394
0.049851324052815685
0.050504150274042536
0.050792718386323966
0.050906253381319946
0.05031965590717408
0.05073122026403448
0.05006420216843313
0.04521058113235524
0.04744816665873423
0.04848417348807249
0.049231612205129324
0.04875854972597943
0.05104817212506491
0.05143608335796782
0.05497459070200902
0.05584029503885332
0.05584502566364482
0.05711756373255803
0.056526235633620664
0.060064742977661865
0.06027762109327932
0.058021113067734324
0.05829548930564127
0.0599228242339169
0.06008839610161936
0.06015935547349184
0.06015462484870034
0.059544374250596985
0.06074122232284621
0.06161638790927351
0.06271389286090126
0.06322480033838315
0.06412834967355945
0.06499878463519525
0.06559011273413261
0.06306395909547219
0.06359851969691156
0.06270916223610977
0.06002216735453837
0.060003244855372374
0.05981875048850392
0.053664207634763816
0.05526788943908195
0.05711756373255803
0.05713175560693253
0.05763793245962291
0.059832942362878415
0.06093044731450617
0.06188603352238895
0.06283688910548023
0.06456829777916884
0.06428919091647041
0.06387762655961
0.0634471397035836
0.06365055656961804
0.05962479487205247
0.06007893485203636
0.05963898674642696
0.05968629299434195
0.06064660982701623
0.06490417213936527
0.06593544834391203
0.06706133704428878
0.06752020764906418
0.06713702704095276
0.06807369074966954
0.06835279761236798
0.07019301065626106
0.06980036879856666
0.07037750502312952
0.07011732065959708
0.07064715063624497
0.07118644186247584
0.0700274387885586
0.07143716497642529
0.07080799187915593
0.06838118136111697
0.07040115814708701
0.06865082697423242
0.06555226773580061
0.06628078395369146
0.06726948453511473
0.0669288795501268
0.0673924807796937
0.06905293008150983
0.06674438518325834
0.06851363885527895
0.06855621447840243
0.06901508508317783
0.0687312475956879
0.06994228754231162
0.06935095944337426
0.06971048692752817
0.06823926261737201
0.06934622881858275
0.07069918750895145
0.07143243435163378
0.07154596934662975
0.07234544493639307
0.07346187238718682
0.07304557740553491
0.07416673548112017
0.07597383415147275
0.07671181161894658
0.07782823906974033
0.07729367846830096
0.07734571534100744
0.07789446781682131
0.0779275821903618
0.07802692531098329
0.07764847532766338
0.07735990721538194
0.06907658320546732
0.0687359782204794
0.0695638375589917
0.07042481127104451
0.0718392680837027
0.06618617145786147
0.06766685701760064
0.06120482355241311
0.06200429914217642
0.061058174183876636
0.06146973854073704
0.062117834137172395
0.06271862348569276
0.06374043844065654
0.06443584028500687
0.06515962587810621
0.066048983338908
0.06551442273746863
0.06569418647954559
0.0656232271076731
0.0651974708764382
0.06770943264072413
0.06791284950675858
0.06813991949675054
0.06811153574800154
0.06763847326885164
0.06718906391365925
0.06731679078302971
0.06697618579804179
0.06725056203594873
0.06673019330888386
0.06680588330554783
0.0665173151932664
0.06716541078970176
0.06839537323549147
0.0691806569508803
0.06734044390698721
0.06773781638947313
0.06872651697089639
0.06965371943003018
0.06950233943670223
0.07036804377354652
0.07055726876520649
0.07063768938666197
0.07114386623935234
0.07164058184245974
0.07094991062290089
0.07102560061956488
0.07153650809704676
0.07279485429158547
0.07282323804033447
0.07280431554116847
0.07272862554450449
0.07276647054283648
0.07298880990803693
0.0735139092598933
0.07352337050947631
0.07412415985799667
0.07451680171569108
0.07495201919650898
0.07511759106421145
0.07540615917649288
0.07540615917649288
0.07507028481629646
0.07343821926322933
0.07349971738551882
0.0735564848830168
0.07234071431160158
0.07236909806035056
0.07233598368681007
0.07198118682744765
0.07202376245057115
0.07132362998142931
0.07083164500311342
0.07096410249727539
0.06816357262070802
0.06793650263071607
0.06888262758901587
0.06897250946005434
0.06948341693753622
0.06928473069629328
0.06895358696088835
0.0691380813277568
0.06899143195922033
0.0687359782204794
0.06884951321547537
0.06940299631608074
0.07012205128438859
0.06993755691752013
0.06993755691752013
0.06932730631941676
0.06894412571130534
0.06941245756566373
0.06948341693753622
0.06963479693086419
0.0695638375589917
0.06919957945004629
0.06892520321213935
0.0695922213077407
0.06936042069295725
0.06876909259401989
0.06778512263738812
0.06793650263071607
0.06822980136778901
0.06895831758567984
0.06884478259068387
0.0673972114044852
0.06818249511987402
0.06805003762571205
0.06876909259401989
0.06938880444170625
0.07018354940667806
0.070476848143751
0.07075595500644943
0.07015043503313757
0.07098302499644138
0.07100194749560738
0.07147974059954877
0.07201903182577965
0.07206633807369464
0.07154123872183826
0.07163585121766823
0.07139458935330179
0.0713898587285103
0.07149866309871476
0.07185345995807718
0.07182980683411969
0.07217987306869061
0.07211364432160963
0.07208526057286063
0.07079853062957292
0.07067080376020246
0.07133309123101231
0.07110602124102036
0.07081745312873892
0.07084110625269642
0.0704437337702105
0.06885897446505837
0.06910023632942482
0.06833860573799348
0.06808788262404404
0.06822980136778901
0.0687454394700624
0.06939826569128925
0.06886370508984986
0.0691664650765058
0.06945976381357873
0.0691570038269228
0.06875017009485389
0.06907658320546732
0.06909077507984182
0.0686934025973559
0.06796961700425656
0.06769524076634963
0.06779458388697111
0.0674114032788597
0.06687684267742032
0.06629497582806596
0.06664031143784536
0.0665456989420154
0.06625240020494245
0.06643216394701942
0.06634701270077244
0.06612467333557198
0.06599221584141002
0.0665362376924324
0.06674911580804985
0.06664504206263687
0.06636593519993843
0.0665362376924324
0.06710391266741227
0.06727421515990623
0.0673640970309447
0.06642743332222792
0.06657408269076438
0.0664700089453514
0.06659773581472188
0.06639904957347892
0.06585975834724805
0.06601586896536751
0.06596383209266102
0.06572257022829459
0.06543400211601315
0.06532992837060017
0.06569418647954559
0.06544819399038763
0.06571310897871158
0.06518327900206371
0.06496567026165476
0.06466764089979032
0.06432703591480239
0.06400062280418897
0.06391547155794199
0.06425607654292992
0.06348971532670708
0.06323426158796615
0.06313491846734466
0.06307815096984667
0.06312072659297017
0.06292204035172722
0.06286527285422923
0.062354365376747344
0.061848188524056956
0.06181034352572497
0.06145081604157105
0.06149339166469454
0.06187657227280595
0.06213675663633839
0.06081691231951019
0.05952072112663949
0.05878274365916566
0.05844686929896923
0.05883004990708064
0.05778931245295088
0.05757643433733343
0.05745343809275446
0.057278404975468995
0.057325711223383986
0.057510205590252446
0.057425054344005466
0.05798799869419383
0.05792176994711285
0.05864555554021218
0.05801165181815133
0.057510205590252446
0.05718852310443052
0.05689522436735758
0.05629443501883722
0.0563795862650842
0.056370125015501205
0.05628970439404572
0.056100479402385765
0.0559396381594748
0.05581191129010433
0.055244236315124456
0.054118347614747715
0.05360270951247433
0.05356959513893384
0.05359324826289133
0.05382031825288328
0.05394331449746225
0.05391493074871326
0.0537351670066363
0.0537398976314278
0.05382977950246628
0.05364528513559782
0.05344186826956337
0.05301611203832846
0.052642392679800046
0.05231597956918662
0.05183818646524523
0.051885492713160224
0.051696267721500266
0.05145500585713382
0.05157327147692129
0.05175776584378975
0.051365123986095336
0.050991404627566926
0.05100559650194142
0.05084002463423896
0.05123739711672487
0.051161707120060886
0.05076906526236647
0.050594032145081014
0.05017773716342911
0.049449220945538275
0.04941137594720628
0.04918903658200583
0.048999811590345874
0.048995080965554376
0.04835171599391052
0.0479969191345481
0.04779350226851365
0.04786446164038613
0.04735355416290425
0.04737247666207024
0.04719271291999329
0.04703660230187382
0.04709336979937181
0.04697510417958434
0.04676695668875838
0.046625037945013416
0.04636958420627247
0.04636958420627247
0.04540453674880669
0.04510177676215076
0.04453410178717089
0.04463817553258387
0.0444678730400899
0.044278648048429944
0.04423607242530646
0.04396642681219102
0.04384343056761204
0.04461925303341787
0.044160382428642474
0.044155651803850976
0.043904928689901535
0.04388600619073554
0.043857622441986543
0.04379612431969706
0.04330886996617267
0.043100722475346714
0.04232016938474939
0.04201267877330196
0.041738302535395025
0.04156326941810956
0.04172884128581203
0.04178087815851851
0.04159638379165006
0.04174776378497802
0.04169572691227153
0.04151596317019458
0.04099086381833819
