0.0
0.0
0.0
0.0
0.0
0.0
0.0
0.0
0.0
0.0
0.0
0.0
0.0
0.0
0.0
3.784499833199141e-05
3.784499833199141e-05
3.784499833199141e-05
3.784499833199141e-05
3.784499833199141e-05
0.0001986862412429549
0.0001986862412429549
0.0001986862412429549
0.0
0.0
0.0
0.0
0.0
0.0
0.00011353499499597422
0.00017030249249396133
0.0010407374541297637
0.0010407374541297637
0.002417349268455951
0.002417349268455951
0.002417349268455951
0.002426810518038949
0.007176357808703871
0.008122482767003655
0.010156651427348194
0.010563485159417102
0.010587138283374596
0.011954288848117786
0.012678074441217121
0.013893845012632345
0.002488308640328435
0.002757954253443874
0.0028525667492738526
0.0031742492350957793
0.0009319330839252884
0.000894088085593297
0.0011873868226662304
0.0043663666825535085
0.005757170371254193
0.007777147157224234
0.010449950164421127
0.012451004451225173
0.013856000014300355
0.014144568126581788
0.015388722446746007
0.015313032450082023
0.01868123730162926
0.020980320950297737
0.0224515452604539
0.022536696506700885
0.022669154000862852
0.024031573940814545
0.02607993447553358
0.02607993447553358
0.026396886336564007
0.02647257633322799
0.027395048167570282
0.02749439128819176
0.027863380021928674
0.02917376308917388
0.028691239360440986
0.02881423560501996
0.028402671248159553
0.030011083677269186
0.03229124482677167
0.03297718542153901
0.035754062174148886
0.035654719053527406
0.035654719053527406
0.03582029092122987
0.02802422126483964
0.028724353733981477
0.0295096374493703
0.03325629228423745
0.0330481447934115
0.03368677914026385
0.0339185797550473
0.034902549711679075
0.040025816360872414
0.04047049509127331
0.042745925615984295
0.042783770614316284
0.04339875183721115
0.053328333274567395
0.054809018834306555
0.05571729879427435
0.05590652378593431
0.05737301747129898
0.05847998367250972
0.05795961494544484
0.05976671361579743
0.06013097172474285
0.06071756919888872
0.062202985383419375
0.04594382797503757
0.050139892165097115
0.05144081398275932
0.0511002089977714
0.051648961473585275
0.055646339422401866
0.05577879691656384
0.05767577745795491
0.0581630318114793
0.058352256803139255
0.05676276687319561
0.05756697308775043
0.05794542307107035
0.058068419315649315
0.05844686929896923
0.0590287361483236
0.05934095738456253
0.0612332073011621
0.06359378907212006
0.061394048544073064
0.06132308917220058
0.06367420969357554
0.06443584028500687
0.06541034899205565
0.06490890276415677
0.06559484335892411
0.06752020764906418
0.06790338825717558
0.06792704138113308
0.06762901201926864
0.0678608126340521
0.06796015575467357
0.06975779317544316
0.06976725442502617
0.07007001441168209
0.07155543059621275
0.07156962247058725
0.07202849307536265
0.08243586761666029
0.08264401510748624
0.08485321688511624
0.085856109340914
0.08690630804462678
0.08729421927752969
0.08804638861937801
0.08821196048708048
0.08827818923416146
0.0885431042224854
0.08907766482392478
0.08934257981224872
0.09000013665826707
0.09173627595674717
0.09373259961875972
0.09484429644476197
0.09596072389555571
0.09729476008675841
0.10023720870707074
0.09966007248250787
0.10098464742412758
0.09308923464711587
0.09184034970216015
0.0920958034409011
0.09243167780109751
0.09175519845591316
0.09193023157319863
0.09182615782778565
0.09184034970216015
0.09140986284613374
0.0920958034409011
0.09191603969882413
0.09167004720966619
0.0920579584425691
0.09156597346425321
0.09142405472050824
0.08775782050709657
0.08631024932089791
0.08685427117192028
0.08611629370444646
0.08690157741983527
0.08839645485394892
0.08818830736312298
0.08790446987563304
0.08905401169996728
0.0898960629128541
0.0894182698089127
0.08952707417911718
0.08965007042369615
0.08890736233143082
0.08886951733309882
0.08964060917411315
0.09023666789784202
0.08996229165993508
0.09128213597676328
0.09192550094840712
0.09169370033362369
0.09168896970883218
0.08842010797790642
0.060490499208896764
0.06191914789592944
0.06320587783921715
0.06371678531669904
0.06425607654292992
0.0669478020492928
0.06688157330221181
0.06807842137446105
0.0708789512510284
0.07334833739219085
0.07593598915314076
0.07751128720870991
0.079256887756773
0.07914335276177703
0.08030235583569427
0.08045846645381373
0.08156543265502449
0.08712391678503573
0.08816465423916549
0.09131525035030377
0.0929142015298304
0.09851053065817364
0.09768740194445283
0.0986619106515016
0.09849633878379914
0.10160435927181394
0.1030519304580126
0.10196861738075935
0.10283905234239515
0.1052942466091831
0.10565377409333701
0.1052942466091831
0.10518544223897862
0.10472657163420322
0.10695469591099922
0.11074392636898986
0.11179412507270262
0.11136363821667622
0.11242329816997197
0.11160963070583416
0.1096274989181961
0.11159543883145967
0.11097572698377331
0.11438650745844403
0.1140600943478306
0.1149494518086324
0.11466561432114247
0.11458992432447848
0.1176127935662463
0.11844065290475861
0.12003960408428525
0.11997810596199576
0.12184197212984633
0.1229016320831421
0.1228732483343931
0.1220075439975488
0.11998756721157876
0.11951923535722037
0.11994026096366377
0.12073027530384409
0.12011529408094923
0.1202382903255282
0.12019098407761321
0.12063566280801412
0.1198551097174168
0.12137837090027945
0.12210215649337879
0.12247114522711569
0.12232449585857923
0.12431608889580027
0.1272112312681976
0.12794920873567145
0.12754710562839405
0.12765590999859852
0.12656313567176228
0.12653475192301328
0.12662463379405176
0.1259245013249099
0.12718284751944864
0.12696050815424817
0.1268800875327927
0.12632187380739582
0.12614211006531886
0.1260001913215739
0.12371056892248841
0.12368691579853092
0.12251372085023919
0.12279755833772912
0.12392817766289736
0.12523383010535108
0.1251155644855636
0.12494526199306963
0.12439650951725575
0.1260049219463654
0.1268327812848777
0.1255034757184665
0.12573054570845846
0.12570689258450096
0.12561701071346248
0.1259481544488674
0.12719703939382312
0.12713081064674214
0.12876287619980928
0.13005433676788847
0.1246519632559967
0.12601911382073988
0.12670978504029873
0.12699362252778867
0.1273626112615256
0.12768429374734752
0.13249533916030193
0.13140256483346566
0.1312275317161802
0.13143567920700616
0.13210742792739902
0.13031925175621242
0.13025775363392292
0.13066458736599185
0.13063620361724285
0.1307402773626558
0.1303996723776679
0.1299408017728925
0.12960965803748759
0.1285925737073153
0.1285973043321068
0.1307875836105708
0.132192579173646
0.13203173793073503
0.1321594648001055
0.13187089668782406
0.13220677104802048
0.13134106671117618
0.1316296348234576
0.1317573616928281
0.13160598169950014
0.1317337085688706
0.12973738490685804
0.13030032925704643
0.13056997487016186
0.1307686611114048
0.1273862643854831
0.12714027189632512
0.1272538068913211
0.12752818312922803
0.12374841392082041
0.12582515820428844
0.1255034757184665
0.12430662764621728
0.12343619268458147
0.12303882020209557
0.12263198647002665
0.12258468022211166
0.12240018585524322
0.12192712337609332
0.12137837090027945
0.1216101715150629
0.12121752965736848
0.12058362593530762
0.12065931593197161
0.12032817219656668
0.11996864471241277
0.12029978844781769
0.12003960408428525
0.12086746342279756
0.12018152282803021
0.12062620155843111
0.12012475533053223
0.11972265222325482
0.11994499158845527
0.1193678553638924
0.11976995847116981
0.11919282224660695
0.11773578981082528
0.11736680107708836
0.11741883794979484
0.11556916365631877
0.114547348701355
0.11395128997762613
0.11306666314161583
0.1118887375685326
0.1114393282133402
0.11081488574086235
0.11016679014442698
0.10960384579423861
0.10984983828339656
0.10827454022782741
0.10840226709719789
0.107900820869299
0.10777309399992853
0.10781093899826052
0.1074419502645236
0.10723853339848916
0.1069925409093312
0.10694050403662472
0.10678439341850526
0.10665193592434329
0.10690738966308423
0.1066046296764283
0.10640121281039384
0.10647217218226633
0.10602276282707393
0.1056868884668775
0.10560646784542202
0.10509082974314864
0.10513340536627214
0.1044238116475473
0.10420147228234684
0.10403116978985288
0.10328373107279605
0.10328373107279605
0.1026356354763607
0.10223826299387478
0.10254575360532223
0.10187400488492937
0.1021862261211683
0.10074338555976113
0.10012840433686626
0.10006690621457678
0.0995465374875119
0.09981618310062734
0.099139703755443
0.09895994001336603
0.09788608818569577
0.09790501068486178
0.09726164571321792
0.09640540262595661
0.09659462761761657
0.09698253885051948
0.09719068634134544
0.09710553509509845
0.09754075257591635
0.0968879263546895
0.09626821450700314
0.09480172082163847
0.09434285021686308
0.09388871023687918
0.09359541149980626
0.09351499087835077
0.0929615077777454
0.09162747158654269
0.09077122849928139
0.09052996663491494
0.09037385601679548
0.08991025478722858
0.09020828414909302
0.08995756103514357
0.08987714041368809
0.0898676791641051
0.08882694170997534
0.08859987171998339
0.08787608612688405
0.08711445553545272
0.08660354805797084
0.08387870817806746
0.08291839134539318
0.08286635447268668
0.08214729950437885
0.08300354259164015
0.0828332400991462
0.08252101886290726
0.08208580138208936
0.08116806017253857
0.08110183142545759
0.0810592558023341
0.08101668017921061
0.07998067334987234
0.07998540397466385
0.07963533774009292
0.07931365525427099
0.07946030462280745
0.07956437836822043
0.07945557399801596
0.07954072524426294
0.07950761087072244
0.0792710796311475
0.07914335276177703
0.07888789902303608
0.07832495467284772
0.07851891028929918
0.0779133903159873
0.07805530905973228
0.07776674094745084
0.07763428345328888
0.07769578157557835
0.07778566344661685
0.07773835719870185
0.07735517659059044
0.07727948659392646
0.07630970851166917
0.07631916976125218
0.07587449103085127
0.0757514947862723
0.07505609294192196
0.07473914108089154
