0.0
0.0
0.0
0.0
0.0
0.0
0.0
0.0
0.0
0.0
2.8383748748993554e-05
9.934312062147745e-05
9.934312062147745e-05
0.00021287811561745168
0.0003642581089454173
0.0006102505981033614
0.0007474387170568303
0.000894088085593297
0.0010360068293382649
0.0010549293285042605
0.0011873868226662304
0.001395534313492183
0.0015090693084881574
0.0017456005480631037
0.0019300949149315618
0.0018827886670165727
0.01066282828003858
0.010842592022115538
0.011064931387315988
0.011244695129392947
0.011140621383979971
0.011386613873137915
0.01153799386646588
0.01153799386646588
0.011859676352287808
0.011774525106040826
0.01180290885478982
0.012375314454561191
0.012484118824765666
0.012663882566842624
0.012791609436213096
0.013113291922035022
0.013179520669116008
0.012924066930375067
0.012744303188298107
0.012763225687464103
0.013406590659107957
0.01105547013773299
0.011315654501265432
0.011433920121052904
0.011774525106040826
0.01202524821999027
0.011959019472909284
0.011741410732500334
0.011911713224994295
0.004569783548587962
0.004967156031073872
0.005246262893772309
0.0050239235285718595
0.005941664738122651
0.005932203488539654
0.006282269723110574
0.0061166978554081115
0.006353229094983058
0.006854675322881944
0.007313545927657339
0.007294623428491344
0.011140621383979971
0.012441543201642176
0.009215257093839907
0.00897872585426496
0.00947071083258085
0.009872813939858258
0.009943773311730743
0.010445219539629628
0.010894628894822027
0.010771632650243055
0.01096085764190301
0.011358230124388921
0.011552185740840378
0.012034709469573268
0.010672289529621577
0.010634444531289585
0.009418673959874361
0.009314600214461385
0.009532208954870336
0.010388452042131641
0.010648636405664082
0.010421566415672134
0.01061552203212359
0.009309869589669886
0.009716703321738794
0.009641013325074811
0.009773470819236782
0.00819344213887614
0.008699618991566524
0.009418673959874361
0.01004311643235222
0.010279647671927166
0.010251263923178173
0.010733787651911063
0.011547455116048879
0.01198267259686678
0.012403698203310184
0.010454680789212627
0.011197388881477957
0.01162787573750436
0.010610791407332091
0.01074324890149406
0.011154813258354468
0.0114528426202189
0.011467034494593397
0.011845484477913311
0.011561646990423375
0.011571108240006373
0.011996864471241276
0.012455735076016673
0.01246992695039117
0.012843646308919585
0.01317479004432451
0.014064147505126308
0.014627091855314679
0.015535371815282473
0.015918552423393885
0.016150353038177332
0.017290433612928573
0.0171768986179326
0.017299894862511572
0.018600816680173778
0.01820344419768787
0.018865731668497716
0.01929148789973262
0.019414484144311593
0.019925391621793475
0.020729597836348295
0.020199767859700415
0.020899900328842255
0.021032357823004225
0.022054172777967992
0.022787419620650326
0.023397670218753688
0.022494120883577395
0.022612386503364865
0.02154326530048611
0.02216770777296397
0.02260292525378187
0.02308071835772326
0.02264077025211386
0.023066526483348764
0.022929338364395296
0.02391330832102707
0.025531181999719703
0.023690968955826622
0.024414754548925957
0.03282107480341955
0.03274538480675557
0.03301029979507951
0.033171141037990466
0.032362204198644155
0.032532506691138115
0.03354959102131038
0.034831590339806595
0.03594328716580884
0.03629335340037976
0.036832644626610636
0.036898873373691625
0.03757062209408447
0.037518585221377986
0.03765104271553995
0.03371989351380435
0.03422133974170323
0.035068121579381537
0.03546549406186745
0.035290460944581985
0.035266807820624496
0.04339402121241965
0.04371570369824158
0.043971157436982516
0.044325954296344935
0.04531938550255971
0.045839754229624594
0.0458161011056671
0.04635066170710648
0.046695997316885896
0.04818614412620806
0.0488910072201414
0.04877274160035393
0.0471454066720783
0.046965642930001335
0.04741032166040224
0.04797799663538211
0.04436852991946843
0.04532411612735121
0.04546130424630468
0.046005326097327055
0.04808207038079509
0.04663449919459641
0.04730151729019776
0.04750966478102371
0.04816722162704207
0.047230557918325276
0.05493201507888553
0.05570310691989985
0.05561795567365287
0.05601059753134728
0.056318088142794716
0.05703714311110255
0.05674857499882112
0.05760481808608242
0.057562242462958935
0.05760008746129092
0.06304030597151469
0.06310653471859567
0.06376409156461402
0.06337144970691962
0.06383032031169501
0.06406212092647845
0.0643317665395939
0.0643128440404279
0.06373570781586503
0.06375463031503102
0.06414254154793393
0.06464871840062432
0.0647149471477053
0.06464871840062432
0.06480009839395229
0.06513124212935721
0.06493255588811425
0.06538196524330665
0.06553807586142613
0.06445949340896437
0.06502716838394423
0.06506974400706773
0.06306395909547219
0.06328629846067263
0.06316330221609366
0.06312072659297017
0.06326264533671513
0.06406685155126995
0.06401954530335496
0.06419457842064043
0.06436488091313439
0.06448787715771336
0.06279904410714825
0.06366947906878405
0.06393912468189948
0.06381139781252901
0.06414254154793393
0.06215567913550439
0.06222190788258537
0.06237328787591334
0.06227394475529186
0.06269023973694376
0.06329102908546413
0.06354175219941358
0.06379720593815452
0.06332887408379612
0.0634424090787921
0.06371678531669904
0.06441218716104938
0.06381612843732051
0.06328629846067263
0.06316330221609366
0.06354648282420507
0.06347079282754109
0.06396277780585698
0.06383032031169501
0.06370259344232454
0.05846579179813523
0.058688131163335676
0.05917065489206857
0.059345688009354025
0.05865974741458668
0.05877801303437415
0.059260536763107045
0.05944030050518401
0.06119063167803861
0.06031546609161131
0.06057565045514375
0.06015462484870034
0.060537805456811755
0.061815074150516465
0.06269023973694376
0.06286527285422923
0.06333833533337913
0.06409523530001895
0.06324372283754914
0.06408577405043595
0.06434122778917689
0.06456356715437735
0.06382558968690351
0.06405265967689545
0.0643364971643854
0.06412361904876794
0.06413308029835094
0.06456829777916884
0.06446422403375586
0.06596856271745252
0.06620036333223597
0.06665923393701137
0.06685792017825432
0.06664031143784536
0.06762428139447715
0.06755805264739616
0.06779458388697111
0.0682629157413295
0.06838118136111697
0.06540088774247266
0.0652163933756042
0.06550969211267713
0.06553807586142613
0.06531573649622567
0.06525423837393618
0.06571783960350308
0.06586921959683105
0.06589287272078855
0.06592125646953753
0.06601113834057601
0.06600167709099301
0.06664977268742837
0.06713702704095276
0.06730259890865523
0.0669383407997098
0.06705660641949727
0.0669809164228333
0.06667342581138587
0.06643689457181091
0.06709445141782927
0.06707552891866327
0.06791758013155008
0.06793177200592458
0.06799327012821406
0.06971521755231967
0.06878801509318588
0.06883059071630937
0.06918538757567179
0.06990917316877113
0.07033966002479754
0.0709026043749859
0.0713567443549698
0.07124320935997383
0.07141351185246779
0.07163112059287674
0.07211364432160963
0.07211837494640112
0.0713378218558038
0.07141824247725928
0.07126686248393133
0.0713283606062208
0.07072757125770045
0.07027343127771654
0.07036331314875502
0.07066134251061945
0.07071811000811745
0.07050523189249999
0.07028289252729955
0.06980983004814965
0.07016462690751207
0.07039169689750402
0.07025923940334206
0.0705005012677085
0.07060457501312146
0.07055253814041498
0.07085529812707092
0.07147500997475727
0.07170207996474923
0.07165477371683424
0.0718156149597452
0.0722602936901461
0.07212310557119263
0.07193388057953266
0.07325372489636087
0.0735895992565573
0.07385924486967273
0.07371732612592777
0.07315911240053088
0.07411469860841367
0.07405320048612418
0.07394439611591971
0.0739775104894602
0.07406266173570719
0.07392074299196222
0.07561903729211034
0.07569945791356582
0.07641378225708215
0.07477698607922352
0.07457829983798057
0.07454991608923157
0.07472021858172553
0.07481956170234702
0.07482902295193002
0.07471548795693404
0.0748621373254705
0.07524531793358191
0.07508447669067095
0.07492363544775998
0.07529735480628841
0.07505136231713046
0.07510812981462844
0.07482902295193002
0.0748432148263045
0.07458303046277207
0.07492836607255149
0.07476752482964052
0.07507974606587946
0.07511286043941995
0.07518855043608393
0.07516016668733494
0.07502297856838147
0.0748432148263045
0.07453099359006558
0.074904712948594
0.07459249171235506
0.07450734046610809
0.07428500110090763
0.07450734046610809
0.07474387170568303
0.07463506733547856
0.07437488297194611
0.0744316504694441
0.07448841796694208
0.07452153234048259
0.07453572421485707
0.07449787921652509
0.07449314859173359
0.074933096697343
0.07529735480628841
0.07528789355670541
0.07550550229711436
0.07539196730211839
0.07567580478960832
0.07571838041273181
0.0757562254110638
0.07618198164229871
0.07622928789021369
0.07600221790022174
0.07605898539771973
0.07534939167899489
0.07515070543775194
0.07497094169567498
0.07505609294192196
0.07491417419817699
0.07499459481963247
0.07503717044275597
0.07534939167899489
0.0753257385550374
0.07554807792023785
0.07562849854169333
0.07589341353001727
0.07581299290856179
0.0753399304294119
0.07560011479294433
0.07529735480628841
0.07522639543441592
0.07632390038604367
0.07604006289855374
0.07604952414813673
0.0761961735166732
0.0761914428918817
0.07623401851500519
0.07631916976125218
0.07673073411811258
0.07810734593243877
0.07820668905306025
0.07812153780681326
0.07823507280180923
0.07841956716867769
0.0793183858790625
0.07916700588573453
0.07916700588573453
0.07917646713531752
0.07902508714198955
0.079304194004688
0.07937988400135197
0.07943192087405847
0.07939880650051798
0.07985767710529337
0.07989552210362535
0.07933730837822849
0.0793089246294795
0.079256887756773
0.079285271505522
0.07902508714198955
0.07867029028262713
0.07835806904638822
0.07827764842493273
0.07838172217034571
0.07858513903638016
0.07897305026928307
0.07889262964782759
0.07903454839157256
0.07902035651719806
0.07871286590575063
0.07897778089407458
0.07936569212697749
0.07942245962447547
0.07934676962781148
0.07948868837155645
0.07936569212697749
0.07911496901302804
