0.0
0.0
0.0
0.0
0.0
0.0
0.0
0.0
0.0
0.0
0.0
0.0
0.0
0.0
0.0007379774674738324
0.0010028924557977724
0.0010975049516277508
0.0010975049516277508
0.001466493685364667
0.0015232611828626542
0.0030512529905168074
0.0025072311394944307
0.0030370611161423104
0.002753223628652375
0.002942448620312332
0.003193171734261775
0.00413929669256156
0.004583975422962459
0.004413672930468498
0.006608682833724
0.0065519153362260125
0.007668342787019759
0.007734571534100744
0.008467818376783077
0.010090422680267209
0.01030803142067616
0.012427351327267678
0.012782148186630099
0.013146406295575515
0.013619468774725408
0.013723542520138384
0.014347984992616242
0.014310139994284252
0.014262833746369262
0.017380315483967054
0.017560079226044013
0.01754115672687802
0.01757900172521001
0.020431568474483863
0.02053091159510534
0.02056875659343733
0.020852594080927267
0.019528019139307566
0.020072040990329942
0.019726705380550522
0.02008623286470444
0.022054172777967992
0.021396615931949643
0.022030519654010497
0.022626578377739362
0.021349309684034652
0.022129862774631977
0.022446814635662404
0.02298137523710178
0.02462763266454341
0.02572513761617116
0.02519057701473178
0.026874679440505398
0.025431838879098227
0.02669491569842844
0.027196361926327326
0.02735247254444679
0.027248398799033815
0.029178493713965376
0.029055497469386404
0.02991174055664771
0.031340389243680385
0.032466277944057126
0.03276430730592156
0.03224393857885668
0.03231962857552066
0.030115157422682164
0.032215554830107684
0.03305760604299449
0.03285891980175154
0.034230800991286225
0.035522261559365435
0.03585340529477036
0.036359582147460746
0.037759847085744425
0.03863028204738023
0.03846944080446927
0.03872489454321021
0.03959532950484601
0.03997851011295742
0.04091990444646571
0.039268916394232585
0.03956694575609702
0.040011624486497914
0.03759900584283346
0.03769361833866344
0.037892304579906395
0.03885262141258068
0.04202687064767646
0.03590544216747685
0.03669072588286567
0.03692725712244062
0.03715905773722406
0.039268916394232585
0.03896142578278516
0.038412673306971276
0.03934460639089657
0.04012042885670239
0.04134093005290911
0.041955911275803975
0.04203160127246796
0.04308653060097222
0.04429757054759594
0.047230557918325276
0.047684697898309175
0.04870178222848144
0.05028181090884209
0.05017300653863761
0.05017300653863761
0.049922283424688164
0.050641338392996005
0.05088260025736245
0.051563810227338296
0.05281269517229401
0.055731490668648846
0.05567472317115086
0.0563937781394587
0.057013489987145054
0.05872124553687617
0.06164004103323101
0.06189549477197195
0.06399589217939747
0.06467710214937332
0.06494201713769726
0.060637148577433235
0.06158327353573302
0.06356067469857957
0.06395804718106549
0.06399589217939747
0.06479536776916078
0.06522112400039569
0.06731206015823822
0.06684372830387983
0.06674911580804985
0.06687684267742032
0.06775200826384761
0.06601113834057601
0.06548603898871963
0.06096829231283816
0.06501770713436124
0.06506974400706773
0.06518327900206371
0.06525896899872768
0.06595910146786953
0.06705660641949727
0.06702822267074829
0.06771416326551563
0.06667815643617736
0.06699983892199929
0.06497986213602924
0.06545765523997064
0.06524950774914469
0.06572730085308608
0.06584083584808205
0.06511705025498271
0.06619090208265298
0.06683426705429683
0.06753439952343866
0.06994701816710312
0.0708694900014454
0.07063768938666197
0.0722461018157716
0.07295096490970494
0.07269078054617249
0.07305503865511792
0.07300773240720293
0.07252520867847004
0.0731354592765734
0.07155543059621275
0.07131889935663781
0.07156016122100425
0.07132362998142931
0.07164058184245974
0.07184399870849419
0.06531100587143417
0.06425134591813841
0.06531573649622567
0.06494674776248875
0.06217460163467038
0.06200429914217642
0.062335442877581346
0.0625057453700753
0.06284635035506324
0.06339037220608561
0.06328629846067263
0.06301192222276569
0.06217460163467038
0.062349634751955846
0.06276119910881625
0.06269970098652676
0.06393439405710799
0.06373570781586503
0.06382558968690351
0.06404319842731246
0.06399116155460598
0.06319641658963415
0.06393439405710799
0.06394385530669099
0.06399589217939747
0.06441691778584088
0.0647291390220798
0.06397223905543997
0.0643317665395939
0.06351336845066458
0.0634329478292091
0.06361744219607755
0.059899171109959404
0.06160219603489901
0.06200429914217642
0.062046874765299916
0.06284635035506324
0.06437434216271738
0.06498932338561225
0.06544819399038763
0.06584083584808205
0.0664842008197259
0.06670180956013486
0.06723163953678274
0.0673924807796937
0.06745397890198318
0.06711810454178677
0.06124739917553659
0.061526506038235035
0.062264483505708866
0.06233071225278985
0.0630024609731827
0.06285581160464623
0.0651927402516467
0.06469602464853931
0.0647386002716628
0.06441218716104938
0.06418038654626593
0.06436015028834288
0.06466291027499882
0.06544346336559614
0.06602059959015902
0.06568945585475408
0.06568945585475408
0.06504609088311024
0.06515962587810621
0.06498932338561225
0.06616251833390398
0.06585975834724805
0.06560430460850711
0.06613413458515499
0.06663085018826237
0.06595437084307802
0.06501770713436124
0.06578879897537557
0.06628551457848295
0.06631862895202345
0.06435541966355139
0.06501297650956973
0.06449260778250486
0.0616731554067715
0.06145081604157105
0.06162111853406501
0.06100140668637865
0.06066080170139073
0.06234490412716435
0.06359378907212006
0.06443110966021537
0.06419457842064043
0.06478590651957779
0.06548603898871963
0.06526843024831068
0.06535358149455767
0.06533465899539166
0.06533465899539166
0.0651407033789402
0.06540561836726415
0.0656232271076731
0.06539615711768115
0.06499878463519525
0.06542927149122164
0.06524950774914469
0.06543400211601315
0.06585502772245655
0.06591179521995454
0.0661010202116145
0.06657881331555589
0.0669383407997098
0.06762901201926864
0.06726475391032323
0.06723163953678274
0.06719852516324225
0.06788446575800959
0.06885897446505837
0.05942610863080951
0.06008839610161936
0.060050551103287365
0.06038169483869229
0.060419539837024284
0.06030600484202831
0.06096829231283816
0.06039115608827529
0.06048103795931377
0.0607837979459697
0.06099667606158715
0.060604034203892744
0.060887871691382676
0.05998905298099788
0.05987078736121041
0.059407186131643516
0.05913754051852808
0.06007893485203636
0.06045738483535627
0.06140824041844756
0.06153123666302653
0.06206106663967441
0.062202985383419375
0.061744114778643985
0.061763037277809976
0.06158800416052452
0.062302328504040855
0.06191914789592944
0.06195699289426143
0.06170153915552049
0.06118117042845561
0.06114805605491512
0.0612237460515791
0.061597465410107514
0.06155488978698403
0.06193807039509544
0.061952262269469933
0.061597465410107514
0.06119063167803861
0.061058174183876636
0.0607790673211782
0.0612332073011621
0.06187184164801445
0.060991945436795654
0.060604034203892744
0.060466846084939276
0.0607790673211782
0.06025869859411332
0.061110211056583125
0.06089733294096567
0.06076487544680371
0.0607837979459697
0.06087841044179968
0.061767767902601474
0.061744114778643985
0.06266658661298627
0.06230705912883235
0.06288419535339522
0.06170626978031199
0.06163531040843951
0.06159273478531602
0.061677886031562996
0.06158327353573302
0.06192387852072094
0.06185291914884846
0.062098911638006404
0.0621083728875894
0.06228340600487486
0.06188603352238895
0.06187657227280595
0.061900225396763445
0.06096829231283816
0.060499960458479767
0.06059457295430974
0.06051415233285426
0.06131835854740908
0.06142243229282206
0.06104398230950214
0.060708107949305715
0.06118117042845561
0.061677886031562996
0.06219825475862788
0.06160219603489901
0.061649502282814
0.06183872727447396
0.062354365376747344
0.06246316974695182
0.06273754598485876
0.06346606220274958
0.06315384096651067
0.06322480033838315
0.06357013594816256
0.0634329478292091
0.06364109532003505
0.06382558968690351
0.06368840156795004
0.06359378907212006
0.06418511717105743
0.06395804718106549
0.06417092529668293
0.06411888842397645
0.06421350091980642
0.06425134591813841
0.06437434216271738
0.0643081134156364
0.06453991403041985
0.0643223052900109
0.06392020218273349
0.06370259344232454
0.06374043844065654
0.06335252720775361
0.06325791471192364
0.06312072659297017
0.0630166528475572
0.06273754598485876
0.06324372283754914
0.06278012160798224
0.06306868972026368
0.06307815096984667
0.06286054222943772
0.06282269723110574
0.06295988535005921
0.0629788078492252
0.06320114721442566
0.06328629846067263
0.06224083038175137
0.06206106663967441
0.06222190788258537
0.061597465410107514
0.061256860425119596
0.06157854291094152
0.06197591539342743
0.06152177541344353
0.06083583481867619
0.06057565045514375
0.060684454825348226
0.06046211546014777
0.06037696421390079
0.060405347962649784
0.06032965796598581
0.05945922300435
0.05938353300768602
0.059407186131643516
0.05933149613497953
0.05919903864081756
0.059142271143319575
0.058839511156663644
0.05874489866083366
0.05864555554021218
0.05881112740791465
0.057595356836499426
0.05779404307774238
0.05788865557357236
0.05765685495878891
0.057548050588584435
0.057207445603596516
0.05724055997713701
0.0572547518515115
0.057268943725886
0.057245290601928504
0.05676749749798711
0.05678168937236161
0.056791150621944606
0.056923608116106576
0.056923608116106576
0.0568337262450681
0.05663504000382514
0.0563985087642502
0.056223475646964734
0.05587814003718532
0.055613225048861376
0.055750413167814844
0.055783527541355335
0.05540034693324392
0.05491782320451103
0.05491782320451103
0.054288650107241675
0.05435487885432266
0.05401427386933474
0.054052118867666726
0.05401427386933474
0.05356486451414234
0.053328333274567395
0.05334252514894189
0.05335198639852489
0.05267077642854904
0.052708621426881035
0.052221367073356645
0.051965913334615706
0.051786149592538744
0.05175776584378975
0.05123739711672487
0.05097248212840093
0.0511096702473544
0.051294164614222856
0.05122793586714187
0.050792718386323966
