0.0
0.0
0.0
0.0
9.461249582997852e-05
0.00013245749416196994
0.00013245749416196994
0.00013245749416196994
0.00013245749416196994
0.00013245749416196994
0.00013245749416196994
0.00013245749416196994
0.0013293055664111981
0.0021240505313830176
0.00242207989324745
0.002483578015536936
0.0027390317542778783
0.0030228692417678137
0.0030228692417678137
0.0030228692417678137
0.002493039265119934
0.002360581770957964
0.0030228692417678137
0.0036141973407051793
0.0036141973407051793
0.003642581089454173
0.003775038583616143
0.003888573578612117
0.004210256064434044
0.004550861049421967
0.004777931039413915
0.005364528513559782
0.0054780635085557566
0.005979509736454642
0.006935095944337426
0.006935095944337426
0.003850728580280126
0.003907496077778113
0.004971886655865372
0.005918011614165156
0.007658881537436761
0.007639959038270766
0.008363744631370101
0.006769524076634963
0.007838645279513721
0.007942719024926697
0.007909604651386204
0.008439434628034084
0.00897872585426496
0.001348228065577194
0.0022706998999194846
0.0025072311394944307
0.002876219873231347
0.002876219873231347
0.002876219873231347
0.002876219873231347
0.003514854220083702
0.0038554592050716245
0.004101451694229569
0.0040825291950635735
0.004990809155031367
0.004919849783158883
0.005298299766478797
0.003633119839871175
0.0038743817042376206
0.0026586111328223963
0.0032972454796747516
0.0035337767192496978
0.004915119158367384
0.005676749749798711
0.005979509736454642
0.00991065893819025
0.00991065893819025
0.010128267678599201
0.013676236272223394
0.014565593733025193
0.015786094929231918
0.01575771118048292
0.016358500529003287
0.016902522380025663
0.01347755003098044
0.014835239346140632
0.01593274429776838
0.017768226716869968
0.019457059767435083
0.020644446590101312
0.02170410654339707
0.022248128394419447
0.022120401525048978
0.023586895210413645
0.02136350155840915
0.022877301491688807
0.02355851146166465
0.022848917742939814
0.02514800139160829
0.027059173807373858
0.02965155619311527
0.031075474255356447
0.03188441109470276
0.0330292222942455
0.03230543670114617
0.03321844728590546
0.03334144353048443
0.035858135919561857
0.03792068832865539
0.03885262141258068
0.039131728275279117
0.0400683919839959
0.043351445589296156
0.04387654494115254
0.044193496802182965
0.045399806124015195
0.04730624791498926
0.04898561971597138
0.0506649915169535
0.0515401571033808
0.054118347614747715
0.055111778820962486
0.05553753505219739
0.05748655246629495
0.05698037561360456
0.057647393709205914
0.05757170371254193
0.056573541881535655
0.056791150621944606
0.0590240055235321
0.06004582047849587
0.060622956703058735
0.05927945926227304
0.05797853744461084
0.05794542307107035
0.05793123119669585
0.05695199186485557
0.05680061187152761
0.05713648623172403
0.059307843011022036
0.05964371737121846
0.061427162917613555
0.06174884540343548
0.06145554666636255
0.06235909600153884
0.062472630996534814
0.06441218716104938
0.06301192222276569
0.06410469654960195
0.06380193656294601
0.0643033827908449
0.06516908712768921
0.06548603898871963
0.06631389832723195
0.06677749955679883
0.06734990515657022
0.0687123250965219
0.06880693759235187
0.06899616258401184
0.06818722574466551
0.06953072318545121
0.07013624315876307
0.07042954189583601
0.07079853062957292
0.07059038313874698
0.070476848143751
0.06795069450509057
0.06928946132108477
0.07078906937998992
0.0713378218558038
0.0687217863461049
0.06956856818378321
0.07075595500644943
0.07040588877187852
0.07053834626604048
0.07058565251395547
0.07154596934662975
0.07229340806368659
0.07300773240720293
0.07378355487300875
0.07354702363343381
0.07380247737217474
0.0739633186150857
0.07337672114093984
0.07294150366012193
0.07294150366012193
0.07318749614927988
0.0731070755278244
0.07347133363676982
0.07235017556118457
0.07235490618597608
0.07280431554116847
0.07317803489969689
0.07374570987467675
0.0708931431254029
0.07160746746891924
0.07251574742888704
0.07308342240386691
0.07289892803699845
0.074895251699011
0.07551969417148885
0.07573257228710631
0.07730313971788395
0.07799854156223429
0.07904400964115556
0.07853310216367367
0.07990971397799985
0.08001378772341283
0.07986713835487637
0.07987186897966787
0.08068553644380569
0.08062876894630769
0.08182088639376542
0.08266766823144374
0.08387397755327596
0.08222298950104283
0.08167896765002046
0.08072338144213767
0.08081799393796765
0.08078014893963566
0.0819013070152209
0.08259670885957125
0.08384559380452697
0.08405374129535292
0.08479171876282675
0.0846119550207498
0.08606425683173996
0.08713337803461872
0.08714756990899322
0.08793285362438204
0.08876544358768584
0.0898534872897306
0.09006163478055655
0.08978725854264961
0.09043535413908498
0.09127267472718027
0.0920674196921521
0.09256413529525949
0.09274862966212795
0.08695834491733326
0.08624402057381692
0.08645216806464287
0.08681642617358828
0.08694415304295876
0.08596018308632698
0.08635755556881289
0.08595545246153549
0.08578988059383302
0.08587503184008001
0.08653731931088986
0.08700565116524825
0.08697253679170776
0.06522112400039569
0.06522112400039569
0.0652400464995617
0.06470075527333081
0.06585029709766504
0.06595910146786953
0.06515962587810621
0.06671600143450936
0.0674114032788597
0.06719852516324225
0.07142297310205079
0.0709120656245689
0.07083637562790492
0.07250155555451254
0.07329156989469286
0.07498040294525797
0.07393966549112821
0.07445530359340159
0.07504663169233897
0.07783296969453184
0.0793089246294795
0.07863717590908664
0.07884059277512111
0.07921431213364952
0.08001851834820434
0.0797346808607144
0.08043481332985623
0.08074230394130368
0.08120590517087056
0.08289946884622718
0.08310288571226164
0.08358067881620303
0.08384086317973546
0.08392128380119095
0.08450788127533682
0.08170735139876945
0.081466089534403
0.08112548454941508
0.08053415645047772
0.07941772899968397
0.07939407587572647
0.07903454839157256
0.07946030462280745
0.07955491711863744
0.07961168461613542
0.07939880650051798
0.08066661394463968
0.08310288571226164
0.08381721005577797
0.0845835712720008
0.08466872251824778
0.08485794750990773
0.08509447874948269
0.08443219127867284
0.08418146816472338
0.08443219127867284
0.08340091507412607
0.08350971944433054
0.08227029574895782
0.08416254566555739
0.0837084056855735
0.08427135003576187
0.0841436231663914
0.08403954942097842
0.0845599181480433
0.08491944563219722
0.08321169008246611
0.08309342446267863
0.08130997891628354
0.08111129267504058
0.08226083449937482
0.08359487069057753
0.08422877441263837
0.08337253132537707
0.08380774880619497
0.08295623634372516
0.08341983757329206
0.08424769691180438
0.08406793316972741
0.08362798506411802
0.08377463443265448
0.08390709192681645
0.0836989444359905
0.083703675060782
0.08304138758997215
0.08335833945100257
0.0836705606872415
0.08411050879285091
0.08381247943098648
0.08493363750657172
0.08517489937093817
0.08473022064053726
0.0849714825049037
0.08552969623030059
0.0845788406472093
0.08388816942765046
0.083684752561616
0.08376044255827998
0.08241221449270279
0.08409631691847641
0.08436596253159184
0.0841199700424339
0.08402535754660392
0.08317857570892562
0.08332522507746208
0.08386451630369296
0.08366583006245
0.08366109943765851
0.08358540944099452
0.08344349069724956
0.08328738007913009
0.08274808885289922
0.08331103320308758
0.08157962452939897
0.08177831077064193
0.08285216259831218
0.08248790448936677
0.08189657639042941
0.08140459141211352
0.08120590517087056
0.08142824453607102
0.08087003081067413
0.0819391520135529
0.08205268700854887
0.08241694511749428
0.08218041387791934
0.08226556512416633
0.08155597140544149
0.08099775768004461
0.08092206768338063
0.08096937393129562
0.08028816396131977
0.07952653336988845
0.07823980342660074
0.0779133903159873
0.07743559721204592
0.07722744972121996
0.07771943469953585
0.07674019536769558
0.07455464671402308
0.07407212298529019
0.07421877235382665
0.07375990174905125
0.07420458047945215
0.07375990174905125
0.07274754804367048
0.07317803489969689
0.07302665490636892
0.07233125306201858
0.07184872933328569
0.07199064807703065
0.07212310557119263
0.07208999119765214
0.07197645620265616
0.07139931997809329
0.07078433875519843
0.070476848143751
0.070476848143751
0.07043900314541901
0.07027343127771654
0.07032073752563153
0.06991390379356263
0.06971521755231967
0.06970575630273668
0.06969156442836218
0.07042954189583601
0.07018354940667806
0.06951653131107671
0.0691711957012973
0.0700227081637671
0.06992809566793712
0.07033492940000603
0.07053834626604048
0.07067080376020246
0.06935569006816575
0.06923742444837828
0.06885424384026687
0.06918538757567179
0.06924215507316978
0.0700510919125161
0.07021666378021856
0.07042008064625302
0.06931784506983377
0.06905766070630132
0.06893939508651385
0.06858932885194292
0.06793177200592458
0.06766685701760064
0.06729786828386372
0.06680115268075633
0.06669707893534335
0.06633755145118944
0.0664936620693089
0.06623347770577646
0.06635174332556394
0.06648893144451741
0.0660820977124485
0.066048983338908
0.06576041522662657
0.06547184711434513
0.06476225339562029
0.06527316087310218
0.0656326883572561
0.06552388398705163
0.0656468802316306
0.06544819399038763
0.06548603898871963
0.06558538210934112
0.0651785483772722
0.06522112400039569
0.06531100587143417
0.06494674776248875
0.06512651150456572
0.06549550023830263
0.06559011273413261
0.06559011273413261
0.06557592085975811
0.06550496148788564
0.06541034899205565
0.06583137459849905
0.06586921959683105
0.06575095397704357
0.06576514585141807
0.06600640771578452
0.06620982458181897
0.06592125646953753
0.06619563270744447
0.06582191334891606
0.06542927149122164
0.0656090352332986
0.06586448897203954
0.06549550023830263
0.06507447463185922
0.06488998026499077
0.06445949340896437
0.0647433308964543
0.0642702684173044
0.06374989969023953
0.06354175219941358
0.0634613315779581
0.0634471397035836
0.06249628412049231
0.06218879350904488
0.0620894503884234
0.06189076414718045
0.06155015916219252
0.06124739917553659
0.062013760391759425
0.06185764977363996
0.06096356168804666
0.061256860425119596
0.061327819796992075
