0.0
0.0
0.0
0.0
0.0
0.0
0.00057240559977137
0.00057240559977137
0.00057240559977137
0.0007994755897633185
0.0007994755897633185
0.0014523018109901702
0.0014523018109901702
0.0014523018109901702
0.0013671505647431896
0.0014049955630751811
0.0020672830338850307
0.0020672830338850307
0.0032262861078022676
0.003264131106134259
0.003339821102798242
0.003883842953820618
0.003954802325693102
0.003992647324025093
0.003992647324025093
0.004162949816519055
0.005047576652529354
0.005075960401278347
0.005085421650861345
0.005038115402946356
0.005113805399610339
0.00020341686603445383
0.00020341686603445383
0.00020341686603445383
0.000127726869370471
0.0008183980889293142
0.0008562430872613056
0.0009887005814232755
0.00127726869370471
0.0021902792784640026
0.0023889655197069574
0.002559268012200919
0.0026349580088649016
0.002866758623648349
0.0032452086069682633
0.002630227384073403
0.002895142372397343
0.003372935476338734
0.003443894848211218
0.005180034146691324
0.005303030391270296
0.006310653471859567
0.006296461597485071
0.00915848959634192
0.008817884611353998
0.006963479693086419
0.007516962793691793
0.008387397755327595
0.008359014006578602
0.008169789014918645
0.00920106521946541
0.00920106521946541
0.009361906462376375
0.0096930501977813
0.009863352690275261
0.011093315136064982
0.01175560260687483
0.012550347571846652
0.013463358156605943
0.014584516232191189
0.015256264952584036
0.013241018791405493
0.013217365667448
0.014409483114905728
0.01598478117047487
0.01603208741838986
0.015298840575707526
0.015587408687988961
0.01767361422103999
0.01809937045227489
0.018747466048710245
0.020441029724066858
0.02110804781966821
0.021297272811328163
0.022186630272129963
0.020942475951965744
0.02161895529715009
0.02166153092027358
0.022844187118148312
0.02040318472573487
0.021822372163184545
0.022229205895253453
0.024291758304346985
0.023402400843545185
0.02360108708478814
0.02434852580184497
0.024447868922466448
0.023733544578950112
0.023544319587290155
0.024566134542253922
0.017772957341661465
0.017877031087074443
0.018861001043706218
0.019887546623461486
0.020247074107615403
0.020634985340518316
0.02136823218320065
0.021633147171524588
0.02197375215651251
0.022394777762955915
0.022900954615646302
0.023411862093128184
0.02321790647667673
0.024107263937478526
0.025001352023071823
0.025398724505557732
0.025474414502221716
0.025791366363252143
0.026245506343236042
0.026543535705100475
0.027030790058624864
0.02921633871229737
0.030190847419346144
0.026273890091985035
0.027338280670072292
0.02757481190964724
0.026240775718444544
0.0299448549301882
0.031170086751186425
0.03122685424868441
0.029500176199787304
0.032007407339281736
0.03272173168279807
0.03324683103465445
0.03578717654768938
0.03601424653768132
0.0369934858695216
0.0369934858695216
0.036898873373691625
0.03792541895344689
0.035673641552693404
0.03620347152934128
0.036761685254738156
0.03735301335367552
0.03894250328361916
0.039633174503178
0.040461033841690315
0.04048941759043931
0.04414619055426798
0.04346024995950063
0.0440279249344805
0.044425297416966415
0.044042116808855
0.044496256788838895
0.04461452240862637
0.045484957370262175
0.046043171095659044
0.048034764132880096
0.048526749111195984
0.0493356859505423
0.049302571577001804
0.04969048280990472
0.04984659342802418
0.05118062961922688
0.05223555894773114
0.052221367073356645
0.05180034146691324
0.05164423084879378
0.051918607086700715
0.05320060640519692
0.054790096335140565
0.054856325082221546
0.0546197938426466
0.0541751151122457
0.05518746881762647
0.05551861255303139
0.056658693127782635
0.05767104683316341
0.058115725563564306
0.058423216175011734
0.05911388739457058
0.05938826363247752
0.061777229152184476
0.06276119910881625
0.06432703591480239
0.06506501338227623
0.06396277780585698
0.06393439405710799
0.06435068903875989
0.0660820977124485
0.06568472522996259
0.06561849648288161
0.06508866650623372
0.06644162519660242
0.06755805264739616
0.07051469314208299
0.070476848143751
0.07549604104753135
0.07554334729544634
0.07555753916982084
0.07637120663395866
0.07693415098414703
0.07612521414480072
0.0762056347662562
0.0770713391031005
0.07780931657057434
0.07792285156557031
0.07849998779013317
0.07857567778679717
0.07868921278179314
0.07872705778012512
0.07893520527095108
0.07950288024593095
0.08032600895965177
0.08043008270506474
0.08039223770673275
0.08068080581901418
0.0806098464471417
0.08183980889293142
0.08161273890293948
0.08093152893296363
0.08121536642045356
0.08119171329649606
0.08277647260164821
0.08313600008580213
0.08330157195350459
0.08377463443265448
0.08218987512750234
0.07868921278179314
0.07859460028596316
0.07958330086738644
0.07955964774342894
0.08088422268504863
0.08111602329983209
0.08163166140210547
0.08273862760331621
0.08358540944099452
0.0840773944193104
0.0845599181480433
0.08478225751324375
0.08522693624364465
0.0863055186961064
0.08658462555880485
0.0867880424248393
0.08699618991566525
0.08728475802794669
0.08733206427586167
0.08740775427252566
0.08714756990899322
0.08730368052711268
0.08887424795789033
0.09057727288282993
0.09170316158320668
0.09187346407570064
0.09302300590003489
0.09360487274938925
0.09419620084832661
0.09487741081830246
0.09491525581663446
0.0951423258066264
0.09590395639805772
0.09697307760093649
0.09680750573323402
0.096864273230732
0.09796650880715126
0.09963168873375888
0.09897886251253203
0.09895994001336603
0.09833549754088818
0.09854364503171413
0.09971210935521437
0.09973576247917186
0.09993917934520631
0.09990133434687432
0.1004075111995647
0.09973103185438036
0.10012840433686626
0.10012367371207477
0.10028924557977723
0.10009528996332577
0.10024666995665374
0.10080961430684211
0.10071027118622064
0.10096572492496157
0.10073865493496963
0.0999864855931213
0.09992971809562332
0.10097045554975308
0.10170843301722692
0.1017273555163929
0.10128267678599201
0.1013252524091155
0.10145770990327746
0.10292893421343363
0.1044096197731728
0.10425823977984483
0.10287216671593565
0.10270659484823318
0.10673708717059027
0.10736626026785963
0.1074892565124386
0.10715811277703367
0.10801908648908648
0.10799070274033748
0.10840699772198939
0.1087570639565603
0.10771632650243054
0.10777309399992853
0.10819885023116343
0.10245587173428373
0.10236598986324526
0.10190238863367837
0.10196388675596785
0.10160908989660543
0.10190711925846986
0.10108872116954055
0.10159962864702243
0.10200173175429984
0.1022051486203343
0.10240856548636874
0.10320804107613207
0.10360068293382647
0.10471237975982872
0.10458938351524975
0.10269713359865018
0.10253156173094773
0.10255521485490522
0.10314181232905108
0.10138201990661348
0.1017273555163929
0.10198753987992534
0.10182669863701438
0.10268767234906719
0.10322696357529806
0.1039980554163124
0.10412105166089136
0.10469818788545424
0.10537466723063858
0.10537466723063858
0.10560173722063053
0.105710541590835
0.10627348594102337
0.10668031967309229
0.10584772970978847
0.10599437907832493
0.10679385466808826
0.10637755968643635
0.1052753241100171
0.10512867474148063
0.10598018720395044
0.10687427528954374
0.10717703527619966
0.10733787651911063
0.10731422339515313
0.10706350028120369
0.10704930840682919
0.10279174609448016
0.10273497859698218
0.10280593796885466
0.10249371673261573
0.10272078672260768
0.10292420358864213
0.10254102298053072
0.1021862261211683
0.10210580549971282
0.10203957675263184
0.10210580549971282
0.1021909567459598
0.10270186422344169
0.10191184988326137
0.1021956873707513
0.10254575360532223
0.10258359860365421
0.10211053612450431
0.10268767234906719
0.10273497859698218
0.10238964298720275
0.1039744022923549
0.10339726606779202
0.10308504483155309
0.10314181232905108
0.10310869795551059
0.1030519304580126
0.10292893421343363
0.10290528108947614
0.10312288982988509
0.103510801062788
0.10340672731737502
0.10369056480486497
0.10297150983655712
0.10352026231237099
0.10359122168424348
0.10376152417673744
0.10457046101608376
0.10481172288045021
0.10492998850023767
0.10458938351524975
0.103501339813205
0.10330738419675355
0.10308504483155309
0.10007636746415978
0.10014732683603227
0.10005744496499379
0.09946138624126492
0.0995228843635544
0.0995276149883459
0.09981618310062734
0.0999770243435383
0.1000337918410363
0.10009055933853428
0.10083799805559111
0.10126848491161751
0.10105560679600006
0.10107452929516605
0.10122117866370252
0.10109345179433205
0.10078123055809313
0.10038858870039871
0.10081907555642511
0.10093734117621259
0.10097518617454458
0.10094680242579558
0.10077649993330162
0.10118806429016203
0.10156651427348194
0.10141040365536248
0.10115494991662154
0.10115021929183003
0.10062038931518216
0.10030816807894323
0.10020882495832174
0.10027978433019423
0.1004264336987307
0.1004264336987307
0.09939988811897543
0.09922012437689848
0.09926270000002196
0.09929108374877096
0.0995418068627204
0.09922012437689848
0.09927689187439646
0.09869975564983359
0.09893155626461704
0.0987186781489996
0.09847741628463315
0.09882275189441256
0.09959857436021839
0.09990133434687432
0.10031762932852623
0.10028924557977723
0.10054942994330968
0.10074811618455262
0.10076230805892712
0.10066769556309714
0.10036493557644122
0.10111237429349805
0.10125429303724301
0.101311060534741
0.10294785671259962
0.10286743609114414
0.10284851359197815
0.10316073482821708
0.10315600420342558
0.10319384920175757
0.10299989358530612
0.1026687498499012
0.10326007794883856
0.10330738419675355
0.10326007794883856
0.10319384920175757
0.10317492670259158
0.10288635859031015
0.10292420358864213
0.10246533298386674
0.1026450967259437
0.10245587173428373
0.10280593796885466
0.10282959109281216
0.10334995981987703
0.10312288982988509
0.10284851359197815
0.10308504483155309
0.10283432171760365
0.10239437361199426
0.10249371673261573
0.10255521485490522
0.10259779047802871
0.10259779047802871
0.10326007794883856
0.10381356104944393
0.10390817354527392
0.10390817354527392
0.10465561226233074
0.10496310287377818
0.10465088163753924
0.10416835790880635
0.10411632103609986
0.1043859666492153
0.10418728040797234
0.10424877853026183
