0.0
0.0
0.0
0.0
0.0
0.0
0.0
0.00014191874374496779
0.0003689887337369162
0.0003689887337369162
0.0003689887337369162
0.0003689887337369162
0.0003689887337369162
0.0
0.0
0.0
7.095937187248389e-05
7.095937187248389e-05
0.00011826561978747315
0.00015611061811946457
0.00016557186770246242
0.00021287811561745168
0.00023180061478344737
0.0006007893485203636
0.0010076230805892712
0.001083313077253254
0.0035243154696666997
0.004233909188391539
0.005170572897108326
0.005005001029405863
0.00510907477481884
0.004792122913788412
0.005444949135015264
0.005790284744794686
0.006097775356242115
0.006532992837060016
0.006930365319545927
0.007393966549112821
0.0074885790449428
0.007299354053282843
0.007498040294525798
0.00775349403326674
0.008042062145548175
0.008051523395131172
0.008183980889293141
0.008917227731975475
0.00907333835009494
0.009697780822572798
0.009839699566317766
0.009593707077159822
0.010128267678599201
0.01021341892484618
0.010875706395656031
0.011008163889818
0.011377152623554918
0.01172248823333434
0.01255507819663815
0.012767956312255602
0.010866245146073032
0.006414727217272544
0.006883059071630938
0.007105398436831387
0.007370313425155327
0.007550077167232286
0.007450734046610809
0.0075831915407727785
0.007990025272841686
0.008288054634706119
0.008732733365107017
0.008992917728639459
0.009574784577993826
0.009499094581329843
0.010095153305058708
0.010577677033791599
0.010828400147741042
0.010870975770864532
0.010729057027119564
0.011041278263358493
0.011519071367299885
0.012034709469573268
0.012190820087692733
0.0123327388314377
0.012720650064340613
0.011954288848117786
0.012233395710816223
0.013378206910358962
0.017072824872519623
0.017432352356673543
0.01779187984082746
0.01789122296144894
0.01788649233665744
0.0171674373683496
0.017224204865847588
0.019319871648481615
0.01833117106705834
0.018435244812471316
0.018312248567892344
0.0185062041843438
0.019002919787451184
0.01898399728828519
0.01898399728828519
0.01906914853453217
0.019736166630133518
0.019225259152651636
0.01875692729829324
0.02039372347615187
0.020407915350526367
0.02035114785302838
0.02061606284135232
0.021155354067583197
0.021245235938621678
0.021037088447795723
0.021330387184868658
0.02189806215984853
0.02319898397751073
0.02326048209980022
0.023667315831869127
0.027645771281519724
0.02832225062670407
0.02839794062336805
0.029670478692281264
0.029802936186443234
0.030124618672265163
0.03069229364724503
0.030720677395994024
0.03134511986847188
0.03168099422866831
0.031084935504939442
0.031170086751186425
0.031926986717826254
0.03132146674451439
0.03149176923700835
0.03405103724920927
0.03417403349378824
0.03324210040986295
0.033104912290909484
0.033407672277565414
0.0343490666110737
0.0365535377639122
0.037187441485973055
0.03752804647096098
0.03816668081781333
0.03808626019635785
0.03794907207740438
0.03719690273555606
0.03746181772387999
0.03850255517800976
0.03872016391841871
0.039320953266939074
0.03924526327027509
0.039254724519858085
0.038109913320315346
0.03841740393176278
0.03793488020302989
0.038526208301967256
0.03902292390507464
0.03953383138255653
0.04026707822523886
0.04111386006291717
0.042627659996196825
0.04191806627747199
0.04220190376496192
0.04201267877330196
0.04257089249869884
0.043583246204079606
0.043706242448658575
0.044193496802182965
0.04434487679551093
0.04443475866654941
0.0427033499928608
0.04248574125245185
0.04264185187057132
0.042731733741609795
0.04401373306010601
0.04428337867322145
0.04488416802174181
0.04544711237193018
0.04551334111901117
0.04571202736025412
0.04620401233857001
0.04472332677883085
0.045049739889444274
0.0457924479817096
0.045655259862756134
0.04619455108898701
0.0480300335080886
0.04861663098223446
0.04940664532241478
0.0493214940761678
0.04959587031407474
0.04918903658200583
0.04945395157032977
0.0497756340561517
0.04973305843302821
0.05062241589383001
0.050811640885489964
0.050906253381319946
0.051284703364639854
0.05074541213840898
0.05170572897108326
0.052656584554174546
0.05299245891437097
0.053110724534158445
0.053380370147273884
0.05315803078207343
0.05367366888434681
0.05434541760473966
0.05423188260974369
0.05471913696326808
0.05496986007721752
0.055050280698673
0.052524127060012575
0.0497803646809432
0.05118536024401838
0.051384046485261334
0.05189495396274322
0.05136985461088684
0.05184764771482823
0.053834510127257776
0.053815587628091785
0.054591410093897605
0.055381424434077925
0.055613225048861376
0.05543819193157591
0.05562741692323587
0.056923608116106576
0.05695672248964707
0.05782242682649137
0.05822452993376878
0.0585935186675057
0.05687157124340009
0.057108102482975036
0.05715067810609852
0.057259482476303
0.057292596849843495
0.058825319282289144
0.05876855178479116
0.05884897240624664
0.05922269176477506
0.05951599050184799
0.060187739222240834
0.0607790673211782
0.06293150160131021
0.06310180409380417
0.06335725783254512
0.0630024609731827
0.0630071915979742
0.06307815096984667
0.06325791471192364
0.0630166528475572
0.0647196777724968
0.06486159651624178
0.06496093963686325
0.06494201713769726
0.06487105776582477
0.0651927402516467
0.06536304274414066
0.06617671020827848
0.06601586896536751
0.06590706459516303
0.06664031143784536
0.06673965455846685
0.06769997139114113
0.06844741010819796
0.06868867197256441
0.06879747634276888
0.06881639884193488
0.06897250946005434
0.06906239133109282
0.06900089320880333
0.06997540191585211
0.0704437337702105
0.07217514244389911
0.07234071431160158
0.07257251492638503
0.07251101680409554
0.07244005743222305
0.0726813192965895
0.07262928242388302
0.07265293554784051
0.07284216053950046
0.07327264739552687
0.07350917863510181
0.07363217487968078
0.07350444801031031
0.07389235924321322
0.07385451424488124
0.0753351998046204
0.07520274231045843
0.07526897105753941
0.07571838041273181
0.07572311103752331
0.07569472728877431
0.07558119229377834
0.07699564910643653
0.07686792223706605
0.07641378225708215
0.07671654224373808
0.07686319161227455
0.07686319161227455
0.07720379659726247
0.0775302097078759
0.07762009157891438
0.07775254907307635
0.07783296969453184
0.07766739782682937
0.07781877782015734
0.07807423155889827
0.07832022404805622
0.07894466652053407
0.07901562589240656
0.07900616464282356
0.07926161838156451
0.07934203900301999
0.07967318273842491
0.08026924146215378
0.08021720458944728
0.08034020083402627
0.08102614142879361
0.08101194955441911
0.08087949206025714
0.08086056956109114
0.08078487956442716
0.08174992702189295
0.08116332954774708
0.0810356026783766
0.08201957263500838
0.08204795638375738
0.0819249601391784
0.08177358014585044
0.08152758765669249
0.07923323463281551
0.07987659960445936
0.07996648147549784
0.08000432647382984
0.08151339578231799
0.08121063579566207
0.08113494579899808
0.08118225204691307
0.08109237017587459
0.08134782391461554
0.08156543265502449
0.08189657639042941
0.0823885613687453
0.08220406700187684
0.08232233262166432
0.08221825887625134
0.08238383074395379
0.08225610387458332
0.08213783825479586
0.0828474319735207
0.08270078260498423
0.08273862760331621
0.08259670885957125
0.08245005949103479
0.08251155761332427
0.08230814074728982
0.08247371261499227
0.08220879762666834
0.08197699701188489
0.08242167574228579
0.08213310763000435
0.08247371261499227
0.08246425136540927
0.0823743694943708
0.08272443572894173
0.08271970510415022
0.08257778636040525
0.08331103320308758
0.0832968413287131
0.08339618444933457
0.08347187444599855
0.08322588195684061
0.0832731882047556
0.0832589963303811
0.08316911445934262
0.083684752561616
0.08393547567556545
0.08357594819141152
0.0836705606872415
0.083732058809531
0.08403481879618692
0.08405847192014441
0.08214256887958735
0.08217095262833635
0.08205741763334037
0.08173100452272694
0.08154177953106699
0.08177831077064193
0.08181142514418242
0.08185873139209741
0.08170735139876945
0.08143770578565401
0.08126267266836855
0.08157016327981598
0.08113967642378958
0.0810497945527511
0.08080380206359315
0.08081326331317615
0.08058146269839271
0.08065242207026518
0.08052469520089472
0.0806382301958907
0.08291839134539318
0.08294204446935068
0.08247844323978377
0.08254467198686476
0.08229394887291532
0.08227975699854082
0.08226083449937482
0.0805720014488097
0.08043481332985623
0.08042535208027324
0.0805767320736012
0.08081326331317615
0.08122955829482806
0.08117279079733007
0.08161273890293948
0.0814424364104455
0.08168842889960345
0.08182088639376542
0.08204322575896587
0.08207160950771487
0.08270078260498423
0.0828095869751887
0.0828095869751887
0.0827717419768567
0.08275755010248222
0.0828095869751887
0.08265347635706924
0.08260143948436274
0.08308869383788714
0.08210472388125536
0.08199591951105088
0.08206687888292337
0.08217568325312784
0.08204795638375738
0.0819060376400124
0.08200538076063388
0.0819154988895954
0.08195807451271889
0.0819675357623019
0.08194861326313589
0.08188238451605491
0.08187292326647191
0.08179723326980792
0.08218041387791934
0.08209053200688086
0.0819060376400124
0.0819154988895954
0.08208107075729787
0.08181615576897393
0.08220879762666834
0.08420985191347238
0.08418619878951489
0.08405847192014441
0.08384086317973546
0.08366583006245
0.08338199257496007
0.08351445006912205
0.08344822132204105
0.08342456819808355
0.08331103320308758
0.08341510694850056
0.08342929882287506
0.08356648694182853
0.08348606632037305
0.08362798506411802
0.08355702569224553
0.08348133569558155
0.0841294312920169
0.08408212504410191
0.08249736573894977
0.08254467198686476
0.08264401510748624
0.08239802261832829
0.08222772012583433
0.0823507163704133
0.08230814074728982
0.0823649082447878
0.08204322575896587
0.08213783825479586
0.08112075392462359
0.08076122644046967
0.08025504958777928
0.0801698983415323
0.08011786146882581
0.08025504958777928
0.08019828209028129
0.07999959584903833
0.08005636334653632
0.07974887273508889
0.07986240773008486
0.07985294648050187
0.08022666583903029
0.08014624521757481
0.08000905709862134
0.08006109397132782
0.08011786146882581
0.08002324897299583
