0.0
0.0
0.0
0.0
0.0
0.0
0.0
0.0
0.0
0.0
0.0
0.0
0.0
0.0
9.461249582997852e-06
9.461249582997852e-06
9.461249582997852e-06
9.461249582997852e-06
9.461249582997852e-06
9.461249582997852e-06
9.461249582997852e-06
3.784499833199141e-05
0.00021287811561745168
0.00024126186436644522
0.0002696456131154388
0.0002696456131154388
0.00032641311061342587
0.0003453356097794216
0.0003453356097794216
0.0002885681122814345
0.0002885681122814345
0.0002932987370729334
0.000510907477481884
0.0006291730972693572
0.0007001324691418411
0.0009319330839252884
0.001026545579755267
0.0010643905780872583
0.001225231820998222
0.0013198443168282003
0.0013340361912026972
0.002866758623648349
0.003335090478006743
0.003335090478006743
0.0033445517275897405
0.0035526992184156934
0.0035905442167476847
0.004058876071106079
0.006750601577468968
0.006547184711434514
0.006679642205596484
0.006708025954345477
0.011727218858125837
0.01259765381976164
0.012976103803081554
0.013108561297243524
0.013151136920367014
0.013406590659107957
0.021770335290478057
0.022082556526716986
0.022101479025882984
0.022706998999194844
0.0224515452604539
0.022465737134828398
0.02250358213316039
0.022565080255449878
0.022744843997526836
0.022962452737935787
0.02319898397751073
0.023454437716251674
0.023473360215417672
0.02342605396750268
0.023539588962498657
0.023757197702907608
0.02269753774961185
0.023028681485016772
0.023099640856889255
0.02313275523042975
0.023170600228761738
0.02325102085021722
0.023355094595630198
0.02347809084020917
0.023932230820193065
0.02400792081685705
0.02405522706477204
0.0237855814516566
0.024145108935810518
0.024036304565606043
0.024206607058100005
0.024301219553929984
0.01955640288805656
0.019764550378882514
0.020053118491163948
0.02038426222656887
0.015100154334464572
0.016230773659632814
0.016434190525667268
0.016538264271080245
0.01668964426440821
0.019565864137639558
0.019745627879716517
0.020076771615121444
0.020171384110951422
0.020776904084263283
0.021954829657346516
0.021481767178196623
0.02192171528380602
0.021656800295482084
0.021789257789644054
0.02180818028881005
0.022238667144836452
0.022522504632326388
0.022579272129824374
0.023146947104804246
0.023506474588958163
0.023799773326031098
0.023960614568942062
0.02413091706143602
0.023009758985850778
0.02295772211314429
0.02295772211314429
0.02285364836773131
0.022929338364395296
0.024911470152033346
0.02515273201639979
0.025436569503889724
0.02542710825430673
0.02581975011200114
0.02585286448554163
0.02603262822761859
0.026150893847406063
0.027210553800701823
0.02735247254444679
0.02752750566173225
0.02765050190631122
0.02990227930706471
0.03011988804747366
0.03114170300243743
0.030857865514947496
0.030947747385985973
0.03109439675452244
0.031066013005773448
0.03109439675452244
0.03242370232093364
0.032617657937385094
0.0325703516894701
0.031912794843451754
0.032163517957401196
0.03225813045323118
0.03268861730925758
0.03268861730925758
0.03291095667445803
0.03299610792070501
0.03316641041319897
0.03381923663442582
0.03365366476672336
0.03204998296240522
0.0321540567078182
0.04280742373827378
0.04290203623410376
0.0431385674736787
0.04505447051423577
0.045584300490883654
0.046232396087319
0.046440543578144956
0.04528627112901922
0.045470765495887674
0.04549914924463667
0.048460520364114995
0.04847944286328099
0.0488862765953499
0.050669722141745
0.051194821493601377
0.05159692460087879
0.05182399459087073
0.05205579520565418
0.05231124894439512
0.05350336639185285
0.055111778820962486
0.055263158814290454
0.05626605127008823
0.05633701064196071
0.05642689251299919
0.0568289956202766
0.05778458182815938
0.05792650057190435
0.040144081980659885
0.04301084060430824
0.04390965931469303
0.04383396931802905
0.04401846368489751
0.04428337867322145
0.04482266989945232
0.045030817390278276
0.04521058113235524
0.06235909600153884
0.06222190788258537
0.06225975288091737
0.06268550911215227
0.06277539098319075
0.06282742785589723
0.06286054222943772
0.06333360470858762
0.06321533908880014
0.06406685155126995
0.06455883652958584
0.06450206903208786
0.06598275459182702
0.06640378019827042
0.06660246643951338
0.06657408269076438
0.06681061393033934
0.06677749955679883
0.06669234831055186
0.06673019330888386
0.06720798641282524
0.06734044390698721
0.06734990515657022
0.06922323257400378
0.06949287818711922
0.07069918750895145
0.07169261871516622
0.07125740123434832
0.07161692871850224
0.07174938621266422
0.07183453745891119
0.07271443367012999
0.07215621994473312
0.0730928836534499
0.07211837494640112
0.07155069997142126
0.07154596934662975
0.07173519433828972
0.0722271793166056
0.07228394681410359
0.07286581366345796
0.07276173991804498
0.0727097030453385
0.07261982117430002
0.07309761427824141
0.0731307286517819
0.07375517112425975
0.07381193862175774
0.07398224111425171
0.07405793111091569
0.0748999823238025
0.07511286043941995
0.0761630591431327
0.07646581912978864
0.0766503134966571
0.07680642411477656
0.07682534661394255
0.077066608478309
0.0771186453510155
0.07731733159225845
0.07736463784017343
0.07748763408475241
0.07788500656723832
0.07809315405806427
0.07841956716867769
0.07760589970453988
0.07553388604586335
0.0757136497879403
0.07558119229377834
0.07566634354002533
0.0757656866606468
0.0757373029118978
0.07547238792357387
0.07545346542440787
0.07526424043274792
0.07540615917649288
0.0757893397846043
0.07590287477960027
0.07604479352334524
0.07613940601917521
0.07621982664063069
0.07636174538437566
0.07678750161561057
0.07674019536769558
0.07695780410810453
0.07694361223373003
0.07692468973456404
0.07704768597914301
0.07700511035601952
0.07684426911310856
0.07745451971121192
0.0783959140447202
0.07857094716200566
0.07858040841158866
0.07887843777345309
0.07866555965783564
0.0788453233999126
0.07911023838823654
0.07922850400802402
0.07856621653721417
0.07854256341325667
0.07859933091075466
0.07868448215700163
0.0788500540247041
0.07900616464282356
0.07887843777345309
0.0787980171519976
0.07892574402136808
0.07884059277512111
0.0788311315255381
0.07884059277512111
0.07896831964449157
0.07958330086738644
0.07949341899634796
0.07956437836822043
0.07954545586905444
0.07935150025260299
0.07963533774009292
0.07945557399801596
0.08014624521757481
0.0801509758423663
0.08003271022257884
0.0801367839679918
0.08036858458277525
0.08055307894964371
0.0805625401992267
0.08049631145214572
0.08122955829482806
0.08118225204691307
0.08128159516753455
0.08140459141211352
0.08157962452939897
0.08154177953106699
0.08141878328648802
0.08185873139209741
0.08197699701188489
0.08209053200688086
0.08210945450604686
0.08206687888292337
0.08205268700854887
0.08206687888292337
0.08214256887958735
0.08175938827147594
0.08171681264835245
0.08180196389459943
0.08180669451939093
0.08182088639376542
0.08183507826813992
0.08157962452939897
0.08177831077064193
0.08158908577898198
0.08176884952105894
0.08268659073060973
0.08268659073060973
0.08272916635373322
0.08289946884622718
0.08290893009581017
0.0841199700424339
0.08420985191347238
0.08443692190346433
0.08471602876616277
0.08438961565554934
0.0845362650240858
0.0845883018967923
0.08431392565888536
0.08424296628701287
0.08415781504076589
0.08142824453607102
0.08089368393463163
0.08137147703857303
0.0814992039079435
0.08152285703190099
0.08207634013250636
0.08218514450271085
0.08315492258496812
0.08307450196351264
0.08306977133872114
0.08518436062052116
0.08523166686843615
0.08437542378117484
0.08449842002575382
0.08430919503409386
0.08466399189345628
0.08490998438261423
0.0845788406472093
0.08470183689178827
0.0845409956488773
0.08449842002575382
0.08622036744985942
0.08668396867942632
0.08665558493067732
0.0867643893008818
0.08659881743317933
0.0863244411952724
0.0863528249440214
0.08657989493401334
0.0867833118000478
0.0854492756088451
0.08540196936093011
0.08538777748655561
0.08546346748321959
0.08605952620694846
0.08578988059383302
0.08567634559883705
0.08563850060050505
0.08570472934758604
0.08576149684508402
0.08750709739314713
0.08728002740315519
0.08713810865941021
0.08715230053378471
0.08738410114856816
0.08735571739981916
0.08734152552544468
0.08821196048708048
0.08789500862605004
0.08763955488730911
0.0876206323881431
0.08789973925084155
0.08825453611020397
0.08818830736312298
0.08804638861937801
0.08812207861604199
0.08803692736979501
0.08787135550209255
0.08791393112521605
0.08815992361437398
0.08915335482058875
0.08924323669162725
0.08923850606683574
0.08938988606016371
0.08951288230474268
0.08960749480057266
0.08974941354431762
0.08983929541535611
0.08971629917077713
0.08982510354098161
0.0898818710384796
0.0898487566649391
0.09013259415242904
0.08992444666160308
0.08990079353764559
0.09000013665826707
0.08977306666827511
0.09121590722968229
0.0912017153553078
0.09263982529192347
0.09261617216796597
0.09271078466379595
0.09267293966546396
0.0924884452985955
0.09255940467046798
0.09225664468381206
0.09238910217797403
0.09283378090837492
0.09287635653149841
0.09324534526523533
0.09348187650481028
0.09352445212793377
0.09344403150647829
0.09343457025689529
0.09342983963210379
0.09434285021686308
0.09423877647145011
0.09433338896728008
0.0942435070962416
0.09435231146644608
0.09465980207789351
0.09477333707288949
0.0946787245770595
0.0947544145737235
0.09477806769768098
0.09483483519517898
0.09461722645477003
0.09456518958206353
0.09454626708289754
0.09495783143975794
0.09522274642808189
0.09524166892724788
0.09549239204119732
0.09534574267266085
0.09538831829578434
0.09526059142641387
0.09509028893391991
0.0951281339322519
0.09509028893391991
0.0951612483057924
0.09499094581329844
0.09488687206788546
0.09506663580996241
0.09510921143308591
0.09459830395560402
0.09459830395560402
0.09438069521519507
0.09439961771436108
0.09441854021352707
0.09410158835249664
0.09412524147645412
0.09387924898729619
0.09393601648479417
0.0937704446170917
0.09367110149647023
0.09340618650814629
0.09342037838252079
0.09362379524855524
