0.0
0.0
0.0
0.0
0.0
0.0
0.0
2.8383748748993554e-05
2.8383748748993554e-05
2.8383748748993554e-05
2.8383748748993554e-05
0.0
0.0
0.0
0.0
0.0
0.0
0.0
0.0
0.0
1.8922499165995704e-05
1.8922499165995704e-05
0.00010407374541297637
0.00010407374541297637
0.00011826561978747315
0.00016557186770246242
0.00024126186436644522
0.00031222123623892914
0.00027910686269843666
0.00029802936186443236
0.00029802936186443236
0.00029802936186443236
0.00029802936186443236
0.00029802936186443236
0.00031695186103042805
0.0003453356097794216
0.0003926418576944109
0.00037371935852841513
0.00043994810560940014
0.00044940935519239796
0.00044940935519239796
0.0005345606014393787
0.0006197118476863593
0.0005913280989373658
0.0006670180956013486
0.0006859405947673443
0.0008704349616358024
0.001026545579755267
0.0010643905780872583
0.0011022355764192498
0.0012346930705812197
0.0014523018109901702
0.001721947424105609
0.0019537480388890564
0.002176087404089506
0.002308544898251476
0.002426810518038949
0.0030796367392658007
0.0032452086069682633
0.00330197610446625
0.0035952748415391837
0.003571621717581689
0.003543237968832696
0.0036756954629946657
0.003836536705905629
0.0037230017109096546
0.002824183000524859
0.0029187954963548375
0.0033445517275897405
0.0035243154696666997
0.003448625473002717
0.0039642635752761
0.006310653471859567
0.006566107210600509
0.006674911580804984
0.006684372830387982
0.0076446896630622645
0.008420512128868088
0.008841537735311492
0.00898818710384796
0.010014732683603226
0.010558754534625603
0.011514340742508386
0.011798178229998322
0.012124591340611748
0.012186089462901234
0.01273484193871511
0.013264671915362989
0.014414213739697227
0.01448990373636121
0.015469143068201487
0.01854404918267579
0.019665207258261035
0.0202518047324069
0.020776904084263283
0.025379802006391738
0.02616508572178056
0.027238937549450816
0.027891763770677667
0.030872057389321993
0.03276903793071306
0.035356689691662974
0.035891250293102354
0.03593382591622584
0.03781661458324242
0.03916484264881961
0.039704133875050486
0.03944868013630955
0.040546185087937295
0.04043265009294132
0.039874436367544445
0.03996904886337443
0.04029546197398785
0.04025761697565586
0.04091990444646571
0.042514125001200845
0.041672073788314036
0.04170991878664603
0.04245262687891136
0.042296516260791894
0.04240532063099637
0.04265604374494582
0.043403482462002645
0.043403482462002645
0.04205998502121695
0.04325683309346618
0.04309126122576372
0.043356176214087654
0.04372516494782457
0.044562485535919884
0.04520585050756374
0.04549914924463667
0.04601478734691005
0.047131214797703797
0.0457971786065011
0.04567891298671363
0.04716905979603579
0.04652096419960044
0.04681426293667337
0.04722582729353378
0.047064986050622815
0.04724001916790828
0.04721636604395078
0.04777931039413915
0.04857878598390247
0.04870178222848144
0.04945395157032977
0.049600600938866236
0.0497614421817772
0.04959113968928324
0.04966209906115573
0.04942556782158078
0.0489051990945159
0.049714135933862216
0.0497803646809432
0.04987497717677318
0.049884438426356176
0.049704674684279214
0.04991282217510517
0.05012570029072262
0.05011150841634812
0.05025815778488459
0.04853621036077898
0.04866393723014945
0.048645014730983455
0.04819087475099956
0.04814356850308457
0.048257103498080545
0.04835171599391052
0.04821452787495705
0.04827129537245504
0.049146460958882345
0.04912753845971635
0.04914173033409085
0.048559863484736475
0.04881531722347742
0.047282594791031765
0.04750966478102371
0.047164329171244294
0.04642162107897896
0.04695145105562684
0.04658719294668142
0.046156706090655024
0.045787717356918105
0.04619928171377851
0.04638377608064697
0.04638377608064697
0.045182197383606244
0.045215311757146735
0.04577352548254361
0.04608101609399104
0.04647365795168545
0.04616143671544652
0.04629862483439999
0.04611886109232303
0.04602424859649305
0.04675276481438389
0.04646892732689395
0.04642162107897896
0.046610846070638916
0.04677168731354988
0.04667234419292841
0.04702241042749932
0.046762226063966884
0.04733936228852975
0.047197443544784785
0.047784041018930655
0.04783134726684564
0.047348823538112754
0.04761373852643669
0.047514395405815216
0.047433974784359734
0.047769849144556155
0.047131214797703797
0.04726840291665727
0.04718798229520179
0.046932528556460844
0.046880491683754355
0.046965642930001335
0.04721163541915928
0.04686629980937986
0.04661557669543042
0.046492580450851445
0.04572621923462862
0.045920174851080076
0.04552753299338566
0.04557956986609215
0.04553699424296866
0.04564106798838164
0.045669451737130634
0.04575933360816911
0.04586340735358209
0.0457924479817096
0.04614724484107202
0.045801909231292605
0.04411307618072748
0.044254994924472456
0.044548293661545384
0.04411307618072748
0.04416511305343397
0.044543563036753886
0.045049739889444274
0.045484957370262175
0.04562687611400714
0.04505920113902727
0.03872016391841871
0.03938245138922856
0.039652097002344
0.039874436367544445
0.039652097002344
0.04018192697899188
0.040106236982327896
0.04111386006291717
0.041482848796654086
0.04269388874327781
0.04252358625078385
0.04237220625745588
0.04253304750036684
0.043318331215755665
0.04312910622409571
0.04290676685889526
0.04332779246533866
0.043805585569280055
0.0436068993280371
0.04332306184054716
0.04324737184388318
0.04294934248201875
0.04467602053091586
0.04438745241863442
0.04416984367822547
0.044042116808855
0.043938043063442025
0.04461925303341787
0.04466655928133286
0.04480374740028633
0.04451990991279639
0.04477063302674584
0.044780094276328834
0.04488416802174181
0.04473278802841384
0.04423607242530646
0.04399481056094001
0.04292568935806126
0.042783770614316284
0.04268442749369481
0.04288784435972926
0.04253304750036684
0.042897305609312264
0.04244789625411986
0.04275065624077579
0.04275538686556729
0.04270808061765231
0.042745925615984295
0.04248574125245185
0.04222082626412792
0.042126213768297935
0.04224921001287691
0.04254723937474134
0.0427033499928608
0.04269388874327781
0.041690996287480034
0.04113751318687466
0.04109020693895967
0.04109020693895967
0.04198429502455297
0.04191806627747199
0.04215459751704693
0.04233909188391539
0.04260873749703083
0.04249993312682635
0.04186129877997399
0.042173520016212926
0.04193698877663798
0.041605845041233054
0.04132673817853462
0.04347917245866663
0.04339875183721115
0.0431574899728447
0.043181143096802196
0.043200065595968194
0.04294934248201875
0.04291149748368676
0.042783770614316284
0.0427364643664013
0.04247154937807736
0.04253304750036684
0.042481010627660354
0.0422870550112089
0.043365637463670656
0.0431716818472192
0.043185873721593694
0.04307706935138922
0.04355486245533061
0.04343186621075164
0.043370368088462154
0.04248574125245185
0.04260873749703083
0.04235328375828989
0.04195118065101248
0.041700457537063036
0.04134093005290911
0.041217933808330144
0.041856568155182496
0.04166261253873104
0.04144027317353059
0.04252358625078385
0.042093099394757444
0.04214986689225543
0.04201740939809346
0.04197956439976147
0.042258671262459906
0.04218771189058742
0.042107291269131944
0.04169572691227153
0.04155853879331806
0.04172884128581203
0.04147338754707108
0.04110439881333417
0.04078744695230374
0.04111386006291717
0.04072121820522275
0.03988389761712745
0.03975144012296548
0.03954329263213952
0.03935879826527106
0.039150650774445114
0.038999270781117146
0.03916011202402811
0.03894723390841066
0.0387627395415422
0.03800110895011087
0.03777876958491042
0.03779769208407642
0.03778823083449342
0.03778823083449342
0.037518585221377986
0.03736247460325852
0.036534615264746204
0.03503027658104955
0.03477482284230861
0.03455721410189965
0.03482212909022359
0.03470859409522762
0.034514638478776165
0.034429487232529185
0.03403684537483477
0.03354959102131038
0.03323263916027996
0.03337928852881642
0.03300083854549651
0.03317587166278197
0.03275484605633856
0.03274065418196407
0.03205471358719672
0.03195537046657525
0.03157692048325533
0.03131200549493139
0.030924094262028478
0.03144919361388486
0.03097140050994347
0.030767983643909015
0.030498338030793576
0.03047941553162758
0.030559836153083064
0.03056929740266606
0.03043683990850409
0.029992161178103192
0.029883356807898716
0.029930663055813704
0.030124618672265163
0.029907009931856212
0.029907009931856212
0.030100965548307667
0.029949585554979702
0.029717784940196255
0.029746168688945248
0.029211608087505867
0.02917376308917388
0.029055497469386404
0.02924472246104636
0.029396102454374327
0.029348796206459336
0.028970346223139425
0.028941962474390428
0.028752737482730474
0.028639202487734498
0.028743276233147475
0.02862501061336
0.02850201436878103
0.02859189623981951
0.028360095625036063
0.027934339393801157
0.02792014751942666
0.02779242065005619
0.027730922527766703
0.027546428160898247
0.02743289316590227
0.027636310031936725
0.02770253877901771
0.027598465033604733
0.027622118157562228
0.02792960876900966
0.027697808154226213
0.027664693780685718
0.027423431916319276
0.02726259067340831
0.02717270880236983
0.027234206924659318
0.027205823175910325
0.02708755755612285
0.02700240630987587
0.02722474567507632
0.026851026316547903
0.02678952819425842
0.02700240630987587
0.02700713693466737
0.026959830686752378
0.02690306318925439
0.02656718882905797
0.02641580883573
0.026311735090317027
0.02638269446218951
0.02634958008864902
0.026363771963023516
0.026363771963023516
0.025914362607831115
0.025692023242630667
0.025564296373260197
0.025564296373260197
0.025559565748468696
0.025223691388272275
0.025261536386604264
0.025176385140357284
0.024849972029743858
0.024864163904118355
0.024717514535581887
0.024868894528909852
0.02458032641662842
0.02471278391079039
0.02484524140495236
0.02476482078349688
0.024632363289334908
0.024424215798508956
0.02419241518372551
0.023970075818525057
0.023851810198737586
0.023752467078116107
0.023624740208745637
0.023795042701239597
0.023676777081452126
0.02382815707478009
0.023818695825197092
0.02366258520707763
0.023454437716251674
0.0233456333460472
0.02330305772292371
0.02321790647667673
0.02308071835772326
0.023331441471672702
0.02338820896917069
