0.0
0.0
0.0
0.0
0.0
0.0
0.0
0.0
0.0
0.0
0.0
0.0
0.0
1.8922499165995704e-05
1.8922499165995704e-05
1.8922499165995704e-05
9.461249582997852e-05
0.0005156381022733829
0.0007332468426823335
0.0014570324357816692
0.0018969805413910693
0.0020909361578425253
0.0026680723824053943
0.0029471792451038308
0.0031032898632232953
0.002871489248439848
0.0031458654863467856
0.004938772282324879
0.005227340394606313
0.005435487885432266
0.006145081604157105
0.005605790377926227
0.00594639536291415
0.00612142848019961
0.006424188466855541
0.006547184711434514
0.006816830324549952
0.007436542172236312
0.007375044049946826
0.007498040294525798
0.0074885790449428
0.008075176519088666
0.002488308640328435
0.0031742492350957793
0.0033208986036322463
0.0029708323690613254
0.0033492823523812395
0.0036615035886201686
0.004522477300672973
0.004986078530239868
0.005572676004385735
0.00634376784540006
0.006362690344566055
0.005780823495211688
0.00607885285707612
0.005662557875424214
0.00665125845684749
0.007408158423487318
0.008141405266169651
0.011930635724160291
0.014357446242199241
0.014627091855314679
0.017493850478963027
0.019660476633469537
0.020805287833012276
0.021902792784640027
0.021822372163184545
0.02237585526378992
0.03461871222418914
0.031789798598872786
0.031610034856795824
0.03329886790736094
0.031610034856795824
0.03454302222752516
0.03494512533480257
0.03549387781061644
0.03664815025974218
0.038933042034036164
0.03907969140257263
0.04024815572607286
0.04012042885670239
0.043488633708249624
0.04285946061098027
0.04301084060430824
0.0449172823952823
0.031373503617220876
0.031203201124726916
0.0316999167278343
0.03275484605633856
0.03299137729591351
0.03311437354049248
0.03956694575609702
0.04156326941810956
0.042793231863899286
0.04330413934138117
0.049581678439700246
0.04963844593719823
0.03462817347377214
0.03531411406853948
0.03823290956489432
0.06302138347234869
0.056857379369025594
0.05793123119669585
0.05926999801269004
0.04112332131250016
0.04280269311348228
0.043218988095134185
0.0436305524519946
0.04465236740695836
0.045248426130687226
0.04517273613402324
0.046104669217948535
0.04600059547253556
0.053366178272899384
0.0537446282562193
0.054723867588059576
0.054406915727029145
0.055196930067209465
0.05696618373923007
0.05832860367918176
0.05871651491208467
0.05834752617834776
0.05817249306106229
0.05842794679980323
0.058995621774783104
0.0594639536291415
0.050541995272374525
0.050338578406340075
0.05215040770148416
0.05296880579041347
0.053110724534158445
0.05244843706334859
0.052741735800421526
0.05354121139018485
0.05470021446410208
0.056488390635288675
0.056620848129450646
0.059009813649157604
0.058910470528536124
0.059482876128307494
0.059449761754767
0.059530182376222485
0.059795097364546426
0.0449267436448653
0.04577352548254361
0.046104669217948535
0.04642162107897896
0.047855000390803135
0.04832806286995303
0.04646892732689395
0.046440543578144956
0.0488673540961839
0.04866866785494095
0.04908496283659285
0.05040007652862956
0.05083529400944746
0.05072175901445149
0.05251939643522108
0.05141243023401033
0.052188252699816154
0.05233017144356112
0.04969521343469622
0.052561972058344564
0.05295461391603898
0.053754089505802294
0.05203214208169669
0.05237747769147611
0.05271808267646403
0.053664207634763816
0.039571676380888515
0.04073541007959725
0.04193698877663798
0.04225394063766841
0.043233179969508685
0.05426026635849268
0.055381424434077925
0.05671546062528062
0.057997459943776836
0.05862663304104619
0.05974306049183994
0.05942610863080951
0.05977617486538043
0.06207525851404891
0.06313018784255317
0.06277066035839925
0.059128079268945075
0.05743924621837996
0.05809207243960681
0.05839483242626274
0.059411916756435014
0.059814019863712424
0.05977144424058893
0.05974306049183994
0.06072703044847171
0.061777229152184476
0.06277066035839925
0.06198064601821893
0.06272335411048426
0.0664700089453514
0.06710391266741227
0.06802638450175455
0.06810680512321003
0.06714175766574426
0.06777093076301362
0.06844267948340646
0.06863663509985791
0.06928473069629328
0.07069445688415996
0.07098775562123288
0.07151285497308926
0.07205687682411165
0.07301246303199442
0.07321587989802888
0.07098775562123288
0.07101613936998188
0.0713378218558038
0.07149866309871476
0.07210418307202664
0.07188657433161769
0.07074176313207493
0.07079380000478143
0.07113440498976935
0.07138512810371879
0.07166423496641723
0.0704721175189595
0.07325372489636087
0.07315911240053088
0.0761914428918817
0.07654623975124412
0.0775349403326674
0.07737882971454793
0.07680169348998507
0.07727475596913495
0.07635228413479267
0.0775349403326674
0.08041589083069024
0.08014624521757481
0.08024558833819628
0.08027397208694527
0.08023612708861329
0.0779275821903618
0.07704768597914301
0.07678277099081907
0.07723691097080297
0.0775254790830844
0.07629551663729468
0.07697672660727052
0.0766976197445721
0.07658881537436761
0.07643270475624815
0.07695780410810453
0.0771091841014325
0.07806950093410678
0.07802692531098329
0.0788311315255381
0.07866082903304414
0.07451207109089958
0.07429919297528213
0.07381666924654924
0.07672600349332108
0.07686792223706605
0.07632863101083517
0.07700984098081101
0.07715649034934749
0.07674019536769558
0.0766503134966571
0.07644216600583115
0.07608736914646873
0.0757420335366893
0.07528316293191391
0.07516962793691793
0.07436069109757162
0.07426134797695014
0.07366528925322127
0.07336725989135684
0.07317803489969689
0.07304084678074342
0.07323480239719488
0.0731259980269904
0.07341929676406334
0.0722129874422311
0.07229340806368659
0.07284689116429197
0.0727097030453385
0.0718014230853707
0.07185819058286869
0.07142770372684229
0.0722271793166056
0.07171154121433222
0.07151758559788077
0.0713378218558038
0.07099721687081588
0.07060457501312146
0.07068026500978546
0.0709026043749859
0.07012205128438859
0.0700227081637671
0.07015516565792908
0.06982402192252415
0.06988552004481363
0.06858932885194292
0.06909550570463331
0.06914754257733981
0.06919484882525478
0.06888262758901587
0.06846160198257245
0.06872651697089639
0.06861298197590042
0.06852783072965345
0.06794596388029907
0.06722217828719974
0.06717960266407624
0.06707079829387178
0.06802638450175455
0.068258185116538
0.06773781638947313
0.06769524076634963
0.06774727763905612
0.06568945585475408
0.06589287272078855
0.0656468802316306
0.06510758900539972
0.0647338696468713
0.06455883652958584
0.06493728651290576
0.06629497582806596
0.06656462144118139
0.06616251833390398
0.06596856271745252
0.0652069321260212
0.0651738177524807
0.06481429026832679
0.06465817965020731
0.06428919091647041
0.06426553779251291
0.06409050467522745
0.0638350509364865
0.06369313219274154
0.06500824588477824
0.06487578839061627
0.06460614277750083
0.06428919091647041
0.0642702684173044
0.06180561290093347
0.0625435903684073
0.062401671624662335
0.06160692665969052
0.061379856669698564
0.06135147292094957
0.06184345789926546
0.062302328504040855
0.06145554666636255
0.0607932591955527
0.060334388590777305
0.060722299823680215
0.06046211546014777
0.06051415233285426
0.0599133629843339
0.060064742977661865
0.06006001235287037
0.059563296749762976
0.059799827989337924
0.060003244855372374
0.0599228242339169
0.05960587237288647
0.059175385516860066
0.058924662402910624
0.05884424178145514
0.05885370303103814
0.05869759241291867
0.05874962928562516
0.058101533689189806
0.05818195431064529
0.05797853744461084
0.05748182184150345
0.057344633722549984
0.05717433123005602
0.05711756373255803
0.05707971873422604
0.05701822061193656
0.05704187373589405
0.0567958812467361
0.056389047514667195
0.05616197752467525
0.056370125015501205
0.05647419876091418
0.055915985035517306
0.05602952003051328
0.05492728445409403
0.05486578633180454
0.05450152822285913
0.05422242136016069
0.05294515266645598
0.053011381413536965
0.05300192016395397
0.0532952189010269
0.05317695328123943
0.05337563952248238
0.05320533702998842
0.052524127060012575
0.05211729332794367
0.051904415212326215
0.0524342451889741
0.05246735956251459
0.052405861440225104
0.052491012686472084
0.05246735956251459
0.05237747769147611
0.05213148520231817
0.05161111647525328
0.051062363999439406
0.05093936775486044
0.050792718386323966
0.050712297764868484
0.050650799642579
0.049401914697623284
0.04911807721013335
0.04911334658534185
0.04918903658200583
0.048730165977230434
0.04805841725683759
0.04720217416957628
0.04700821855312483
0.047012949177916326
0.046979834804375835
0.04721163541915928
0.04705552480103982
0.04708863917458031
0.04706025542583132
0.047500203531440716
0.047419782909985234
0.04726840291665727
0.046251318586485
0.045920174851080076
0.04576406423296061
0.04584448485441609
0.04565999048754763
0.04673857294000939
0.04641215982939596
0.046227665462527504
0.045835023604833096
0.04609520796836553
0.04539034487443219
0.04529573237860222
0.04552280236859416
0.045470765495887674
0.04629862483439999
0.04596275047420356
0.045825562355250093
0.045801909231292605
0.045636337363590136
0.04559849236525815
0.04585394610399909
0.045163274884440247
0.04527207925464472
0.04546130424630468
0.04550387986942817
0.045532263618177166
0.04611413046753153
0.046137783591489026
0.046175628589821015
0.04637904545585547
0.04635066170710648
0.04633173920794048
0.04594382797503757
0.04592963610066307
0.04546603487109618
0.045584300490883654
0.04552753299338566
0.045338308001725704
0.04506393176381877
0.04486997614736731
0.044524640537587895
0.04460033053425187
0.04456721616071138
0.04439691366821742
0.04398534931135702
0.043923851189067525
0.04374881807178207
0.04369678119907558
0.04343186621075164
0.04325210246867468
0.04287365248535477
0.04258508437307333
0.042490471877243356
0.04258508437307333
0.04255196999953284
0.042376936882247376
0.04238639813183038
0.04220190376496192
0.04174776378497802
0.04170991878664603
0.04168153503789704
0.0414071587999901
0.041033439441461685
0.04070702633084826
0.04056983821189479
0.040408996968983826
0.04031911509794535
0.04020084947815787
