0.0
0.0
0.0
0.0
0.0
0.0
0.0
0.0
0.0
0.0
0.0
4.730624791498926e-05
4.730624791498926e-05
4.730624791498926e-05
4.730624791498926e-05
4.730624791498926e-05
9.461249582997852e-05
0.00011353499499597422
0.0021571649049235103
0.00281945237573336
0.0030370611161423104
0.003410780474670726
0.0033540129771727385
0.003519584844875201
0.002682264256779891
0.0030134079921848157
0.003477009221751711
0.003377666101130233
0.0032925148548832526
0.003585813591956186
0.003916957327361111
0.003973724824859098
0.004257562312349033
0.004531938550255971
0.0045981672973369565
0.005246262893772309
0.006509339713102523
0.006708025954345477
0.006816830324549952
0.007843375904305219
0.008316438383455112
0.008874652108851985
0.009574784577993826
0.009839699566317766
0.010085692055475711
0.01048306453796162
0.010951396392320014
0.010941935142737017
0.010535101410668109
0.010724326402328066
0.010293839546301663
0.010639175156081085
0.010757440775868557
0.008756386489064513
0.010445219539629628
0.01097504951627751
0.011254156378975946
0.011419728246678407
0.01338766815994196
0.013136945045992518
0.014068878129917806
0.014792663723017142
0.01462236123052318
0.015081231835298576
0.015289379326124529
0.015469143068201487
0.015937474922559883
0.016665991140450715
0.016973481751898147
0.01788176171186594
0.01819398294810487
0.0189508829147447
0.019414484144311593
0.01994904474575097
0.020710675337182297
0.02136823218320065
0.02197375215651251
0.022479929009202898
0.02281580336939932
0.022839456493356815
0.023137485855221247
0.023279404598966214
0.02362000958395414
0.023795042701239597
0.023941692069776064
0.02373827520374161
0.024116725187061525
0.024561403917462424
0.02480266578182887
0.025043927646195313
0.025441300128681225
0.025748790740128653
0.026278620716776533
0.026288081966359532
0.026534074455517476
0.02678006694467542
0.023359825220421696
0.023473360215417672
0.024329603302678977
0.02461817141496041
0.024509367044755936
0.02576771323929465
0.025885978859082122
0.028175601258167603
0.028483091869615035
0.028615549363777002
0.028714892484398482
0.02902238309584591
0.029050766844594903
0.029230530586671865
0.029362988080833832
0.029528559948536297
0.029661017442698265
0.029717784940196255
0.029538021198119293
0.029320412457710342
0.029320412457710342
0.02937244933041683
0.029344065581667838
0.029665748067489766
0.029419755578331822
0.028142486884627112
0.02594747698137161
0.026675993199262445
0.025498067626179212
0.02532776513368525
0.024977698899114328
0.025266267011395765
0.01868123730162926
0.019064417909740672
0.01990646912262748
0.02048833597198185
0.021883870285474033
0.02267861525044585
0.023279404598966214
0.025010813272654822
0.025081772644527305
0.025535912624511204
0.0255453738740942
0.025885978859082122
0.026363771963023516
0.025777174488877647
0.025890709483873623
0.025777174488877647
0.025890709483873623
0.027555889410481243
0.028738545608355974
0.030507799280376575
0.030862596139738994
0.0317377617261663
0.031926986717826254
0.03268388668446608
0.03277376855550456
0.03336509665444193
0.031293082995765394
0.031960101091366745
0.031075474255356447
0.03122212362389291
0.032802152304253554
0.03451936910356766
0.03519584844875201
0.03576352342373188
0.036482578392039715
0.03673330150598916
0.03777876958491042
0.03722528648430505
0.03809572144594085
0.0387580089167507
0.038866813286955175
0.0391932263975686
0.0396284438783865
0.04004000823524691
0.040125159481493894
0.04072121820522275
0.04196537252538697
0.04248574125245185
0.04199848689892746
0.04295407310681025
0.04334198433971316
0.04311964497451271
0.043114914349721215
0.04342240496116864
0.04348390308345813
0.044860514897784316
0.045347769251308706
0.04513962176048275
0.044680751155707354
0.04518692800839774
0.04532411612735121
0.045735680484211616
0.046880491683754355
0.04135985255207511
0.041402428175198604
0.041388236300824104
0.041771416908935516
0.04201740939809346
0.04255670062432434
0.04260873749703083
0.04412726805510198
0.04442056679217492
0.04473751865320534
0.045314654877768215
0.04559849236525815
0.04573094985942012
0.04638377608064697
0.046492580450851445
0.04643581295335346
0.04774146539580716
0.04882004784826892
0.048862623471392405
0.04880585597389442
0.047027141052290826
0.04690414480771185
0.04708863917458031
0.04717852104561879
0.04897142784159688
0.049212689705963326
0.04903765658867787
0.04898561971597138
0.048928852218473394
0.048829509097851914
0.048791664099519926
0.04863555348140046
0.04567418236192213
0.046591923571472925
0.04660138482105592
0.04636958420627247
0.0466676135681369
0.04720690479436778
0.04727786416624027
0.047807694142888144
0.04798272726017361
0.04798272726017361
0.04850309598723849
0.0488862765953499
0.04925053470429532
0.04904238721346937
0.04885789284660091
0.04854567161036198
0.04823345037412305
0.04816249100225056
0.048086801005586585
0.04836590786828502
0.04836117724349352
0.04804895600725459
0.04818141350141656
0.048607169732651466
0.04864028410619196
0.048961966592013885
0.04880112534910292
0.048744357851604934
0.0484557897393235
0.04903292596388637
0.04898088909117988
0.04869705160368994
0.04828548724682954
0.048389560992242515
0.048209797250165554
0.04818141350141656
0.04806787850642059
0.04853621036077898
0.047415052285193736
0.0475758935281047
0.04769415914789217
0.04598167297336956
0.04617089796502952
0.04601478734691005
0.045669451737130634
0.045905982976705575
0.04687103043417136
0.039973779488165925
0.04028127009961335
0.04035222947148584
0.03959532950484601
0.04033803759711134
0.04029546197398785
0.0401015063575364
0.04062660570939278
0.041033439441461685
0.04122266443312164
0.041118590687708664
0.04148757942144558
0.04137877505124111
0.04164842066435655
0.04162476754039905
0.04144500379832209
0.04131727692895162
0.04132673817853462
0.041213203183538646
0.04109020693895967
0.04109493756375117
0.04176668628414402
0.0418471069055995
0.042296516260791894
0.04233436125912389
0.04224921001287691
0.04236747563266438
0.04250939437640935
0.04302503247868273
0.04266550499452881
0.04195118065101248
0.04197010315017847
0.04179980065768451
0.04164369003956504
0.041686265662688536
0.04145919567269659
0.04132200755374312
0.04203633189725946
0.04324264121909168
0.04382923869323755
0.044254994924472456
0.044278648048429944
0.04369678119907558
0.0435927074536626
0.04483213114903532
0.04466655928133286
0.04422188055093196
0.04432122367155344
0.04423134180051496
0.04422661117572346
0.044070500557603996
0.04394277368823352
0.044292839922804444
0.0440657699328125
0.04372516494782457
0.043654205575952086
0.043587976828871104
0.043469711209083634
0.04330886996617267
0.0431385674736787
0.04321425747034269
0.043048685602640226
0.04305814685222323
0.04373935682219907
0.04451517928800489
0.04431176242197044
0.044359068669885426
0.04422661117572346
0.04411307618072748
0.044122537430310485
0.043990079936148514
0.04411780680551899
0.043923851189067525
0.04399481056094001
0.04394277368823352
0.04411307618072748
0.043819777443654555
0.04364947495116059
0.04354540120574761
0.04352174808179012
0.04161530629081605
0.04214986689225543
0.04213094439308943
0.04238639813183038
0.04161530629081605
0.04144973442311359
0.04164369003956504
0.04149704067102858
0.04120847255874714
0.04126997068103663
0.04092463507125721
0.04086786757375922
0.04073541007959725
0.040290731349196356
0.04065972008293327
0.04149704067102858
0.041832915031225
0.042173520016212926
0.042107291269131944
0.042041062522050955
0.04193698877663798
0.04188495190393149
0.04236274500787288
0.042159328141838426
0.04179980065768451
0.040328576347528344
0.03999270198733192
0.039973779488165925
0.03972778699900798
0.03941556576276905
0.03907969140257263
0.03912699765048762
0.03898507890674265
0.03905603827861513
0.03912699765048762
0.03958113763047151
0.03949598638422453
0.03956221513130552
0.03959059888005451
0.0401015063575364
0.0400636613592044
0.03986497511796145
0.03991228136587644
0.03959532950484601
0.03960006012963751
0.039453410761101045
0.03906076890340663
0.03914118952486211
0.039618982628803506
0.039642635752761
0.03960952137922051
0.03924999389506659
0.03946287201068404
0.039472333260267035
0.03948179450985004
0.039283108268607085
0.0391932263975686
0.03907023015298963
0.03916484264881961
0.03910334452653012
0.03898507890674265
0.03906076890340663
0.03976563199733997
0.03912226702569612
0.03898034828195115
0.0387674701663337
0.03869178016966972
0.038663396420920725
0.03825656268885182
0.03824237081447732
0.03809572144594085
0.038029492698859864
0.03771727146262094
0.03756589146929297
0.03736720522805002
0.037452356474297
0.03714013523805807
0.03709282899014308
0.03670491775724017
0.036529884639954706
0.03618927965496679
0.0361230509078858
0.03603316903684732
0.03598113216414083
0.035924364666642845
0.03590071154268535
0.03556483718248893
0.035692564051859395
0.0357020253014424
0.03544657156270145
0.03532830594291398
0.03502081533146655
0.03497823970834306
0.03505866032979854
0.034883627212513084
0.03487416596293008
0.0347984759662661
0.034684940971270124
0.03460925097460614
0.03457140597627415
0.03418822536816274
0.03405576787400077
0.03458559785064865
0.03465655722252113
0.03477482284230861
0.03452409972835916
0.03447206285565267
0.03489308846209608
0.03470859409522762
0.0348032065910576
0.03462817347377214
0.03443894848211218
0.03428756848878422
0.03431122161274171
0.034159841619413746
0.033691509765055354
0.03375300788734484
0.03381923663442582
0.033492823523812394
0.03336509665444193
0.033085989791743486
0.03306233666778599
0.03267915605967458
0.032565621064678606
0.03264131106134259
0.03378139163609383
0.03380504476005133
0.033592166644433874
0.03352120727256139
0.03355905227089338
0.03363001164276586
0.03354486039651888
0.033492823523812394
0.033421864151939915
0.03364420351714036
0.03356851352047638
0.03361581976839137
0.03353066852214439
0.03331305978173544
0.03311437354049248
0.03295826292237302
0.03287784230091754
0.032783229805087556
0.03272173168279807
0.032664964185300085
0.03245208606968263
0.03241897169614214
0.03248993106801462
0.03251358419197212
0.03247100856884863
