0.0
0.0
0.0
0.0
0.0
0.0
0.0
0.00011826561978747315
0.00013718811895346885
0.00016557186770246242
0.00016557186770246242
0.00016557186770246242
0.00021287811561745168
0.00023180061478344737
0.0017456005480631037
0.0019159030405570651
0.0006859405947673443
0.0007616305914313271
0.0009035493351762948
0.0009934312062147746
0.0010785824524617552
0.0011353499499597423
0.0014191874374496777
0.003704079211743659
0.0037419242100756507
0.003841267330697128
0.004115643568604065
0.004333252309013016
0.0048441597864949
0.0053881816375172765
0.005501716632513251
0.005657827250632716
0.005761900996045692
0.00594639536291415
0.005932203488539654
0.005941664738122651
0.006050469108327126
0.006159273478531601
0.0064005353428980465
0.006514070337894021
0.006580299084975006
0.006684372830387982
0.007611575289521772
0.008070445894297168
0.007994755897633186
0.008065715269505669
0.007923796525760701
0.00806098464471417
0.007890682152220208
0.006708025954345477
0.00700132469141841
0.007304084678074342
0.007682534661394256
0.008183980889293141
0.008467818376783077
0.008709080241149523
0.007611575289521772
0.007616305914313271
0.007568999666398282
0.007881220902637211
0.009049685226137446
0.009357175837584875
0.009508555830912842
0.009782932068819779
0.010312762045467659
0.011121698884813975
0.011254156378975946
0.011391344497929414
0.01194009697374329
0.012228665086024723
0.012257048834773717
0.012209742586858727
0.012408428828101684
0.012380045079352689
0.01246992695039117
0.013463358156605943
0.013671505647431897
0.014158760000956285
0.014854161845306628
0.014920390592387613
0.015156921831962558
0.015327224324456521
0.015696213058193437
0.015762441805274422
0.015800286803606414
0.01606993241672185
0.016268618657964806
0.016088854915887848
0.014433136238863224
0.01422498874803727
0.014806855597391639
0.015355608073205514
0.01550698806653348
0.015795556178814913
0.016093585540679346
0.01624496553400731
0.01726678048897108
0.017649961097082494
0.01775876546728697
0.01773984296812097
0.017943259834155425
0.01836901606539033
0.018690698551212255
0.019163761030362148
0.019409753519520092
0.019693591007010028
0.01972197475575902
0.019788203502840006
0.020180845360534418
0.02034168660344538
0.020601870966977822
0.020606601591769323
0.020606601591769323
0.02097559032550624
0.020994512824672233
0.02117427656674919
0.021477036553405125
0.02171356779298007
0.021604763422775595
0.021779796540061055
0.022120401525048978
0.022257589644002446
0.022309626516708935
0.022446814635662404
0.022304895891917437
0.022650231501696858
0.022848917742939814
0.022882032116480305
0.022910415865229298
0.02233327964066643
0.022153515898589472
0.022352202139832425
0.02414983956060202
0.026264428842402036
0.026325926964691524
0.02638269446218951
0.02651515195635148
0.02660030320259846
0.02651042133155998
0.02673749132155193
0.026486768207602488
0.026571919453849468
0.027229476299867817
0.0277545756517242
0.027470738164234263
0.027404509417153278
0.02695510006196088
0.026936177562794886
0.027201092551118824
0.027319358170906298
0.02743289316590227
0.02739031754277878
0.02757008128485574
0.027726191902975206
0.027901225020260666
0.028028951889631136
0.028090450011920624
0.028743276233147475
0.0290649587189694
0.028648663737317497
0.028752737482730474
0.028908848100849937
0.02911226496688439
0.029178493713965376
0.02920214683792287
0.029273106209795355
0.02893723184959893
0.029419755578331822
0.029306220583335846
0.029698862441030257
0.030843673640572996
0.03133565861888889
0.030157733045805653
0.03021450054330364
0.030578758652249058
0.03083421239099
0.030446301158087087
0.032007407339281736
0.03206417483677972
0.03242843294572514
0.03266023356050859
0.03266023356050859
0.032901495424875034
0.03096666988515197
0.03246154731926563
0.032466277944057126
0.03253723731592961
0.03275484605633856
0.03352593789735289
0.03336509665444193
0.03359689726922537
0.03395169412858779
0.033928041004630295
0.033554321646101885
0.03387127350713231
0.033795583510468324
0.03382869788400882
0.03370097101463835
0.0330386835438285
0.03313329603965848
0.0334739010246464
0.03362055039318287
0.03371989351380435
0.03408415162274976
0.03427337661440972
0.03443421785732068
0.03475590034314261
0.034770092217517104
0.0347984759662661
0.03492147221084507
0.03506339095459004
0.03532357531812248
0.03551280030978244
0.035744600924565884
0.0356878334270679
0.034382180984614194
0.03450990785398467
0.035049199080215546
0.03546076343707595
0.035621604679986915
0.035607412805612415
0.03591963404185135
0.036463655892873724
0.0365582683887037
0.03648730901683122
0.03697456337035561
0.037069175866185584
0.03717798023639006
0.037253670233054044
0.037135404613266566
0.03689414274890013
0.0370029471191046
0.03696037149598111
0.03690360399848312
0.037438164599922504
0.037471278973462994
0.037319898980135026
0.037423972725548
0.03716378836201556
0.037253670233054044
0.03728205398180304
0.03708809836535158
0.037405050226382006
0.037452356474297
0.03757535271887597
0.037442895224714
0.03789703520469789
0.03796799457657038
0.03808626019635785
0.037944341452612884
0.03806260707240036
0.037740924586578434
0.037859190206365904
0.03793488020302989
0.03804841519802586
0.03804841519802586
0.03805787644760886
0.03825656268885182
0.03826602393843481
0.03838428955822228
0.03864447392175473
0.0387674701663337
0.03859243704904824
0.03870124141925271
0.03893777265882766
0.03837009768384779
0.03811937456989835
0.03814775831864734
0.038431595806137274
0.038564053300299245
0.038866813286955175
0.03885262141258068
0.038819507039040184
0.03862082079779723
0.038512016427592756
0.03870597204404421
0.0387722007911252
0.03889519703570417
0.039084422027364125
0.039183765147985605
0.03951490888339053
0.039420296387560554
0.03976090137254847
0.04021504135253237
0.040560376962311795
0.04094355757042321
0.04035696009627734
0.04033803759711134
0.040427919468149824
0.04021977197732387
0.040210310727740874
0.040314384473153844
0.040229233226906864
0.04041845821856682
0.040210310727740874
0.04033803759711134
0.04036642134586033
0.040598221960643784
0.0405225319639798
0.040579299461477786
0.040811100076261236
0.0396284438783865
0.03968521137588449
0.03999743261212342
0.039926473240250934
0.03987916699233594
0.039841321994003955
0.039789285121297466
0.03998797136254042
0.03993120386504243
0.040158273855034385
0.03994539573941693
0.04000216323691492
0.04045630321689882
0.04034749884669434
0.0405414544631458
0.04074960195397175
0.040995594443129696
0.041000325067921194
0.04125577880666213
0.04117535818520665
0.04263239062098832
0.04287365248535477
0.04306760810180622
0.04310545310013821
0.04337982933804515
0.04337982933804515
0.04332306184054716
0.04308653060097222
0.0431385674736787
0.042864191235771766
0.04289257498452076
0.042760117490358796
0.04269388874327781
0.04267496624411181
0.0427270031168183
0.042490471877243356
0.04257089249869884
0.042660774369737316
0.042627659996196825
0.042627659996196825
0.04263239062098832
0.04260873749703083
0.042078907520382944
0.042173520016212926
0.042078907520382944
0.04188495190393149
0.04169572691227153
0.04204579314684245
0.04161530629081605
0.04124631755707914
0.04118008880999815
0.041132782562083164
0.040730679454805754
0.04079217757709524
0.04068337320689076
0.04041845821856682
0.04029546197398785
0.040276539474821856
0.0405225319639798
0.0405225319639798
0.04044211134252432
0.039973779488165925
0.03982239949483796
0.039803476995671966
0.03969940325025899
0.03974670949817398
0.03981766887004646
0.03990755074108494
0.03979874637088046
0.03935879826527106
0.03925945514464959
0.03925945514464959
0.039320953266939074
0.03905603827861513
0.03909388327694713
0.03853566955155025
0.038464710179677765
0.03828021581280931
0.03837009768384779
0.03835590580947329
0.03814775831864734
0.038228178940102824
0.038128835819481344
0.03813829706906434
0.03813829706906434
0.03805314582281736
0.03825183206406032
0.03818560331697933
0.03827548518801781
0.03835117518468179
0.0387722007911252
0.03878639266549969
0.038814776414248686
0.03879112329029119
0.03847417142926077
0.038161950193021835
0.038109913320315346
0.03800583957490237
0.038176142067396335
0.03828967706239231
0.03824237081447732
0.03819979519135383
0.03793014957823839
0.037826075832825413
0.0374476258495055
0.037490201472628985
0.03779296145928492
0.03770781021303794
0.03759427521804196
0.037239478358679544
0.037154327112432564
0.03731043773055203
0.03735301335367552
0.03758008334366747
0.037542238345335474
0.03735301335367552
0.03725840085784554
0.03714486586284957
0.03766996521470595
0.03775038583616143
0.038308599561558306
0.0383369833103073
0.0383180608111413
0.038360636434264794
0.0383227914359328
0.040006893861706416
0.039959587613791425
0.03996904886337443
0.040158273855034385
0.04025761697565586
0.040177196354200376
0.040158273855034385
0.04027180885003036
0.040096775732744894
0.039973779488165925
0.039926473240250934
0.03998324073774892
0.040011624486497914
0.03990282011629344
0.0396473663775525
0.039959587613791425
0.03989808949150194
0.03990282011629344
0.03981766887004646
0.03954802325693102
0.03968048075109299
0.039500717009016036
0.03993593448983394
0.04016300447982588
0.04012042885670239
0.03995012636420843
0.03997851011295742
0.03992174261545944
0.039874436367544445
0.03981766887004646
0.03982713011962946
0.03983659136921246
0.039855513868378455
0.03978455449650597
0.03974670949817398
0.03956694575609702
0.039235802020692094
0.039051307653823635
0.03889046641091267
0.038966156407576655
0.03893777265882766
0.038966156407576655
0.03892831140924466
0.03907023015298963
0.038914119534870166
0.03926418576944109
0.03911280577611312
0.03916011202402811
0.03849782455321826
0.03825183206406032
0.03816668081781333
0.03806733769719186
0.03802003144927687
0.038109913320315346
0.03805314582281736
0.038176142067396335
0.03804841519802586
0.03798218645094488
0.03800583957490237
0.03804841519802586
0.03806733769719186
0.037958533326987384
0.037688887713871945
0.03749493209742049
0.037371935852841515
0.037518585221377986
0.03726786210742854
0.0369982164943131
0.036898873373691625
0.03688941212410862
0.03680426087786164
0.03679006900348715
0.036747493380363656
0.03665288088453368
