0.0
0.0
0.0
0.0
0.0
0.0
0.0
0.0
0.0
0.0
0.0012488849449557166
0.0014191874374496777
0.0014333793118241746
0.0014333793118241746
0.0015185305580711552
0.0016320655530671295
0.001726678048897108
0.001726678048897108
0.0017645230472290994
0.0009272024591337895
0.0009272024591337895
0.001225231820998222
0.0020057849115955447
0.0036662342134116677
0.003325629228423745
0.0034202417242537235
0.004044684196731581
0.0048914660344098896
0.005156381022733829
0.005227340394606313
0.006613413458515498
0.006840483448507447
0.007081745312873892
0.007559538416815284
0.007876490277845712
0.008354283381787104
0.008775308988230509
0.010733787651911063
0.011206850131060956
0.034666018472104126
0.03388546538150681
0.03155326735929784
0.03374354663776184
0.03273119293238107
0.02479320453224587
0.02537034075680874
0.02611777947386557
0.030763253019117517
0.03139715674117837
0.03277376855550456
0.03332725165610993
0.035654719053527406
0.038393750807805285
0.038663396420920725
0.01030803142067616
0.010733787651911063
0.011783986355623825
0.013515395029312432
0.013487011280563439
0.02567783136825617
0.026855756941339404
0.027641040656728226
0.022144054649006473
0.023506474588958163
0.023936961444984566
0.025441300128681225
0.0259900526044951
0.027371395043612787
0.027551158785689745
0.028956154348764924
0.03045103178287859
0.030801098017449506
0.03183237422199627
0.02515273201639979
0.02339293959396219
0.02532303450889375
0.023402400843545185
0.027593734408813235
0.02938191057999983
0.030096234923516166
0.03113697237764593
0.03156272860888083
0.03561687405519542
0.03605209153601332
0.03553172280894843
0.03718271086118156
0.04065025883335027
0.03915538139923661
0.03682318337702764
0.04321425747034269
0.04677168731354988
0.04807733975600358
0.04527680987943622
0.04556537799171766
0.04639796795502146
0.045958019849412064
0.04481793927466082
0.0493451472001253
0.048171952251833565
0.03365366476672336
0.036496770266414215
0.04246208812849436
0.04289257498452076
0.04578298673212661
0.04774146539580716
0.04560795361484114
0.04657300107230693
0.04311964497451271
0.04299191810514224
0.044070500557603996
0.046932528556460844
0.055248966939915954
0.056720191250072126
0.0506460690177875
0.05248155143688909
0.05296880579041347
0.05512124007054549
0.05800219056856833
0.05907131177144709
0.05194226021065821
0.05228286519564613
0.055565918800946384
0.057647393709205914
0.059057119897072595
0.05975252174142293
0.0607979898203442
0.056303896268420216
0.058924662402910624
0.06052834420722876
0.062349634751955846
0.06282269723110574
0.06316330221609366
0.06639431894868743
0.06815411137112502
0.06057565045514375
0.06369786281753304
0.06481429026832679
0.06556172898538362
0.06944557193920424
0.08170262077397795
0.07908658526427904
0.0797252196111314
0.08165531452606296
0.08221352825145983
0.08518436062052116
0.08756386489064512
0.08787135550209255
0.08957911105182366
0.08911550982225677
0.09326899838919282
0.0929236627794134
0.09878490689608058
0.09898359313732352
0.09920593250252398
0.10017571058478125
0.10115021929183003
0.10266401922510969
0.10427716227901082
0.10360068293382647
0.10338780481820903
0.10462722851358175
0.10512867474148063
0.1052800547348086
0.10668031967309229
0.10904563206884174
0.11047901138066592
0.10166585739410341
0.10180304551305688
0.10337834356862603
0.10473130225899473
0.10665193592434329
0.10743721963973211
0.10903617081925875
0.11083380824002834
0.10980726266027308
0.11080542449127935
0.1105878157508704
0.11193131319165608
0.1119029294429071
0.1162834879998351
0.1162503736262946
0.1163118717485841
0.11659097861128254
0.11644432924274606
0.1171964985845944
0.11742356857458634
0.11779255730832326
0.11599965051234516
0.11605168738505166
0.1184784979030906
0.11864880039558456
0.10030343745415173
0.10141986490494548
0.10356756856028598
0.10341618856695803
0.10326007794883856
0.1065951684268453
0.10596126470478444
0.10816573585762294
0.10929162455799969
0.11077704074253035
0.11296258939620285
0.11396548185200063
0.10587138283374596
0.10665193592434329
0.10623091031789988
0.1065715153028878
0.10667558904830078
0.10798597211554599
0.10841645897157239
0.1087996395796838
0.11003906327505651
0.1100863695229715
0.10946192705049365
0.11089057573752632
0.11122645009772275
0.11265036815996393
0.10752710151077059
0.10911186081592272
0.10866718208552183
0.10932946955633167
0.11134471571751023
0.1105547013773299
0.10984037703381357
0.1096606132917366
0.11213473005769055
0.11521909742174784
0.11551712678361227
0.1167328973550275
0.11590503801651518
0.1162929492494181
0.11417362934282659
0.11524748117049684
0.11622672050233711
0.11642540674358007
0.1175560260687483
0.11821831353955817
0.11824196666351565
0.11899886663015548
0.11845957540392461
0.11884275601203602
0.1193867778630584
0.11971319097367182
0.12013894720490673
0.11976049722158681
0.12116549278466199
0.12214946274129376
0.12104722716487452
0.12178047400755686
0.12096207591862754
0.12216838524045977
0.12223461398754075
0.11442435245677603
0.1154035917886163
0.11634025549733308
0.11620306737837961
0.11712553921272191
0.11710188608876441
0.11704984921605793
0.11767902231332729
0.11747087482250133
0.11796759042560871
0.1175796791927058
0.11778309605874027
0.11177993319832813
0.11211580755852454
0.10990660578089455
0.1101336757708865
0.11184143132061761
0.11256521691371695
0.11395602060241763
0.11570635177527223
0.11670924423107
0.11683697110044047
0.11678966485252548
0.11660043986086553
0.10733314589431914
0.10851580209219386
0.10885640707718179
0.10950923329840864
0.10988295265693705
0.10988768328172856
0.11033236201212945
0.10986403015777106
0.11030397826338045
0.11738572357625435
0.1189231766334915
0.11924485911931343
0.11913132412431746
0.11908401787640246
0.11926378161847942
0.11921174474577294
0.12124591340611747
0.12167640026214388
0.1220170052471318
0.12264617834440115
0.12301516707813807
0.12345038455895598
0.12419782327601281
0.1258819257017864
0.12656786629655375
0.12655840504697077
0.12666247879238374
0.12895210119146922
0.12850269183627683
0.12826142997191037
0.12976103803081554
0.13052739924703838
0.1303097905066294
0.13021044738600793
0.13148298545492115
0.1312322623409717
0.13248587791071892
0.13503095404854534
0.13586354401184916
0.13583989088789167
0.13691847334035342
0.13658259898015698
0.13633660649099905
0.13701781646097488
0.13623726337037756
0.13634133711579055
0.13577839276560216
0.13577366214081069
0.13547090215415475
0.1356412046466487
0.1356743190201892
0.13542359590623976
0.1355938983987337
0.1348795740552174
0.13557024527477624
0.13515395029312433
0.13451531594627197
0.13109507422201824
0.1334414641186017
0.13289744226757932
0.13273660102466836
0.13277444602300037
0.13198916230761154
0.13208377480344152
0.13197023980844555
0.13182832106470058
0.1312653767145122
0.13195131730927953
0.1316627491969981
0.13155867545158514
0.13150190795408714
0.13077339173619631
0.13051320737266386
0.1304280561264169
0.13071662423869831
0.13051793799745537
0.13438285845210998
0.13414632721253505
0.13332792912360572
0.13046590112474887
0.13120860921701422
0.13141675670784017
0.13416524971170105
0.13408009846545407
0.13553240027644423
0.13576893151601918
0.13852215514467156
0.13952504760046933
0.13951085572609484
0.1392222876138134
0.13843700389842456
0.1379071739217767
0.13854107764383755
0.13858365326696104
0.13975211759046127
0.140963157537085
0.14081650816854854
0.14068405067438655
0.1404853644331436
0.14022044944481968
0.13968115821858879
0.1396622357194228
0.13971900321692077
0.13972373384171227
0.13984673008629125
0.13760914455991227
0.13754764643762277
0.13748141769054179
0.13713135145597086
0.1374293808178353
0.13798286391844067
0.13820993390843261
0.1382903545298881
0.1383565832769691
0.14059889942813958
0.14103884753374898
0.14080704691896553
0.1405279400562671
0.14064147505126307
0.14090165941479552
0.140963157537085
0.1404617113091861
0.14063201380168008
0.14031979256544114
0.14013529819857268
0.1400879919506577
0.14018260444648767
0.1404333275604371
0.14017787382169616
0.14054686255543308
0.14046644193397761
0.14033398443981565
0.14019679632086218
0.14103411690895748
0.14083070004292303
0.14042386631085413
0.1401447594481557
0.13996972633087024
0.13882964575611897
0.1387586863842465
0.13863569013966753
0.13824777890676462
0.13847011827196506
0.13800178641760666
0.13776052455324023
0.13727800082450733
0.13820520328364114
0.1382335870323901
0.13811532141260263
0.13669613397515296
0.1361804958728796
0.1361615733737136
0.13628930024308405
0.13660625210411448
0.13631768399183306
0.1360338465043431
0.13544251840540575
0.1356033596483167
0.13131741358721868
0.13110926609639273
0.13092477172952427
0.13055578299578735
0.1311991479674312
0.1308112367345283
0.1299502630224755
0.129945532397684
0.1295197761664491
0.12944881679457662
0.12887168057001375
0.12842227121482133
0.12696523877903967
0.1272774600152786
0.12748560750610455
0.12880545182293276
0.1289994074393842
0.12959546616311307
0.12942043304582762
0.12923120805416766
0.1294819311681171
0.12934947367395513
0.12935893492353814
0.12924539992854217
0.12880545182293276
0.12784040436546698
0.12767956312255602
0.12697943065341416
0.12803909060670993
0.127670101872973
0.12740045625985758
0.12752345250443656
0.1272869212648616
0.1268185894105032
0.1264685231759323
0.12662936441884326
0.12655367442217927
0.12534263447555555
0.12497364574181863
0.1259718075728249
0.1260049219463654
0.12792555561171395
0.12834185059336586
0.12843173246440434
0.12900886868896722
0.12841280996523835
0.1282519687223274
0.13064566486682583
0.13055105237099587
0.13014894926371845
0.13013475738934396
0.13002595301913947
0.1299408017728925
0.1303476355049614
0.13075446923703032
0.13225407729593547
0.13203646855552653
0.13242437978842944
0.1320648523042755
0.13181885981511757
0.13113764984514173
0.13100519235097977
0.1317147860697046
0.1317384391936621
0.13096261672785628
0.1308065061097368
