0.0
0.0
0.0
0.0
0.0
0.0
0.0
0.0
0.0
0.0
0.0
0.0
0.0
0.0
0.0
0.0
0.0
0.0
0.0
0.0
0.0
0.0
0.0
0.0
0.0
0.0
0.0
0.0
0.0
0.0
0.0
0.0
0.00011353499499597422
0.00013245749416196994
0.00014191874374496779
0.00014191874374496779
0.0002743762379069377
0.0002743762379069377
0.0002743762379069377
0.0002649149883239399
0.001348228065577194
0.004290676685889526
0.004934041657533379
0.004990809155031367
0.004990809155031367
0.0051043441500273415
0.0185014735595523
0.015719866182150932
0.01554956368965697
0.01554956368965697
0.015473873692992987
0.01638688427775228
0.01612196928942834
0.016670721765242216
0.0167416811371147
0.017626307973124998
0.01765469172187399
0.018127754201023884
0.020237612858032404
0.02030857222990489
0.020336955978653884
0.02039372347615187
0.02003419599199795
0.020710675337182297
0.02074852033551429
0.021647339045899085
0.021647339045899085
0.022522504632326388
0.023634201458328636
0.023359825220421696
0.023761928327699106
0.024656016413292403
0.02502500514702932
0.029935393680605205
0.030020544926852185
0.03030911303913362
0.030053659300392676
0.030153002421014156
0.030597681151415052
0.03083421239099
0.030985592384317966
0.03096666988515197
0.029367718705625333
0.029485984325412808
0.02986916493352422
0.02757481190964724
0.017295164237720075
0.01735193173521806
0.017872300462282942
0.018042602954776905
0.0180615254539429
0.017120131120434614
0.017422891107090544
0.017777687966452963
0.01783918608874245
0.018094639827483393
0.012786878811421596
0.012753764437881105
0.013501203154937936
0.01369988939618089
0.014726434975936157
0.016746411761906197
0.017772957341661465
0.01897453603870219
0.020076771615121444
0.020199767859700415
0.02087151658009326
0.020379531601777374
0.021344579059243154
0.02193117653338902
0.022267050893585445
0.02321317585188523
0.02325102085021722
0.02353012771291566
0.02351120521374966
0.023061795858557263
0.023246290225425723
0.024774282033079877
0.025483875751804715
0.025786635738460646
0.025758251989711652
0.02603735885241009
0.025928554482205615
0.02691252443883739
0.027546428160898247
0.028043143764005633
0.028043143764005633
0.029746168688945248
0.029708323690613256
0.030030006176435184
0.029367718705625333
0.03060714240099805
0.03185602734595377
0.031874949845119765
0.0317046473526258
0.03197902359053274
0.03202159921365623
0.03232435920031216
0.03255142919030411
0.03339348040319092
0.03429229911357572
0.03451936910356766
0.03422133974170323
0.03606628341038781
0.03675695462994665
0.03679006900348715
0.03781661458324242
0.037736193961786936
0.037556430219709974
0.037826075832825413
0.03791122707907239
0.037504393347003485
0.03785445958157441
0.038024762074068366
0.03776930833532743
0.03781188395845091
0.03791122707907239
0.0387532782919592
0.03903238515465764
0.039633174503178
0.03983186074442096
0.04046576446648181
0.044912551770490805
0.04479901677549483
0.04589179110233108
0.04594382797503757
0.04612832234190603
0.04616616734023802
0.04679060981271588
0.04678114856313288
0.04710756167374631
0.0471406760472868
0.05207471770482018
0.05223082832293964
0.05308234078540945
0.05315803078207343
0.052841078921043005
0.05371151388267881
0.05435487885432266
0.05580245004052133
0.055816641914895826
0.05633228001716921
0.0572642131010945
0.05747236059192045
0.056975644988813065
0.05844686929896923
0.0585793267931312
0.05873070678645917
0.05884424178145514
0.059042928022698095
0.059359879883728525
0.059615333622469464
0.059700484868716444
0.05977617486538043
0.06045738483535627
0.06061822607826724
0.06087841044179968
0.06113859480533212
0.06190968664634645
0.05979036673975493
0.059563296749762976
0.05951125987705649
0.06071756919888872
0.061256860425119596
0.05819141556022829
0.05929838176143904
0.06050942170806276
0.06061349545347574
0.0603580417147348
0.060973022937629656
0.061039251684710645
0.061644771658022506
0.0629551547252677
0.06316330221609366
0.06263347223944578
0.0629835384740167
0.06349444595149858
0.06337618033171111
0.06334306595817062
0.06357959719774557
0.06397223905543997
0.06441218716104938
0.06455883652958584
0.06553807586142613
0.06580772147454156
0.06631862895202345
0.06641324144785342
0.06664977268742837
0.0669146876757523
0.06712283516657826
0.06626659207931695
0.0660726364628655
0.06686738142783732
0.0669525326740843
0.06722217828719974
0.06730732953344672
0.06729313765907222
0.06724110078636573
0.06805476825050355
0.0678466207596776
0.06789392700759259
0.06829603011487
0.06726475391032323
0.06770943264072413
0.0678608126340521
0.06789865763238409
0.06773781638947313
0.06744924827719169
0.06854675322881944
0.06886843571464137
0.06722690891199123
0.06720325578803374
0.06734517453177871
0.06767631826718364
0.06889681946339035
0.06948814756232773
0.06914754257733981
0.06914754257733981
0.06943611068962123
0.0699990550398096
0.06903400758234383
0.06920904069962928
0.0695874906829492
0.06988552004481363
0.06969629505315368
0.06975306255065167
0.06980036879856666
0.06987605879523064
0.06998959379022661
0.0695638375589917
0.06981456067294114
0.06993282629272862
0.06998959379022661
0.07019774128105256
0.06954491505982571
0.06974360130106867
0.07086475937665392
0.0709026043749859
0.07098775562123288
0.07261035992471701
0.07254413117763603
0.07239275118430806
0.07245424930659755
0.07245897993138906
0.07326791677073537
0.0735612155078083
0.07394912674071122
0.07409577610924768
0.07466345108422755
0.07458303046277207
0.07395858799029421
0.07389235924321322
0.07409577610924768
0.0740011636134177
0.07405320048612418
0.07389235924321322
0.07375517112425975
0.07419038860507765
0.07430865422486513
0.07450260984131658
0.07509393794025396
0.07326791677073537
0.0731685736501139
0.07321114927323738
0.07305976927990941
0.07316384302532239
0.07393966549112821
0.07416673548112017
0.07409577610924768
0.07393966549112821
0.0739869717390432
0.0740011636134177
0.07474387170568303
0.07479590857838953
0.0749189048229685
0.07605425477292824
0.07611102227042622
0.07666450537103159
0.07634282288520967
0.0770902616022665
0.0770808003526835
0.07719433534767947
0.07713756785018148
0.07727948659392646
0.07687738348664905
0.0770902616022665
0.0770902616022665
0.07562849854169333
0.0753210079302459
0.07593598915314076
0.07597383415147275
0.07614413664396671
0.07612994476959221
0.0761867122670902
0.0761867122670902
0.0762245572654222
0.07623401851500519
0.07625294101417118
0.07507028481629646
0.07535885292857789
0.07523112605920743
0.07564269041606783
0.07564269041606783
0.07604006289855374
0.07657935412478462
0.07656043162561862
0.07702876347997702
0.07696726535768753
0.07691049786018954
0.07739775221371392
0.07725583346996896
0.07759643845495688
0.07773835719870185
0.07762482220370588
0.07912443026261104
0.07876963340324862
0.07890682152220209
0.07918592838490052
0.07732206221704994
0.07630497788687768
0.07648001100416314
0.07686319161227455
0.07718014347330497
0.07715649034934749
0.07715649034934749
0.07732679284184145
0.07737409908975644
0.0775680547062079
0.0775680547062079
0.07731260096746695
0.07802219468619179
0.07801273343660879
0.07804111718535778
0.07801273343660879
0.0783864527951372
0.07792285156557031
0.07770051220036986
0.07770051220036986
0.07874598027929113
0.07904400964115556
0.07935150025260299
0.0792710796311475
0.07914808338656854
0.07920485088406652
0.07920485088406652
0.07892101339657659
0.0788831683982446
0.07949814962113945
0.08079434081401016
0.07923796525760701
0.0792994633798965
0.07995228960112336
0.08033073958444326
0.08116332954774708
0.08088422268504863
0.08111129267504058
0.08115386829816408
0.0810829089262916
0.0810356026783766
0.08141405266169652
0.08185873139209741
0.08229867949770682
0.08224191200020883
0.08224664262500032
0.0797062971119654
0.08001378772341283
0.08027870271173677
0.0796921052375909
0.08000905709862134
0.07991444460279136
0.0806618833198482
0.08074703456609517
0.08043481332985623
0.08045373582902224
0.08028816396131977
0.08038277645714975
0.07989552210362535
0.08043954395464774
0.08047738895297973
0.08071392019255468
0.08074230394130368
0.08082745518755065
0.0814802814087775
0.08168369827481195
0.08045846645381373
0.08058146269839271
0.08054361770006072
0.07999486522424684
0.08040169895631574
0.08114440704858107
0.08095518205692112
0.08087949206025714
0.0810450639279596
0.0810450639279596
0.0810356026783766
0.0810072189296276
0.08041589083069024
0.08041589083069024
0.08051050332652022
0.07950288024593095
0.07950761087072244
0.07950761087072244
0.07995228960112336
0.07979144835821239
0.07984348523091887
0.07983402398133588
0.08026924146215378
0.08002797959778733
0.08020774333986429
0.07992863647716586
0.07992863647716586
0.07971102773675691
0.07963533774009292
0.07966372148884192
0.05402846574370923
0.054151461988288206
0.054189306986620195
0.05399535137016874
0.05404738824287523
0.05402846574370923
0.05400481261975174
0.054033196368500735
0.05412780886433071
0.05421296011057769
0.05430757260640767
0.05441164635182065
0.054387993227863154
0.054288650107241675
0.054321764480782166
0.054321764480782166
0.0541940376114117
0.054165653862662706
0.05412780886433071
0.05426026635849268
0.05426026635849268
0.05421296011057769
0.05427445823286718
0.05435487885432266
0.054539373221191116
0.055026627574715506
0.055211121941583965
0.05491782320451103
0.05541453880761842
0.05536723255970343
0.05587814003718532
0.0559301769098918
0.0559585606586408
0.05626132064529673
0.056284973769254225
0.05627551251967122
0.05625659002050523
0.05604844252967928
0.05629443501883722
0.05635120251633521
0.05655935000716116
0.05647419876091418
0.05647419876091418
0.05751966683983544
0.057514936215043944
0.0576852387075379
