0.0
0.0
0.0
0.0
0.0
0.0
0.0
0.0
0.0
0.0
0.0
0.0
0.0
0.0
0.0
0.0
0.0
0.0014049955630751811
0.0014049955630751811
0.0015469143068201489
0.0015469143068201489
0.001603681804318136
0.001603681804318136
0.0017550617976461015
0.0017550617976461015
0.001736139298480106
7.568999666398282e-05
7.568999666398282e-05
7.568999666398282e-05
7.568999666398282e-05
0.00015137999332796563
0.00017030249249396133
0.0002365312395749463
0.00033114373540492483
0.00037371935852841513
0.0004730624791498926
0.0009792393318402777
0.001088043702044753
0.003883842953820618
0.004432595429634494
0.005350336639185285
0.006447841590813036
0.005643635376258219
0.005719325372922202
0.005738247872088197
0.008179250264501644
0.01092301264357102
0.012630768193302132
0.012715919439549113
0.009376098336750871
0.011689373859793847
0.017252588614596585
0.018652853552880266
0.02012880848782793
0.020161922861368423
0.021330387184868658
0.023970075818525057
0.022025789029219
0.02056402596864583
0.02192171528380602
0.022144054649006473
0.024405293299342958
0.02542710825430673
0.025488606376596213
0.02798164564171615
0.02822290750608259
0.02837428749941056
0.02827967500358058
0.026538805080308973
0.026718568822385935
0.027910686269843662
0.0290696893437609
0.028899386851266938
0.02903184434542891
0.029538021198119293
0.03003946742601818
0.03030438241434212
0.030134079921848158
0.031520152985757346
0.03327994540819494
0.03369624038984685
0.03369624038984685
0.03468967159606162
0.03735774397846702
0.036846836500985136
0.03792068832865539
0.03807206832198336
0.038176142067396335
0.036931987747232116
0.03726786210742854
0.03750912397179498
0.03858770642425674
0.038748547667167704
0.038663396420920725
0.039051307653823635
0.04330413934138117
0.04577352548254361
0.04875381910118793
0.048824778473060416
0.048909929719307396
0.04885316222180941
0.04936880032408279
0.04928837970262731
0.049009272839928876
0.04703660230187382
0.04732517041415526
0.04940664532241478
0.04898561971597138
0.04947760469428727
0.049382992198457286
0.04924107345471232
0.04969521343469622
0.0497614421817772
0.04999797342135215
0.049401914697623284
0.049449220945538275
0.050187198413012106
0.050106777791556624
0.05301611203832846
0.05283161767146
0.052973536415204976
0.05569364567031686
0.05591125441072581
0.056001136281764285
0.05426026635849268
0.05396696762141975
0.0541845763618287
0.053900738874338765
0.05378720387934279
0.052912038292915485
0.054473144474110134
0.05532465693657994
0.05529154256303945
0.0546150632178551
0.054638716341812596
0.05874962928562516
0.05886789490541264
0.05651677438403767
0.056540427507995164
0.05686210999381709
0.057108102482975036
0.05733517247296698
0.05722163747797101
0.05710337185818354
0.05728786622505199
0.05876382115999966
0.05913754051852808
0.059274728637481545
0.05942137800601801
0.05982348111329542
0.060220853595781325
0.060452654210564775
0.06051888295764576
0.056587733755910155
0.05386289387600677
0.052576163932719064
0.0524153226898081
0.05228759582043763
0.05226394269648013
0.052339632693144116
0.04968575218511322
0.05005947154364163
0.05039061527904656
0.052259212071688634
0.05214567707669266
0.05619509189821574
0.05640797001383319
0.05673438312444662
0.0581583011866878
0.05817249306106229
0.05693306936568957
0.05645054563695669
0.05393858387267075
0.05484686383263855
0.05491782320451103
0.055045550073881504
0.05511650944575399
0.04915592220846534
0.05051361152362553
0.051246858366307865
0.051871300838785724
0.05162057772483628
0.051261050240682365
0.051615847100044784
0.05188076208836872
0.05213148520231817
0.052320710193978125
0.05283161767146
0.05309180203499245
0.05325737390269491
0.053228990153945915
0.05553753505219739
0.0554949594290739
0.055362501934911934
0.05553753505219739
0.059392994257269016
0.059411916756435014
0.06104871293429364
0.06187184164801445
0.06237328787591334
0.06200902976696792
0.06192387852072094
0.06229759787924936
0.06223609975695987
0.06243005537341133
0.06185291914884846
0.06219352413383638
0.06184345789926546
0.06238274912549634
0.06257670474194779
0.06356067469857957
0.0638445121860695
0.06367420969357554
0.0634755234523326
0.0634234865796261
0.06363163407045205
0.06355121344899657
0.06458722027833484
0.0647480615212458
0.0647196777724968
0.0647811758947863
0.06425134591813841
0.06403373717772946
0.06432703591480239
0.0643128440404279
0.06417565592147444
0.06529681399705968
0.06481429026832679
0.06479063714436929
0.06395804718106549
0.06426080716772141
0.0634092947052516
0.06368367094315855
0.06373097719107353
0.06409523530001895
0.06436961153792589
0.0642844602916789
0.06579352960016706
0.06618144083306997
0.06645108644618541
0.0669525326740843
0.06655989081638988
0.06663558081305387
0.06725529266074023
0.06688157330221181
0.0669336101749183
0.06804530700092055
0.06825345449174651
0.06802638450175455
0.06901508508317783
0.06905766070630132
0.06924688569796128
0.06937934319212324
0.06949287818711922
0.06941718819045524
0.06964425818044719
0.0695780294333662
0.06970102567794517
0.07102086999477338
0.07108709874185436
0.07097356374685838
0.07103033124435637
0.07084583687748791
0.0709309881237349
0.0709026043749859
0.07282323804033447
0.07291311991137295
0.07173992496308121
0.0718250762093282
0.07138512810371879
0.0713803974789273
0.07127159310872282
0.07127159310872282
0.07098775562123288
0.0708931431254029
0.07386870611925574
0.07407685361008168
0.07411469860841367
0.07386870611925574
0.07372205675071926
0.07472021858172553
0.07479590857838953
0.07464925920985305
0.07473441045610003
0.074857406700679
0.07469656545776804
0.07467764295860205
0.07228867743889508
0.07349498676072731
0.07353283175905931
0.07265293554784051
0.07117224998810134
0.07113913561456085
0.07253466992805303
0.07206633807369464
0.07243532680743156
0.07252993930326153
0.07101613936998188
0.07106344561789686
0.07109655999143735
0.07112967436497786
0.07102560061956488
0.0709688331220669
0.07111075186581185
0.07110129061622886
0.07103033124435637
0.07113440498976935
0.07113440498976935
0.07170681058954072
0.07141351185246779
0.0713709362293443
0.07195753370349016
0.07191495808036667
0.07212310557119263
0.0722319099413971
0.07208999119765214
0.07216568119431611
0.07217041181910762
0.07212783619598412
0.07225556306535459
0.07139458935330179
0.0713141687318463
0.07225556306535459
0.07290838928658144
0.07285162178908346
0.07289419741220696
0.07275700929325349
0.07244951868180605
0.07240221243389107
0.07230286931326958
0.07225556306535459
0.07217041181910762
0.07208526057286063
0.07257251492638503
0.07263874367346601
0.0722319099413971
0.07331049239385885
0.07335306801698235
0.07330576176906736
0.0731449205261564
0.0731449205261564
0.07317330427490538
0.07318276552448838
0.0731259980269904
0.07292731178574745
0.07289892803699845
0.07274281741887899
0.0727097030453385
0.0727097030453385
0.07429919297528213
0.07435122984798861
0.07393020424154521
0.07407685361008168
0.0740248167373752
0.07410050673403917
0.07426134797695014
0.07420931110424366
0.07265293554784051
0.07244478805701456
0.07228867743889508
0.07214675869515012
0.07108709874185436
0.07080326125436442
0.070448464395002
0.070486309393334
0.07023558627938456
0.07024977815375905
0.07017408815709507
0.07006528378689059
0.07017408815709507
0.07016462690751207
0.07015516565792908
0.07017881878188657
0.0695874906829492
0.07030181502646554
0.07038223564792102
0.070486309393334
0.06979090754898365
0.06992809566793712
0.06972940942669417
0.06980509942335815
0.06971994817711118
0.06970102567794517
0.07013151253397158
0.07018354940667806
0.07062822813707896
0.070467386894168
0.07039642752229552
0.07028289252729955
0.07006528378689059
0.07020720253063556
0.07024031690417605
0.06892993383693086
0.06929419194587627
0.06941718819045524
0.06946922506316174
0.06949287818711922
0.06952126193586822
0.06951653131107671
0.07068972625936845
0.07080326125436442
0.0708931431254029
0.0709404493733179
0.07109655999143735
0.07124793998476532
0.07106817624268837
0.07073230188249194
0.07077960813040693
0.07010312878522258
0.07014570440834607
0.07007947566126509
0.07021666378021856
0.07034439064958903
0.0700463612877246
0.0700085162893926
0.07009366753563959
0.07010785941001409
0.0700132469141841
0.07028289252729955
0.07028289252729955
0.07036804377354652
0.07015989628272057
0.07027816190250805
0.07014570440834607
0.0700132469141841
0.06951653131107671
0.06947395568795323
0.06935095944337426
0.06958276005815771
0.06955910693420021
0.0696253356812812
0.06914754257733981
0.06901035445838634
0.06906239133109282
0.06899143195922033
0.068277107615704
0.06811626637279304
0.06792704138113308
0.06831495261403599
0.0691522732021313
0.0687454394700624
0.06884005196589237
0.06850890823048744
0.06867448009818991
0.06896777883526284
0.06860825135110893
0.0682723769909125
0.06848525510652995
0.06857986760235993
0.06809734387362704
0.06814465012154203
0.06794123325550758
0.06825345449174651
0.06819195636945702
0.06832441386361898
0.06811626637279304
0.06809261324883555
0.06798380887863106
0.06706606766908027
0.06628078395369146
0.0660347914645335
0.06553334523663462
0.06439799528667488
0.06426553779251291
0.06372624656628204
0.06331941283421312
0.06293150160131021
0.06324845346234063
0.06330995158463013
0.06284635035506324
0.0630024609731827
0.0629409628508932
0.06292677097651872
0.06292204035172722
0.06285108097985473
0.0629646159748507
0.0625293984940328
0.06262874161465429
0.06240640224945383
0.06225975288091737
0.06251047599486681
0.06257670474194779
0.0625483209931988
0.06236382662633034
0.06252466786924131
0.062231369132168375
0.06224083038175137
0.06243951662299432
0.06232125100320685
0.062387479750287834
0.06224083038175137
0.062486822870909314
0.06250101474528381
0.06231178975362385
0.06243951662299432
0.062202985383419375
0.062046874765299916
0.06189076414718045
0.06164004103323101
0.06141770166803056
