0.0
0.0
0.0
0.0
0.0
0.0
0.0
0.0
0.0
0.0
0.0
0.0
0.0
0.0001466493685364667
5.676749749798711e-05
5.676749749798711e-05
5.676749749798711e-05
5.676749749798711e-05
5.676749749798711e-05
5.676749749798711e-05
5.676749749798711e-05
5.676749749798711e-05
8.515124624698066e-05
8.515124624698066e-05
8.515124624698066e-05
8.515124624698066e-05
5.676749749798711e-05
5.676749749798711e-05
5.676749749798711e-05
5.676749749798711e-05
0.0
7.568999666398282e-05
7.568999666398282e-05
0.0022990836486684782
0.0027011867559458866
0.0027011867559458866
0.0027390317542778783
0.002871489248439848
0.002942448620312332
0.0029708323690613254
0.0027011867559458866
0.0027011867559458866
0.0025119617642859297
0.0026444192584478996
0.0027153786303203836
0.002857297374065351
0.0029708323690613254
0.0029802936186443234
0.003074906114474302
0.0036236585902881774
0.0036993485869521604
0.0036709648382031667
0.0036709648382031667
0.0037419242100756507
0.0036283892150796764
0.003912226702569611
0.0039311492017356075
0.004044684196731581
0.004910388533575886
0.0036567729638286696
0.0037513854596586483
0.003902765452986614
0.003959532950484601
0.003959532950484601
0.003978455449650597
0.003997377948816593
0.004716432917124429
0.0049529641566993755
0.0049529641566993755
0.004981347905448369
0.004971886655865372
0.005161111647525328
0.005161111647525328
0.005369259138351281
0.005440218510223765
0.005496986007721752
0.005667288500215713
0.005501716632513251
0.005714594748130702
0.005752439746462694
0.006154542853740103
0.006362690344566055
0.006405265967689546
0.0072189334318273615
0.007398697173904321
0.007379774674738325
0.007450734046610809
0.007602114039938774
0.008921958356766974
0.009063877100511942
0.00898818710384796
0.009016570852596953
0.009059146475720443
0.009078068974886439
0.009172681470716417
0.009309869589669886
0.010809477648575046
0.010932473893154018
0.011216311380643953
0.011206850131060956
0.011254156378975946
0.011381883248346415
0.011429189496261405
0.011514340742508386
0.012138783214986244
0.012427351327267678
0.01241789007768468
0.01273011131392361
0.01273011131392361
0.01299975692703905
0.01299975692703905
0.01343970503264845
0.013912767511798341
0.013941151260547334
0.01044048891483813
0.010516178911502113
0.01075271015107706
0.01079055514940905
0.01141026699709541
0.012015786970407272
0.012006325720824274
0.012044170719156266
0.012138783214986244
0.012782148186630099
0.014281756245535258
0.0145372099842762
0.014565593733025193
0.014603438731357185
0.015137999332796564
0.01492985184197061
0.014319601243867249
0.014499364985944209
0.014915659967596114
0.015275187451750032
0.015469143068201487
0.015469143068201487
0.015473873692992987
0.015615792436737955
0.01563944556069545
0.016401076152126777
0.016401076152126777
0.016330116780254294
0.01819398294810487
0.01831697919268384
0.018307517943100843
0.018685967926420757
0.020545103469479836
0.020464682848024354
0.02232854901587493
0.02225285901921095
0.02267861525044585
0.01919214477911114
0.019532749764099064
0.019944314120959473
0.020072040990329942
0.02030857222990489
0.02030384160511339
0.020597140342186324
0.021027627198212728
0.021741951541729063
0.021836564037559042
0.022054172777967992
0.022162977148172468
0.022049442153176495
0.021751412791312062
0.021916984659014524
0.02197375215651251
0.022092017776299985
0.022271781518376943
0.02206363402755099
0.022560349630658377
0.022844187118148312
0.02436744830101097
0.024812127031411866
0.02483578015536936
0.02722474567507632
0.02735247254444679
0.02735247254444679
0.028123564385461115
0.028913578725641435
0.029656286817906767
0.028965615598347923
0.028487822494406533
0.02849728374398953
0.02822290750608259
0.029580596821242783
0.03017192492018015
0.030408456159755095
0.030153002421014156
0.03035168866225711
0.030493607406002078
0.03096193926036047
0.031127511128062932
0.03142080986513587
0.031505961111382846
0.03344551727589741
0.03341240290235691
0.03319952478673946
0.033104912290909484
0.03320898603632246
0.0356878334270679
0.03561214343040391
0.03550806968499094
0.035536453433739935
0.035744600924565884
0.0361135896583028
0.0361041284087198
0.03808152957156635
0.03939664326360306
0.03939664326360306
0.039585868255263015
0.03885735203737218
0.038781662040708195
0.038819507039040184
0.03868704954487822
0.038999270781117146
0.038828968288623186
0.03845051830530327
0.03898980953153415
0.03881004578945719
0.03897561765715965
0.03888573578612117
0.03798218645094488
0.03814775831864734
0.038914119534870166
0.03968521137588449
0.03968048075109299
0.042395859381413374
0.042712811242443804
0.04285472998618877
0.04302030185389123
0.04351228683220712
0.04364947495116059
0.0436305524519946
0.04428810929801295
0.045163274884440247
0.045182197383606244
0.04513489113569125
0.04513962176048275
0.046492580450851445
0.04659665419626442
0.04680007106229887
0.04679060981271588
0.046828454811047866
0.04704133292666532
0.047079177924997315
0.04698456542916733
0.04629389420960849
0.046341200457523476
0.04642635170377046
0.04646419670210245
0.04647365795168545
0.04546130424630468
0.04557483924130065
0.045385614249640695
0.04702241042749932
0.047249480417491274
0.047131214797703797
0.04735828478769575
0.04752858728018971
0.0475569710289387
0.047855000390803135
0.047902306638718126
0.04809153163037808
0.04858824723348547
0.04853147973598748
0.04868759035410695
0.048290217871621036
0.048427405990574504
0.048592977858276966
0.04869705160368994
0.04869705160368994
0.04880585597389442
0.04885316222180941
0.04917484470763134
0.049789825930526194
0.049936475299062665
0.050409537778212554
0.05047576652529354
0.05130835648859735
0.05123266649193337
0.050504150274042536
0.05017300653863761
0.050120969665931124
0.050054740918850135
0.05013043091551412
0.050338578406340075
0.049496527193453266
0.0497709034313602
0.04948706594387026
0.04948706594387026
0.04943029844637228
0.04985605467760718
0.049789825930526194
0.051483389605882814
0.051483389605882814
0.05238220831626761
0.05294042204166448
0.054842133207847046
0.05495093757805152
0.05495093757805152
0.054156192613079704
0.054203498860994695
0.05434541760473966
0.05503608882429851
0.05501716632513251
0.0550739338226305
0.055125970695336986
0.055125970695336986
0.05518746881762647
0.05521585256637546
0.05575514379260634
0.05575514379260634
0.05584502566364482
0.05584502566364482
0.05580245004052133
0.05571256816948285
0.05562741692323587
0.05606263440405377
0.05619509189821574
0.0568384568698596
0.0568195343706936
0.05670126875090613
0.05668234625174013
0.05672965249965512
0.05794069244627885
0.058484714297301225
0.05917065489206857
0.05932203488539653
0.05928418988706454
0.059359879883728525
0.059359879883728525
0.059615333622469464
0.06013097172474285
0.06021612297098983
0.06010731860078535
0.0599039017347509
0.059984322356206383
0.060097857351202356
0.06006947360245336
0.060637148577433235
0.06066553232618223
0.06087841044179968
0.06138458729449006
0.06085948794263368
0.06084529606825918
0.060807451069927194
0.0607790673211782
0.061025059810336145
0.05950179862747349
0.059492337377890496
0.059497068002681994
0.05952072112663949
0.059700484868716444
0.059189577391234566
0.06007893485203636
0.06019246984703233
0.06041007858744128
0.06040061733785829
0.06051415233285426
0.06042900108660728
0.060499960458479767
0.059847134237252915
0.059847134237252915
0.05995120798266589
0.0603391192155688
0.06040061733785829
0.060622956703058735
0.06086894919221668
0.06116224792928961
0.06091625544013167
0.06075068357242921
0.06045738483535627
0.06039588671306679
0.0603627723395263
0.06047630733452227
0.060419539837024284
0.060419539837024284
0.060197200471823836
0.0603438498403603
0.05839483242626274
0.05841848555022024
0.058423216175011734
0.058825319282289144
0.055362501934911934
0.055513881928239896
0.05602478940572178
0.055528073802614396
0.055442922556367416
0.0554996900538654
0.05580718066531283
0.055821372539687324
0.055565918800946384
0.05619036127342424
0.05654988875757816
0.05664923187819964
0.05705133498547705
0.05716960060526452
0.05728786622505199
0.05722163747797101
0.05734936434734148
0.05720271497880501
0.0572642131010945
0.057245290601928504
0.05711756373255803
0.05809207243960681
0.058101533689189806
0.05826237493210077
0.058120456188355804
0.05824818305772628
0.058304950555224264
0.058385371176679746
0.05834752617834776
0.05841848555022024
0.05844686929896923
0.05876382115999966
0.05897669927561711
0.05907131177144709
0.05973832986704844
0.05976671361579743
0.059615333622469464
0.06032965796598581
0.059918093609125395
0.06004582047849587
0.06016881672307484
0.060197200471823836
0.06016408609828334
0.06013097172474285
0.05995120798266589
0.060083665476827856
0.05993701610829139
0.060031628604121375
0.060537805456811755
0.05915646301769407
0.05923215301435805
0.05955383550017998
0.06048103795931377
0.0603438498403603
0.0603391192155688
0.060551997331186255
0.06067972420055672
0.06006947360245336
0.05986132611162741
0.059965399857040386
0.06010731860078535
0.06031546609161131
0.05980928923892092
0.0599275548587084
0.060149894223908845
0.06057565045514375
0.06031073546681981
0.06013097172474285
0.060083665476827856
0.06002216735453837
0.06004108985370437
0.059965399857040386
0.05997486110662338
0.05985186486204441
0.059965399857040386
0.06002216735453837
0.05997486110662338
0.06014516359911735
0.05997013048183188
0.06002216735453837
0.060320196716402805
0.06016881672307484
0.05987078736121041
0.060050551103287365
0.060149894223908845
0.060135702349534345
0.06001270610495538
0.06044319296098178
0.06025869859411332
0.0607932591955527
0.06015935547349184
0.059709946118299446
0.06051415233285426
0.06064660982701623
0.06102032918554465
0.061209554177204605
0.061171709178872616
0.061195362302830104
0.06119063167803861
0.06131362792261758
0.06143189354240505
0.06132308917220058
0.06099667606158715
0.06086421856742518
0.06102032918554465
0.06190495602155495
0.06190495602155495
0.06200902976696792
0.0621272953867554
0.062098911638006404
0.062065797264465906
0.06207998913884041
0.06202795226613392
0.06246316974695182
0.06241586349903683
0.06271389286090126
