0.0
0.0
0.0
0.0
0.0
0.0
0.0
0.0
0.0
0.0
0.0
0.0
0.0
0.0
0.0
0.0
0.0
0.0
0.0
0.0
0.0
0.0
0.0
0.0
0.0
0.0
0.0005298299766478798
0.0005298299766478798
0.0005298299766478798
0.0
0.0
0.0
2.8383748748993554e-05
0.00017030249249396133
0.0006622874708098497
0.0002932987370729334
0.001088043702044753
0.0013624199399516906
0.0013624199399516906
0.0014475711861986714
0.0014901468093221617
0.001603681804318136
0.001603681804318136
0.001925364290140063
0.0018827886670165727
0.0019537480388890564
0.0019537480388890564
0.007072284063290894
0.0071290515607888814
0.008396859004910594
0.008926688981558474
0.0025923823857414113
0.002450463641996444
0.0030228692417678137
0.0037277323357011536
0.004692779793166934
0.005884897240624664
0.00612142848019961
0.006272808473527576
0.0069256346947544276
0.007252047805367853
0.007838645279513721
0.008207634013250637
0.009040223976554448
0.011433920121052904
0.012786878811421596
0.013534317528478427
0.014362176866990739
0.015137999332796564
0.016145622413385834
0.0163017330315053
0.016528803021497247
0.01795745170852992
0.018416322313305318
0.020237612858032404
0.020388992851360373
0.02038426222656887
0.020545103469479836
0.017720920468954977
0.017744573592912472
0.01823655857122836
0.01767361422103999
0.01844470606205431
0.020332225353862383
0.02192171528380602
0.02229543464233444
0.022834725868565317
0.02374773645332461
0.02497296827432283
0.02572513761617116
0.026184008220946554
0.02722001505028482
0.026240775718444544
0.02611777947386557
0.027622118157562228
0.02629281259115103
0.02581501948720964
0.02871016185960698
0.03125050737264191
0.03250885356718062
0.02237585526378992
0.022706998999194844
0.023331441471672702
0.02476482078349688
0.025569026998051695
0.02566837011867317
0.025483875751804715
0.02621712259448705
0.026264428842402036
0.027447085040276768
0.028516206243155526
0.028662855611691993
0.02893723184959893
0.029982699928520193
0.030985592384317966
0.03252777606634662
0.03423553161607773
0.03238585732260165
0.03376719976171933
0.035839213420395866
0.037740924586578434
0.038951964533202155
0.039320953266939074
0.03854513080113325
0.03858770642425674
0.03907969140257263
0.040546185087937295
0.041203741933955644
0.04194645002622098
0.04290676685889526
0.043001379354725235
0.04202214002288496
0.04259454562265633
0.04252358625078385
0.044411105542591915
0.045097046137359265
0.045754602983377614
0.04602424859649305
0.045451842996721684
0.04706971667541431
0.047131214797703797
0.04687103043417136
0.04808207038079509
0.04928364907783581
0.05014462278988861
0.050726489639242985
0.05262820080542555
0.051516503979423305
0.051696267721500266
0.05095829025402643
0.051615847100044784
0.052188252699816154
0.05288365454416649
0.05355067263976784
0.05492255382930253
0.055816641914895826
0.05150704272984031
0.0537588201305938
0.05386289387600677
0.05475698196160007
0.055953830033849294
0.05657827250632715
0.05774673682982739
0.05839483242626274
0.059094964895404584
0.06050942170806276
0.0612142848019961
0.0616636941571885
0.06190968664634645
0.06191914789592944
0.06422296216938941
0.06503662963352723
0.06523058524997868
0.06621455520661047
0.06730259890865523
0.06788446575800959
0.06799327012821406
0.06813518887195903
0.06954964568461722
0.07056199938999798
0.0705005012677085
0.07101140874519038
0.07167842684079173
0.0713520137301783
0.07207106869848613
0.0726340130486745
0.07298880990803693
0.07308815302865841
0.07370313425155327
0.0731307286517819
0.07287527491304095
0.07320641864844588
0.07343348863843784
0.07342402738885483
0.07377882424821725
0.07545346542440787
0.0753446610542034
0.07503717044275597
0.07406266173570719
0.07362271363009779
0.07283269928991747
0.07283742991470897
0.07296042615928794
0.07435122984798861
0.07606371602251123
0.0762245572654222
0.0766266603726996
0.07850944903971617
0.0784242977934692
0.0788453233999126
0.07821615030264324
0.07912443026261104
0.0805956545727672
0.08246425136540927
0.08260143948436274
0.08172627389793545
0.08146135890961151
0.08184927014251442
0.08292312197018467
0.08302719571559765
0.08297988946768266
0.08384559380452697
0.08337726195016858
0.08380301818140347
0.08424296628701287
0.08436596253159184
0.08491944563219722
0.0845741100224178
0.08344349069724956
0.08487213938428223
0.0845835712720008
0.08169315952439496
0.08054834832485222
0.08047265832818823
0.08039696833152425
0.08071392019255468
0.08117752142212158
0.08074703456609517
0.08091733705858913
0.0814424364104455
0.08196280513751039
0.08229867949770682
0.08242640636707729
0.08245479011582628
0.08312653883621912
0.0823696388695793
0.08213783825479586
0.08249263511415827
0.08388343880285895
0.0841388925415999
0.08120117454607907
0.08166477577564596
0.08172627389793545
0.08189657639042941
0.08210945450604686
0.08181615576897393
0.08255886386123926
0.08212837700521286
0.08224191200020883
0.08272916635373322
0.08436596253159184
0.08496675188011221
0.08531681811468313
0.08504244187677619
0.08584664809133101
0.08611629370444646
0.08672654430254981
0.08601695058382497
0.08581353371779052
0.0858986849640375
0.08667923805463482
0.08450315065054531
0.08466399189345628
0.08448422815137932
0.08519382187010416
0.08472075939095426
0.08507082562552519
0.08506609500073369
0.0854303531096791
0.08690157741983527
0.08692049991900126
0.08156543265502449
0.08116332954774708
0.0806145770719332
0.08140932203690501
0.08045373582902224
0.0801651677167408
0.08038277645714975
0.08021247396465579
0.08044427457943924
0.0801888208406983
0.08048211957777122
0.0810356026783766
0.08098829643046161
0.0805767320736012
0.08000432647382984
0.0801793595911153
0.08089368393463163
0.0806382301958907
0.08030235583569427
0.0801131308440343
0.07723691097080297
0.07760116907974839
0.07702876347997702
0.0770997228518495
0.07711391472622399
0.07692468973456404
0.07694834285852153
0.0779559659391108
0.07820668905306025
0.0775396709574589
0.07761536095412289
0.07697672660727052
0.07761063032933138
0.07729840909309245
0.07718487409809648
0.07687738348664905
0.0770713391031005
0.07688211411144055
0.07606844664730274
0.0753162773054544
0.07478171670401502
0.07468710420818504
0.07446476484298459
0.07450734046610809
0.0744316504694441
0.07520747293524993
0.07609683039605172
0.07641378225708215
0.0765982766239506
0.07677804036602758
0.07693888160893854
0.07646108850499714
0.07649893350332913
0.07631443913646067
0.07674019536769558
0.07666450537103159
0.07673073411811258
0.07650839475291213
0.07581772353335328
0.07626240226375419
0.07597856477626425
0.07562376791690183
0.07580826228377029
0.07480063920318102
0.07420931110424366
0.07414781298195416
0.07404373923654119
0.07373624862509376
0.07375044049946826
0.07322534114761188
0.0735139092598933
0.07362271363009779
0.07296515678407943
0.07289892803699845
0.07303138553116043
0.07237382868514207
0.07294150366012193
0.07213256682077562
0.07205687682411165
0.0722319099413971
0.07252993930326153
0.07241167368347406
0.07205687682411165
0.07151285497308926
0.07142297310205079
0.07159327559454474
0.07165004309204273
0.07191968870515818
0.07212783619598412
0.07208052994806914
0.07228867743889508
0.07217514244389911
0.07239748180909956
0.07246371055618055
0.07175884746224721
0.0717919618357877
0.07161219809371074
0.07189130495640918
0.07174465558787271
0.07167369621600023
0.07065661188582796
0.0713614749797613
0.0713567443549698
0.07124793998476532
0.07082218375353042
0.07062349751228747
0.07039169689750402
0.07028762315209104
0.0708978737501944
0.07101140874519038
0.07100667812039888
0.07099248624602439
0.07096410249727539
0.07055253814041498
0.070448464395002
0.07023085565459306
0.06954491505982571
0.06982875254731565
0.06990917316877113
0.06980983004814965
0.06929419194587627
0.06910969757900781
0.06946449443837023
0.0695638375589917
0.06945503318878724
0.06936988194254025
0.06932257569462526
0.06887789696422436
0.06888735821380736
0.06859405947673443
0.06846160198257245
0.06861298197590042
0.06806896012487805
0.06791284950675858
0.06759116702093665
0.06774254701426462
0.06708025954345477
0.06671127080971785
0.06688630392700332
0.06742086452844269
0.06728840703428073
0.06704714516991428
0.06648893144451741
0.06624766958015096
0.066048983338908
0.06613886520994648
0.06590233397037154
0.06586448897203954
0.0656752639803796
0.06481429026832679
0.06479063714436929
0.06467710214937332
0.06461560402708383
0.06412834967355945
0.06450206903208786
0.06409996592481045
0.0638445121860695
0.06331468220942163
0.06289838722776972
0.06267131723777777
0.0625293984940328
0.06225975288091737
0.06248209224611782
0.062349634751955846
0.061952262269469933
0.0612190154267876
0.060939908564089165
0.060689185450139724
0.06091625544013167
0.06069391607493122
0.0603391192155688
0.06030127421723681
0.06006001235287037
0.05987078736121041
0.059795097364546426
0.05959168049851197
0.05955856612497148
0.059392994257269016
0.059392994257269016
0.05929838176143904
0.059128079268945075
0.05878274365916566
0.05885370303103814
0.05928418988706454
0.05928892051185604
0.05931730426060503
0.058858433655829635
0.05787919432398936
0.057817696201699874
0.057633201834831414
0.057415593094422464
0.05764266308441442
0.05766158558358041
0.05730205809942649
0.05732098059859249
0.057008759362353556
0.057013489987145054
0.05705606561026855
0.05743451559358846
0.057330441848175484
0.05740613184483947
0.05745816871754596
0.057278404975468995
0.05745816871754596
0.05740140122004797
0.05715540873089003
0.05691414686652358
0.05706552685985154
0.057008759362353556
0.056724921874863624
0.05704187373589405
0.056620848129450646
0.056587733755910155
0.05646473751133118
0.05625659002050523
0.05627551251967122
0.05607209565363677
0.05590652378593431
0.05577879691656384
