0.0
0.0
0.0
0.0
0.0
0.0
0.0
0.0
0.0
0.0
0.0
0.0
0.0
0.0
0.0
0.0
0.0
0.0
0.0
0.0
0.0
0.0
0.0
0.0
9.461249582997852e-06
9.461249582997852e-06
9.461249582997852e-06
9.461249582997852e-06
2.8383748748993554e-05
0.00014191874374496779
0.00028383748748993557
0.00028383748748993557
0.0005487524758138754
0.0006149812228948604
0.000960316832674282
0.0013860730639091853
0.001537453057237151
0.001461763060573168
0.000960316832674282
0.0011306193251682433
0.0013624199399516906
0.0016888330505651166
0.0015232611828626542
0.002105128032217022
0.0024078880188729535
0.015142729957588062
0.015331954949248019
0.015294109950916028
0.015686751808610438
0.015748249930899925
0.01575771118048292
0.01603208741838986
0.01638215365296078
0.016760603636280694
0.016921444879191658
0.01704917174856213
0.01756954047562701
0.018156137949772878
0.018738004799127246
0.018823156045374226
0.020152461611785424
0.019641554134303543
0.01991119974741898
0.019878085373878487
0.02092355345279975
0.021472305928613624
0.021741951541729063
0.02176087404089506
0.02330778834771521
0.023497013339375164
0.02391803894581857
0.024017382066440048
0.024145108935810518
0.024428946423300454
0.024864163904118355
0.025247344512229767
0.025346687632851247
0.025521720750136707
0.025630525120341183
0.02586232573512463
0.026633417576138952
0.026855756941339404
0.027300435671740304
0.02760792628318773
0.02798164564171615
0.028043143764005633
0.028080988762337625
0.02845470812086604
0.028643933112525995
0.03148230798742535
0.031439732364301864
0.03245208606968263
0.032584543563844603
0.018118292951440886
0.021344579059243154
0.02153380405090311
0.02153380405090311
0.019769281003674012
0.020237612858032404
0.0206964834628078
0.021179007191540693
0.02176087404089506
0.02193117653338902
0.0224515452604539
0.022683345875237352
0.023189522727927736
0.02339293959396219
0.01920160602869414
0.019442867893060586
0.019570594762431056
0.019613170385554546
0.019362447271605104
0.019565864137639558
0.01612669991421984
0.016486227398373757
0.0163064636562968
0.016850485507319175
0.016902522380025663
0.015975319920891875
0.015928013672976884
0.016188198036509324
0.016457843649624763
0.017919606710197933
0.017276241738554077
0.01744654423104804
0.01766415297145699
0.018208174822479366
0.018709621050378253
0.018875192918080715
0.019882815998669985
0.02074378971072279
0.02105601094696172
0.021264158437787672
0.021387154682366644
0.02168045341943958
0.021945368407763517
0.022054172777967992
0.021552726550069106
0.02189333153505703
0.02220082214650446
0.022219744645670454
0.02142026905590714
0.021652069670690586
0.021666261545065083
0.02185075591193354
0.02229070401754294
0.023284135223757715
0.023752467078116107
0.025833941986375637
0.02607520385074208
0.026425270085313
0.026127240723448568
0.02607520385074208
0.026595572577806963
0.026496229457185484
0.0268794100652969
0.026983483810709873
0.026950369437169382
0.02779715127484769
0.02814721750941861
0.02690306318925439
0.027622118157562228
0.027716730653392207
0.028577704365445013
0.028908848100849937
0.028918309350432936
0.029126456841258887
0.02912172621646739
0.029618441819574775
0.029679939941864263
0.029883356807898716
0.028071527512754626
0.029008191221471413
0.028530398117530022
0.0290791505933439
0.02929675933375285
0.030025275551643683
0.031108588628896938
0.03146338548825936
0.03167153297908531
0.031709377977417304
0.03210675045990321
0.032499392317597624
0.03276430730592156
0.032787960429879054
0.032887303550500534
0.03326102290902895
0.03354486039651888
0.03365366476672336
0.033928041004630295
0.03371516288901284
0.035087044078547534
0.03534722844207998
0.036359582147460746
0.036397427145792735
0.03644000276891623
0.03677114650432115
0.0369982164943131
0.03716378836201556
0.03726786210742854
0.03924999389506659
0.03939191263881156
0.03971359512463348
0.04020084947815787
0.040461033841690315
0.04087732882334222
0.04117062756041515
0.041369313801658106
0.041454465047905086
0.04131254630416012
0.042410051255787874
0.04275538686556729
0.04480847802507783
0.044898359896116305
0.04514435238527425
0.04570729673546262
0.04569783548587963
0.04576406423296061
0.044207688676557465
0.04376300994615656
0.04349336433304113
0.04357378495449661
0.04349336433304113
0.04354067058095611
0.044108345555935985
0.04421241930134896
0.04435433804509393
0.044307031797178945
0.04482266989945232
0.044510448663213395
0.04423134180051496
0.04463344490779237
0.0449172823952823
0.044898359896116305
0.0453950754992237
0.04541399799838969
0.04541399799838969
0.045972211723786564
0.046057362970033544
0.04620874296336151
0.046662882943345405
0.047164329171244294
0.0471217535481208
0.0471217535481208
0.04742924415956823
0.04699402667875033
0.04697510417958434
0.04730624791498926
0.047230557918325276
0.047348823538112754
0.04673857294000939
0.0466865360673029
0.04679060981271588
0.04663449919459641
0.04443475866654941
0.044628714283000866
0.04467128990612436
0.044032655559272
0.04394750431302502
0.04384343056761204
0.04377720182053106
0.043971157436982516
0.044240803050097956
0.04400900243531451
0.044023194309689005
0.04391438993948453
0.04384343056761204
0.04398534931135702
0.04400427181052301
0.0440657699328125
0.044032655559272
0.044075231182395494
0.04381504681886305
0.04312437559930421
0.043318331215755665
0.04382450806844605
0.04379612431969706
0.04377720182053106
0.04387181431636104
0.04357851557928811
0.04342713558596014
0.04364474432636909
0.043488633708249624
0.043332523090130165
0.04320479622075969
0.04302976310347423
0.043417674336377145
0.043753548696573566
0.04411780680551899
0.044108345555935985
0.04280269311348228
0.042977726230767746
0.04311964497451271
0.043356176214087654
0.043436596835543136
0.04364474432636909
0.04351701745699862
0.043450788709917636
0.043767740570948066
0.04465236740695836
0.04478955552591183
0.04503554801506977
0.045115968636525255
0.04517273613402324
0.04599586484774406
0.046038440470867546
0.04628916358481699
0.046142514216280524
0.04601005672211855
0.04646892732689395
0.046374314831063974
0.04634593108231498
0.04621347358815301
0.04633646983273198
0.047027141052290826
0.0475711629033132
0.04794488226184161
0.04805368663204609
0.048124646003918574
0.04820033600058256
0.04814356850308457
0.04818141350141656
0.0479969191345481
0.047717812271849666
0.047618469151228186
0.04760900790164519
0.047452897283525725
0.04783607789163714
0.04760900790164519
0.04734409291332125
0.04744816665873423
0.04748128103227472
0.0475758935281047
0.04805368663204609
0.0475948160272707
0.04766577539914318
0.047632661025602686
0.04690887543250335
0.04699402667875033
0.0471454066720783
0.04697510417958434
0.04699402667875033
0.04690414480771185
0.047599546652062195
0.047320439789363754
0.04742451353477673
0.04730151729019776
0.04733936228852975
0.04738666853644474
0.04741032166040224
0.046941989806043846
0.04691833668208635
0.04683318543583937
0.046724381065634896
0.04681426293667337
0.04678114856313288
0.04677168731354988
0.04678114856313288
0.04732517041415526
0.04747181978269172
0.04742451353477673
0.047367746037278745
0.04728732541582326
0.04816249100225056
0.048020572258505596
0.048592977858276966
0.04840375286661701
0.048436867240157506
0.048375369117868015
0.04826656474766354
0.048375369117868015
0.048389560992242515
0.04822871974933155
0.048124646003918574
0.04777931039413915
0.047736734771015664
0.04784553914122014
0.04782661664205414
0.048432136615366
0.04828548724682954
0.04878220284993692
0.04849363473765549
0.048592977858276966
0.04864028410619196
0.04839429161703401
0.04874908847639643
0.048526749111195984
0.04854567161036198
0.0484463284897405
0.048597708483068464
0.0489004684697244
0.049080232211801356
0.04898561971597138
0.0489051990945159
0.048777472225145425
0.0484557897393235
0.04819560537579106
0.048124646003918574
0.048072609131212085
0.0480158416337141
0.047632661025602686
0.04745762790831723
0.04760427727685369
0.047433974784359734
0.04762793040081119
0.047329901038946756
0.04724001916790828
0.04722582729353378
0.047249480417491274
0.047381937911653245
0.04737720728686175
0.047538048529772704
0.046492580450851445
0.04656827044751543
0.045584300490883654
0.045418728623181186
0.0453572305008917
0.045749872358586116
0.04556537799171766
0.04528154050422772
0.04527207925464472
0.045253156755478724
0.04483686177382682
0.0449409355192398
0.04422188055093196
0.044051578058438
0.044292839922804444
0.04417930492780847
0.04421714992614046
0.044174574303016974
0.044042116808855
0.044023194309689005
0.04411780680551899
0.04433068492113643
0.044108345555935985
0.04461925303341787
0.0444820649144644
0.04433068492113643
0.044307031797178945
0.04442056679217492
0.04432122367155344
0.04425026429968095
0.04422188055093196
0.04425026429968095
0.044496256788838895
0.04433068492113643
0.04441583616738342
0.044548293661545384
0.0444915261640474
0.04432122367155344
0.04424553367488945
0.04396642681219102
0.043838699942820546
0.04379139369490556
0.04355486245533061
0.04356432370491361
0.043332523090130165
0.04365893620074359
0.04355486245533061
0.04339402121241965
0.04391912056427603
0.044155651803850976
0.043890736815527034
0.04372516494782457
0.04364001370157759
0.04347917245866663
0.04330886996617267
0.042916228108478255
0.042883113734937764
0.04253777812515834
0.04249993312682635
0.042159328141838426
0.04223028751371091
0.04199848689892746
0.04206471564600845
0.04190387440309749
0.04196064190059547
0.041908605027888984
0.04159165316685856
0.041468656922279586
0.04136458317686661
0.041298354429785626
0.041236856307496135
0.041099668188542667
0.04122266443312164
0.04101451694229569
0.04117062756041515
0.041199011309164146
0.0413929669256156
0.041284162555411126
0.041388236300824104
0.041482848796654086
0.041601114416441556
0.04153488566936057
0.04155853879331806
0.0414071587999901
0.04153961629415207
0.04154907754373507
0.04154434691894357
0.04129362380499413
