0.0
0.0
0.0
0.0
0.0
0.0
0.0
3.784499833199141e-05
0.0003595274841539184
0.0003879112329029119
0.0002932987370729334
0.0002932987370729334
0.0009839699566317765
0.0009839699566317765
0.0011164274507937466
0.0013813424391176865
0.0014002649382836821
0.0017550617976461015
0.00224704677596199
0.0024362717676219467
0.002455194266787943
0.0028998729971888414
0.00638634346852355
0.0065708378353920086
0.006731679078302972
0.007114859686414385
0.0074318115474448125
0.007734571534100744
0.007919065900969201
0.00801367839679918
0.007819722780347725
0.007914335276177704
0.008169789014918645
0.008666504618026032
0.008524585874281065
0.009172681470716417
0.00920106521946541
0.009300408340086889
0.009622090825908815
0.009754548320070786
0.010255994547969672
0.010629713906498087
0.011107507010439478
0.011310923876473932
0.011396075122720914
0.011509610117716887
0.011869137601870805
0.012190820087692733
0.012271240709148213
0.012701727565174617
0.012446273826433674
0.012942989429541061
0.02034168660344538
0.018577163556216282
0.018879923542872212
0.018960344164327694
0.01968886038221853
0.019934852871376474
0.020289649730738893
0.020772173459471785
0.02264077025211386
0.022484659633994396
0.0228962239908548
0.023459168341043175
0.024353256426636473
0.025043927646195313
0.017711459219371978
0.018515665433926798
0.0189508829147447
0.01951382726493307
0.019707782881384524
0.020010542868040458
0.023241559600634225
0.023657854582286128
0.02172302904256307
0.021562187799652105
0.022172438397755467
0.02295772211314429
0.023936961444984566
0.02669491569842844
0.027915416894635163
0.032395318572184646
0.031695186103042804
0.03351174602297839
0.03359689726922537
0.033928041004630295
0.03401792287566878
0.03470386347043612
0.03513908095125402
0.035825021546021366
0.037201633360347555
0.03791595770386389
0.04028127009961335
0.04206944627079995
0.04293515060764425
0.04321425747034269
0.04377720182053106
0.044827400524243825
0.04736301541248725
0.047902306638718126
0.04855040223515348
0.04897142784159688
0.04759008540247919
0.04818141350141656
0.04510650738694226
0.045215311757146735
0.04311964497451271
0.04308653060097222
0.04336090683887916
0.044207688676557465
0.04478955552591183
0.045267348629853224
0.04507339301340177
0.045030817390278276
0.04479428615070333
0.04520585050756374
0.046610846070638916
0.04656827044751543
0.04745762790831723
0.049231612205129324
0.049520180317410754
0.04663922981938791
0.047027141052290826
0.04698929605395883
0.046965642930001335
0.044070500557603996
0.044392183043425924
0.04434960742030243
0.044477334289672904
0.04470913490445635
0.0431716818472192
0.04325210246867468
0.04354540120574761
0.043772471195739564
0.04460033053425187
0.04530519362818521
0.044278648048429944
0.04500243364152928
0.04510650738694226
0.045570108616509154
0.0471217535481208
0.047296786665406265
0.0471028310489548
0.04696091230520984
0.04788338413955213
0.04796853538579911
0.04811045412954408
0.048427405990574504
0.04841321411620001
0.04838009974265951
0.048876815345766905
0.0523964001906421
0.05266604580375754
0.05269916017729804
0.05302084266311996
0.05352701951581035
0.05312491640853294
0.05264712330459155
0.05395750637183675
0.05384397137684078
0.05380612637850878
0.0537398976314278
0.05402846574370923
0.054250805108909686
0.05448260572369313
0.055196930067209465
0.05632754939237771
0.056805342496319106
0.057425054344005466
0.05794069244627885
0.0581488399371048
0.05806368869085782
0.05669653812611463
0.05647892938570568
0.05483267195826405
0.05735882559692448
0.0603249273411943
0.06066080170139073
0.06044319296098178
0.06041480921223279
0.060490499208896764
0.0409577494447977
0.04045630321689882
0.04038534384502633
0.04069283445647376
0.040058930734412905
0.04047995634085631
0.04062660570939278
0.040763793828346245
0.043772471195739564
0.043857622441986543
0.044122537430310485
0.044122537430310485
0.04418876617739147
0.04236747563266438
0.042310708135166394
0.03957640700568001
0.04033330697231984
0.04016773510461738
0.040413727593775324
0.04037115197065184
0.040314384473153844
0.0409672106943807
0.04113751318687466
0.040513070714396804
0.04071175695563976
0.040934096320840205
0.04116116631083216
0.040863136948967725
0.04120847255874714
0.04082529195063573
0.040716487580431254
0.042296516260791894
0.042698619368069304
0.04267023561932031
0.04302503247868273
0.04255670062432434
0.042963534356393246
0.04293988123243575
0.04470440427966485
0.04465236740695836
0.043550131830539116
0.04372516494782457
0.04477063302674584
0.04465236740695836
0.04451990991279639
0.04502608676548678
0.045352499876100204
0.04595328922462057
0.04565999048754763
0.0458161011056671
0.04601005672211855
0.045820831730458596
0.04656353982272393
0.04635539233189798
0.04677641793834138
0.04658246232188992
0.046222934837736006
0.046861569184588364
0.04727786416624027
0.04735355416290425
0.0471028310489548
0.046795340437507375
0.04726840291665727
0.046762226063966884
0.04687103043417136
0.046762226063966884
0.04696091230520984
0.04747181978269172
0.047098100424163306
0.04914173033409085
0.049212689705963326
0.049983781546977656
0.04996012842302016
0.05011623904113962
0.0502155821617611
0.04989389967593917
0.050508880898834034
0.050291272158425084
0.049804017804900694
0.049217420330754824
0.049501257818244764
0.04784080851642864
0.047651583524768684
0.04752385665539821
0.04775092664539016
0.047888114764343626
0.047802963518096646
0.04745762790831723
0.04717852104561879
0.04743870540915123
0.047315709164572256
0.04750493415623221
0.04788338413955213
0.047817155392471146
0.047637391650394184
0.050494689024459534
0.05038115402946356
0.05004527966926714
0.05028181090884209
0.050627146518621505
0.05092044525569444
0.050858947133404955
0.051128592746520395
0.05135566273651234
0.0511049396225629
0.050693375265702494
0.05070756714007699
0.05068391401611949
0.050556187146749025
0.05056091777154052
0.05044738277654455
0.050892061506945446
0.05060349339466401
0.050669722141745
0.05049941964925104
0.05055145652195752
0.050456844026127545
0.05136985461088684
0.05086367775819645
0.050631877143413
0.050877869632570946
0.05104817212506491
0.051365123986095336
0.051502312105048804
0.051194821493601377
0.051081286498605404
0.05145027523234232
0.05204160333127968
0.05183818646524523
0.05211256270315217
0.05228759582043763
0.05233490206835262
0.05223555894773114
0.05227813457085463
0.052207175198982145
0.053531750140601846
0.05360744013726583
0.05358851763809983
0.05364055451080632
0.053063418286243454
0.05312491640853294
0.05271808267646403
0.0524105920650166
0.052207175198982145
0.052207175198982145
0.052183522075024656
0.05221663644856515
0.05233490206835262
0.05231124894439512
0.052339632693144116
0.05204160333127968
0.05180034146691324
0.05167261459754277
0.051464467106716816
0.05161111647525328
0.05136985461088684
0.0511238621217289
0.051076555873813906
0.05192333771149221
0.050541995272374525
0.051516503979423305
0.05119009086880988
0.05111913149693739
0.05113805399610339
0.05075014276320048
0.050371692779880566
0.050087855292390626
0.05011623904113962
0.049789825930526194
0.04974251968261121
0.049870246551981676
0.049737789057819705
0.04964790718678123
0.049884438426356176
0.049714135933862216
0.049364069699291295
0.049302571577001804
0.04907077096221836
0.04918430595721433
0.04823818099891455
0.048171952251833565
0.04816722162704207
0.04818614412620806
0.04831860162037003
0.04821452787495705
0.04808207038079509
0.04785026976601164
0.04788338413955213
0.04792595976267562
0.04767523664872618
0.047940151637050114
0.048441597864949004
0.047888114764343626
0.04740559103561074
0.047452897283525725
0.04748601165706622
0.04775092664539016
0.0475948160272707
0.0471170229233293
0.04706025542583132
0.047079177924997315
0.047098100424163306
0.04717379042082729
0.04697510417958434
0.046828454811047866
0.04677641793834138
0.04646892732689395
0.04650204170043444
0.04647365795168545
0.046445274202936454
0.046260779836067994
0.04629862483439999
0.04664869106897091
0.046625037945013416
0.046610846070638916
0.04620874296336151
0.04609520796836553
0.04592490547587157
0.045787717356918105
0.04636485358148097
0.047112292298537806
0.046979834804375835
0.04695145105562684
0.0466676135681369
0.04650204170043444
0.046506772325225945
0.04647365795168545
0.04657300107230693
0.046308086083982986
0.04606209359482504
0.046104669217948535
0.04618035921461251
0.04612832234190603
0.04596275047420356
0.04595328922462057
0.04576879485775211
0.045702566110671125
0.045314654877768215
0.04481793927466082
0.04439691366821742
0.04423134180051496
0.043971157436982516
0.04376300994615656
0.04381031619407155
0.04344605808512614
0.04347917245866663
0.043403482462002645
0.04336090683887916
0.043233179969508685
0.04304395497784873
0.04297299560597624
0.04288784435972926
0.04282634623743978
0.04306760810180622
0.04269388874327781
0.0427033499928608
0.04378193244532256
0.04378193244532256
0.04350755620741562
0.04338929058762815
0.04329467809179817
0.0431669512224277
0.0431716818472192
0.04303449372826573
0.04292095873326975
0.04294461185722725
0.04292568935806126
0.04281215436306528
0.04275538686556729
0.04275065624077579
0.042580353748281834
0.042310708135166394
0.04205052377163395
0.04155853879331806
0.04113751318687466
0.04091990444646571
0.04075433257876325
0.04075433257876325
0.04060768321022678
0.0405225319639798
0.041118590687708664
0.04068810383168226
0.04064079758376728
0.0405367238383543
0.040328576347528344
0.04012042885670239
0.04011569823191089
0.04023869447648987
0.040314384473153844
0.0400683919839959
0.040110967607119394
0.04003054698566391
0.03968521137588449
0.03955748450651402
0.0392121488967346
0.03900873203070014
0.03900873203070014
0.039268916394232585
0.03934933701568807
0.039131728275279117
0.0391979570223601
0.0392074182719431
0.03916011202402811
0.038866813286955175
0.03922634077110909
0.039136458900070614
0.03897561765715965
0.03900873203070014
0.038795853915082695
0.0387769314159167
0.03887627453653818
0.03895669515799365
0.039013462655491646
0.03904657702903214
0.03884316016299768
0.03878639266549969
0.038696510794461215
0.03882423766383169
0.038729625168001706
