0.0
0.0
0.0
0.0
0.0
0.0
0.0
0.0
0.0
0.0
0.0
0.0
0.0
0.0
0.0
0.0
0.0
0.0
1.8922499165995704e-05
0.00011826561978747315
0.00023180061478344737
0.0004021031072774087
0.0004967156031073873
0.0007001324691418411
0.000832589963303811
0.0007379774674738324
0.0010028924557977724
0.0010028924557977724
0.0010454680789212627
0.0016084124291096348
0.0018165599199355875
0.001854404918267579
0.0021429730305490137
0.0022990836486684782
0.0024599248915794414
0.0026396886336564006
0.002885681122814345
0.002942448620312332
0.003339821102798242
0.0055301003812622445
0.005686210999381709
0.005936934113331152
0.00638634346852355
0.007162165934329374
0.007587922165564277
0.008344822132204105
0.009172681470716417
0.0096930501977813
0.009565323328410829
0.010066769556309715
0.010885167645239028
0.013666775022640397
0.014277025620743759
0.015029194962592089
0.015062309336132581
0.017257319239388082
0.01779187984082746
0.018373746690181828
0.019357716646813607
0.01993958349616797
0.020322764104279387
0.02101343532383823
0.02101343532383823
0.02136823218320065
0.03339348040319092
0.03323263916027996
0.033592166644433874
0.03411726599629025
0.03218244045656719
0.03267915605967458
0.03332725165610993
0.034079420997958264
0.03185602734595377
0.032882572925709036
0.03322790853548846
0.03386181225754931
0.03376246913692783
0.03457613660106565
0.03512488907687952
0.03364893414193186
0.0343727197350312
0.03470386347043612
0.029060228094177902
0.031193739875143917
0.03206890546157122
0.031572189858463835
0.032196632330941694
0.03305760604299449
0.033024491669454
0.03324210040986295
0.03370097101463835
0.03334144353048443
0.03382396725921732
0.03415511099462225
0.034500446604401665
0.03603316903684732
0.03607574465997081
0.03588178904351935
0.03502554595625805
0.03553172280894843
0.035607412805612415
0.035739870299774386
0.0356783721774849
0.03628862277558826
0.0365677296382867
0.034765361592725606
0.03461871222418914
0.03180399047324728
0.03225813045323118
0.03212094233427771
0.03281634417862805
0.03268388668446608
0.03281161355383655
0.03337928852881642
0.033842889758383315
0.03368204851547235
0.03409361287233276
0.03430649098795021
0.034855243463764084
0.03607574465997081
0.035877058418727854
0.03594801779060034
0.03593382591622584
0.036534615264746204
0.036179818405383785
0.03721109460993055
0.037248939608262546
0.037419242100756506
0.036615035886201686
0.036132512157468794
0.03600478528809833
0.03605209153601332
0.03635485152266925
0.036581921512661195
0.03686575900015113
0.037031330867853596
0.03702660024306209
0.037168518986807064
0.036449464018499224
0.03623185527809027
0.03626023902683927
0.03658665213745269
0.036458925268082226
0.03691306524806612
0.03697929399514711
0.03705025336701959
0.03748074022304599
0.03623185527809027
0.036312275899545755
0.03639269652100124
0.0361041284087198
0.03589598091789385
0.03684210587619364
0.03694144899681511
0.03807206832198336
0.038341713935098796
0.03836536705905629
0.03995485698899993
0.03982239949483796
0.040394805094609326
0.040461033841690315
0.04048468696564781
0.03423553161607773
0.03334144353048443
0.03311437354049248
0.033322521031318435
0.033573244145267876
0.03574933154935738
0.03628389215079676
0.03415038036983075
0.034547752852316656
0.0343490666110737
0.03420241724253723
0.0343537972358652
0.03431122161274171
0.034779553467100106
0.03490728033647057
0.03532357531812248
0.03578244592289788
0.03499716220750906
0.03501135408188355
0.03505866032979854
0.035049199080215546
0.03483632096459809
0.03467547972168713
0.03458086722585715
0.03445787098127818
0.03457140597627415
0.03475590034314261
0.03475590034314261
0.035167464700003016
0.03507758282896454
0.03501135408188355
0.03510596657771353
0.034916741586053575
0.034902549711679075
0.03556483718248893
0.03545603281228445
0.03555064530811443
0.03607574465997081
0.036179818405383785
0.03632173714912875
0.036160895906217794
0.03588651966831085
0.03586759716914486
0.03598586278893233
0.035924364666642845
0.03601897716247282
0.036056822160804816
0.03576352342373188
0.03548441656103345
0.03503973783063254
0.03519111782396051
0.03518165657437751
0.030644987399330043
0.030881518638904988
0.03148703861221685
0.03165261047991932
0.03187968046991126
0.03317587166278197
0.03373881601297034
0.033994269751711284
0.034415295358154685
0.03458086722585715
0.03452883035315066
0.034041575999626275
0.034718055344810615
0.035673641552693404
0.03645419464329072
0.036667072758908174
0.037471278973462994
0.037518585221377986
0.03729624585617753
0.03719217211076456
0.03910807515132162
0.03954329263213952
0.03992174261545944
0.040110967607119394
0.04030492322357085
0.04023869447648987
0.0401015063575364
0.039855513868378455
0.03986024449316995
0.0400778532335789
0.04000216323691492
0.04034749884669434
0.040678642582099266
0.040645528208558775
0.04068337320689076
0.04130781567936862
0.04131254630416012
0.04142608129915609
0.04136458317686661
0.0414308119239476
0.04147338754707108
0.041601114416441556
0.041790339408101514
0.038393750807805285
0.03826602393843481
0.03863028204738023
0.03840794268217978
0.038464710179677765
0.038512016427592756
0.0387532782919592
0.038828968288623186
0.038682318920086715
0.038597167673839736
0.03848836330363526
0.03854513080113325
0.03770781021303794
0.037248939608262546
0.037239478358679544
0.03707863711576858
0.03694617962160661
0.035257346571041494
0.03519111782396051
0.034869435338138584
0.03482212909022359
0.03475590034314261
0.03476063096793411
0.034561944726691156
0.034632904098563635
0.034632904098563635
0.03454302222752516
0.034699132845644624
0.0339375022542133
0.034074690373166766
0.033942232879004795
0.0339185797550473
0.03403684537483477
0.033587436019642376
0.03343605602631441
0.03351174602297839
0.033672587265889356
0.03363001164276586
0.03368204851547235
0.03386654288234081
0.03352120727256139
0.03361581976839137
0.033488092899020896
0.03398480850212828
0.0339375022542133
0.03382396725921732
0.034041575999626275
0.03405576787400077
0.03418822536816274
0.034344335986282205
0.034363258485448196
0.034230800991286225
0.0339375022542133
0.03371516288901284
0.03361581976839137
0.0343396053614907
0.03418822536816274
0.03423553161607773
0.033771930386510836
0.03342659477673141
0.03324210040986295
0.03336509665444193
0.033275214783403444
0.03335090478006743
0.033369827279233426
0.03422607036649473
0.034074690373166766
0.03405576787400077
0.03404630662441777
0.034164572244205244
0.03395169412858779
0.03363001164276586
0.03380504476005133
0.03378612226088533
0.03352593789735289
0.03334617415527593
0.03315694916361597
0.03307179791736899
0.03250412294238912
0.03262711918696809
0.0326081966878021
0.03245208606968263
0.03257508231426161
0.032650772310925585
0.0325892741886361
0.03252777606634662
0.031425540489927364
0.031212662374309915
0.031160625501603426
0.03101397613306696
0.031042359881815952
0.030943016761194476
0.03157692048325533
0.03262238856217659
0.03289203417529203
0.033067067292577496
0.033152218538824475
0.0330386835438285
0.03318060228757347
0.03312383479007548
0.0330292222942455
0.03314275728924147
0.03309545104132649
0.033185332912364966
0.03312856541486698
0.033152218538824475
0.033033952919037
0.03312383479007548
0.03286365042654304
0.03264604168613409
0.0334691703998549
0.032097289210320214
0.0316999167278343
0.03262711918696809
0.03232908982510366
0.03223447732927368
0.032215554830107684
0.03235747357385265
0.032485200443223124
0.03230543670114617
0.032565621064678606
0.03241897169614214
0.0330292222942455
0.03321844728590546
0.0330481447934115
0.03287784230091754
0.03316167978840747
0.03326575353382045
0.03317587166278197
0.032967724171956016
0.03283999730258554
0.03264604168613409
0.03304341416862
0.03296299354716452
0.03319952478673946
0.03284472792737704
0.03275957668113006
0.032802152304253554
0.03277376855550456
0.032664964185300085
0.0325987354382191
0.033052875418202995
0.03313329603965848
0.03334144353048443
0.03349755414860389
0.033573244145267876
0.03386181225754931
0.03403684537483477
0.033776661011302334
0.033672587265889356
0.033876004131923806
0.03363001164276586
0.033672587265889356
0.03336036602965042
0.03369624038984685
0.03283053605300255
0.032631849811759595
0.03289203417529203
0.03319479416194796
0.03294880167279002
0.03282580542821105
0.03274538480675557
0.03277849918029606
0.03264131106134259
0.032650772310925585
0.03254669856551261
0.032314897950729164
0.03236693482343565
0.032310167325937666
0.03232435920031216
0.03219190170615019
0.03198848484011574
0.03196956234094974
0.031695186103042804
0.03165261047991932
0.031690455478251306
0.03164787985512781
0.03145392423867636
0.03155326735929784
0.03173303110137479
0.03163368798075332
0.031510691736174344
0.03148230798742535
0.031165356126394924
0.030985592384317966
0.030654448648913042
0.03047468490683608
0.030096234923516166
0.030446301158087087
0.03017192492018015
0.030739599895160022
0.03052672177954257
0.030469954282044583
0.030588219901832057
0.030758522394326016
0.030654448648913042
0.030635526149747044
0.030592950526623554
0.03052672177954257
0.030105696173099165
0.029765091188111242
0.029670478692281264
0.02982185868560923
0.02967520931707276
0.029760360563319745
0.029722515564987752
0.029580596821242783
0.029571135571659787
0.029637364318740773
0.029661017442698265
0.029320412457710342
0.029211608087505867
0.029254183710629357
0.029211608087505867
0.029315681832918845
0.029183224338756874
0.028790582481062463
0.028634471862943
0.028525667492738525
0.02858243499023651
0.02845470812086604
0.028341173125870065
0.028308058752329574
0.028270213753997582
0.028166140008584604
0.028520936867947023
0.02827494437878908
0.02802422126483964
0.027953261892967155
0.02788230252109467
0.02771200002860071
0.0277498450269327
0.02788230252109467
0.027716730653392207
0.02757008128485574
0.027560620035272744
0.027631579407145227
0.02765050190631122
0.027603195658396234
0.027466007539442765
0.027499121912983256
0.02740924004194478
0.027328819420489297
