0.0
0.0
0.0
0.0
0.0
0.0
0.0
0.0
0.00010407374541297637
0.0002696456131154388
0.0012583461945387144
0.0018023680455610909
0.0017456005480631037
0.0018402130438930821
0.0019300949149315618
0.0019300949149315618
0.0020057849115955447
0.002171356779298007
0.00198213178763805
0.0025308842634519254
0.0023984267692899555
0.0031837104846787773
0.0027201092551118826
0.014518287485110203
0.014499364985944209
0.015918552423393885
0.01616927553734333
0.01607466304151335
0.016746411761906197
0.015700943682984934
0.015913821798602387
0.016798448634612686
0.017252588614596585
0.019045495410574678
0.01911172415765566
0.01906914853453217
0.009385559586333869
0.009745087070487787
0.01048306453796162
0.010686481403996074
0.013349823161609969
0.01392222876138134
0.014371638116573738
0.014769010599059646
0.01598951179526637
0.01622131241004982
0.01545968181861849
0.015648906810278446
0.01563944556069545
0.016282810532339303
0.016571378644620736
0.01743708298146504
0.017157976118766606
0.015402914321120504
0.01626388803317331
0.015965858671308876
0.016703836138782707
0.017602654849167503
0.01784391671353395
0.017427621731882042
0.012796340061004595
0.012413159452893181
0.016997134875855642
0.019641554134303543
0.01996796724491697
0.016391614902543778
0.016486227398373757
0.017337739860843564
0.017484389229380032
0.01796691295811292
0.02285364836773131
0.02348755208979217
0.027035520683416362
0.030999784258692462
0.03472751659439362
0.03460452034981464
0.037490201472628985
0.03647784776724822
0.03714013523805807
0.03738139710242451
0.038124105194689846
0.038247101439268814
0.03846944080446927
0.03846944080446927
0.03550806968499094
0.035791907172480875
0.04061714445980978
0.03917430389840261
0.03915538139923661
0.039117536400904616
0.04379612431969706
0.04197956439976147
0.042272863136834406
0.04188968252872299
0.05383924075204928
0.054250805108909686
0.055362501934911934
0.05530573443741395
0.06496567026165476
0.06294569347568471
0.06285581160464623
0.059359879883728525
0.05951125987705649
0.060807451069927194
0.06120009292762161
0.06224556100654287
0.06239694099987084
0.06267604786256926
0.06282269723110574
0.06427499904209591
0.06477644526999479
0.0651785483772722
0.06804530700092055
0.06550023086309413
0.06633755145118944
0.06439799528667488
0.06875490071964539
0.06590233397037154
0.06686738142783732
0.06683899767908832
0.06733571328219572
0.06821560949341451
0.0686839413477729
0.06886843571464137
0.06625713082973396
0.06623347770577646
0.066058444588491
0.06836225886195098
0.06906239133109282
0.06758170577135365
0.07884059277512111
0.07873178840491663
0.07987186897966787
0.08028343333652828
0.08010840021924281
0.08125794204357706
0.08144716703523701
0.08164112265168846
0.0828001257256057
0.08492417625698873
0.08499040500406971
0.08515124624698067
0.08834914860603395
0.08817884611353997
0.08858567984560889
0.07946503524759896
0.07867975153221014
0.07953126399467994
0.08045846645381373
0.07782350844494883
0.07799854156223429
0.07834860779680522
0.0792710796311475
0.08143770578565401
0.07723691097080297
0.08259197823477975
0.08296569759330817
0.08400643504743793
0.08462141627033279
0.08490525375782272
0.08646162931422587
0.08973995229473462
0.0916085490873767
0.0916369328361257
0.09367110149647023
0.09398805335750066
0.09325953713960983
0.09058673413241293
0.09083272662157088
0.0915707040890447
0.09193023157319863
0.09185927220132614
0.09201538281944562
0.09215257093839908
0.0938177508650067
0.09269659278942145
0.0920721503169436
0.09230868155651854
0.09216676281277357
0.0925168290473445
0.08935204106183171
0.08991025478722858
0.09243167780109751
0.09214784031360758
0.09144297721967425
0.09327845963877582
0.09456045895727203
0.09527005267599688
0.0951423258066264
0.09538831829578434
0.09515651768100089
0.09543089391890784
0.09520382392891588
0.09706769009676647
0.0973420663346734
0.09768267131966132
0.10015205746082376
0.10106506804558306
0.094702377701017
0.09499567643808993
0.09576203765431276
0.0969068488538555
0.09724745383884342
0.09794285568319376
0.09782932068819779
0.09783878193778078
0.09415835584999463
0.0929425852785794
0.0942766214697821
0.09307031214794988
0.09367583212126174
0.09395020835916867
0.09010894102847154
0.09131051972551227
0.09165112471050019
0.09145243846925724
0.09146663034363174
0.09187346407570064
0.09228502843256105
0.09212891781444159
0.09228975905735255
0.09271078466379595
0.09147609159321474
0.0920532278177776
0.09236071842922502
0.0850093275032357
0.08521747499406165
0.08515124624698067
0.08712864740982722
0.08697726741649925
0.08754021176668762
0.08777201238147107
0.0885147204737364
0.0885289123481109
0.08862352484394088
0.09013259415242904
0.09020355352430152
0.09061984850595342
0.09021774539867602
0.08992444666160308
0.08998121415910107
0.08996229165993508
0.09000959790785007
0.08833495673165945
0.08713337803461872
0.08766320801126659
0.08848633672498742
0.08868029234143887
0.08877017421247735
0.08782404925417756
0.08807477236812701
0.08648528243818336
0.0867643893008818
0.08755440364106212
0.08759697926418561
0.0889735910785118
0.0893851554353722
0.08956491917744917
0.08947503730641068
0.08981091166660711
0.09112602535864381
0.0916463940857087
0.09135782597342726
0.09194915407236462
0.0920816115665266
0.09182615782778565
0.09152339784112973
0.09135782597342726
0.09178831282945366
0.09084218787115388
0.09100775973885634
0.09102195161323083
0.0907144610017834
0.09085637974552838
0.0912111766048908
0.09084691849594538
0.09084691849594538
0.09112602535864381
0.09127740535197178
0.09106452723635433
0.09257359654484248
0.09334468838585681
0.0933730721346058
0.09358121962543176
0.09385559586333869
0.09408266585333064
0.0946881858266425
0.09458411208122952
0.09561538828577629
0.09596545452034722
0.09619252451033916
0.09616414076159017
0.09711972696947295
0.09730895196113291
0.09756913632466535
0.09772524694278481
0.0986524494019186
0.09494837019017495
0.09480645144642998
0.094664532702685
0.094692916451434
0.09465507145310201
0.09455572833248053
0.09447530771102505
0.09496729268934094
0.09546873891723982
0.09356702775105726
0.09348660712960177
0.09246006154984651
0.09265401716629797
0.09245060030026352
0.09213364843923308
0.09220460781110557
0.0920721503169436
0.09214784031360758
0.09288108715628991
0.09298043027691139
0.09440434833915257
0.09428608271936509
0.09513286455704341
0.0951896320545414
0.09544981641807383
0.0959938382690962
0.09630132888054364
0.09643378637470561
0.0964905538722036
0.09701092259926848
0.09740356445696288
0.09726637633800941
0.09718122509176244
0.09754075257591635
0.0981841175475602
0.09816519504839422
0.0982408850450582
0.09873287002337408
0.10010002058811727
0.09996756309395531
0.10018044120957276
0.1004169724491477
0.1008427286803826
0.1009184186770466
0.10088530430350609
0.10079069180767612
0.10072446306059513
0.10424404790547033
0.1044190810227558
0.1026545579755267
0.10226191611783228
0.10257886797886272
0.10286270546635265
0.10271132547302468
0.10340199669258353
0.10334049857029404
0.10338780481820903
0.10376152417673744
0.1039838635419379
0.10322696357529806
0.1031039673307191
0.10300935483488911
0.10310869795551059
0.10333103732071104
0.10386086729735892
0.10406428416339338
0.10407847603776788
0.1044096197731728
0.10453261601775177
0.10420620290713835
0.10449477101941977
0.10501987037127616
0.10517598098939562
0.10510502161752314
0.10806166211220997
0.10785351462138401
0.10790555149409051
0.10815627460803995
0.10894155832342876
0.10867191271031333
0.1087901783301008
0.10891790519947127
0.10904090144405025
0.10890371332509678
0.10932000830674868
0.10949504142403414
0.10948084954965964
0.10944300455132765
0.1096795357909026
0.10935312268028917
0.1096937276652771
0.10977887891152407
0.1101147532717205
0.10982145453464756
0.10979307078589857
0.10977887891152407
0.10986403015777106
0.1092537795596677
0.10998229577755853
0.11049793387983191
0.11068242824670037
0.11067296699711737
0.11077231011773885
0.11130687071917823
0.1114393282133402
0.11175628007437063
0.1123618000476825
0.1123239550493505
0.11223407317831202
0.11229084067581001
0.11240910629559749
0.11195023569082209
0.1123239550493505
0.11244695129392947
0.112300301925393
0.11271186628225341
0.11284432377641539
0.1118603538197836
0.11180358632228561
0.11178466382311962
0.11247533504267847
0.11284432377641539
0.11321331251015229
0.11372895061242567
0.11263617628558943
0.11298624252016035
0.11305720189203283
0.11267875190871292
0.11267875190871292
0.11303827939286684
0.11274025003100241
0.1132038512605693
0.11306666314161583
0.11308558564078183
0.1136674524901362
0.11388033060575364
0.11357757061909772
0.11372895061242567
0.11455680995093799
0.11436285433448654
0.11447165870469102
0.11386613873137914
0.11419255184199258
0.11419255184199258
0.11426824183865655
0.11427770308823956
0.11415470684366058
0.11426351121386506
0.11413105371970308
0.11437704620886104
0.11450004245344
0.11337888437785476
0.11303354876807534
0.1132038512605693
0.1136343381165957
0.11446692807989951
0.1140837474717881
0.11370529748846818
0.11397967372637513
0.11423512746511606
0.11436285433448654
0.11424458871469906
0.11440069933281853
0.11420674371636708
0.11420674371636708
0.11387086935617065
0.11279228690370889
0.11212053818331605
0.11200700318832008
0.11180358632228561
0.11169951257687265
0.1118603538197836
0.11173262695041314
0.11186981506936661
0.11166639820333214
0.11173735757520463
0.11166166757854065
0.11210634630894155
0.11197388881477958
0.11216784443123104
0.11200700318832008
0.11167112882812365
0.11181777819666011
0.11180831694707712
0.11193604381644759
0.11160963070583416
0.11158124695708517
0.11153394070917018
0.11091422886148382
0.11109399260356077
0.11094261261023282
0.1109568044846073
0.11085273073919433
0.11063512199878538
0.10993025890485204
0.10809950711054196
0.10758859963306007
0.10775417150076254
0.1079244739932565
0.10755075463472809
0.10770686525284755
0.10764063650576657
0.10752710151077059
