0.0
0.0
0.0
0.0
0.0
0.0
0.00015137999332796563
0.0001986862412429549
0.0004352174808179012
0.0030465223657253084
0.0033634742267557366
0.005828129743126677
0.0057240559977137
0.0074223502978618145
0.009021301477388452
0.010128267678599201
0.029448139327080815
0.029325143082501844
0.030465223657253085
0.03206417483677972
0.03179925984845578
0.06103452105991914
0.05259508643188506
0.05254778018397007
0.05499824382596651
0.03508231345375604
0.03606628341038781
0.037069175866185584
0.0392074182719431
0.041553808168526565
0.041771416908935516
0.04245262687891136
0.04094355757042321
0.04163422878998205
0.047732004146224166
0.04295880373160175
0.03808626019635785
0.06374989969023953
0.06536777336893217
0.07017881878188657
0.03938245138922856
0.03996431823858293
0.041790339408101514
0.04436379929467693
0.044292839922804444
0.03710702086451757
0.0418281844064335
0.043318331215755665
0.04426445617405545
0.04594855859982907
0.04706971667541431
0.04826656474766354
0.05141243023401033
0.053867624500798274
0.05492255382930253
0.04047522571606481
0.04302030185389123
0.04343186621075164
0.046038440470867546
0.045437651122347184
0.04700348792833333
0.04322844934471719
0.04594382797503757
0.048574055359110975
0.05039061527904656
0.05157800210171279
0.046374314831063974
0.05725002122672
0.05760954871087392
0.05844686929896923
0.05389600824954727
0.058484714297301225
0.05911861801936208
0.0643459584139684
0.0652022015012297
0.06585502772245655
0.07254886180242753
0.07280431554116847
0.07242586555784855
0.07516489731212643
0.0797536033598804
0.07915281401136003
0.07934676962781148
0.07992390585237436
0.0823270632464558
0.08432338690846836
0.0846119550207498
0.08824507486062097
0.09033601101846349
0.09088949411906887
0.08915808544538026
0.08707661053712074
0.08534993248822362
0.07021666378021856
0.0722602936901461
0.0726813192965895
0.07591706665397477
0.07705241660393451
0.08124848079399405
0.08246425136540927
0.08362325443932651
0.08463087751991578
0.08493363750657172
0.08756386489064512
0.0867738505504648
0.08742194614690016
0.07459722233714657
0.07561430666731883
0.07554807792023785
0.07305503865511792
0.07385451424488124
0.07480063920318102
0.0687359782204794
0.06905766070630132
0.06980509942335815
0.06964898880523869
0.06577460710100107
0.06054253608160325
0.06265712536340327
0.06277066035839925
0.06402427592814647
0.06647473957014291
0.06626659207931695
0.0678750045084266
0.07189603558120068
0.07209945244723513
0.07281377679075147
0.07470602670735103
0.0757609560358553
0.0766597747462401
0.07632390038604367
0.07825399530097524
0.07245424930659755
0.07411469860841367
0.07452626296527408
0.07515543606254343
0.07418092735549466
0.06985240567127314
0.07065188126103646
0.07275227866846198
0.07338145176573134
0.07491417419817699
0.07485267607588751
0.07512705231379445
0.07748290345996091
0.0779512353143193
0.07853310216367367
0.07833441592243072
0.07978198710862938
0.07955491711863744
0.07954072524426294
0.07774308782349335
0.07916700588573453
0.0797015664871739
0.08086056956109114
0.08098829643046161
0.08134309328982403
0.08121063579566207
0.08224191200020883
0.0832542657055896
0.08418619878951489
0.08453153439929431
0.0827717419768567
0.083703675060782
0.08375571193348849
0.0837084056855735
0.08308869383788714
0.08271970510415022
0.0846119550207498
0.08624875119860842
0.08728475802794669
0.08821196048708048
0.08880328858601784
0.08937569418578921
0.07932311650385399
0.07963060711530143
0.07875544152887412
0.0801415145927833
0.0805909239479757
0.08267712948102673
0.08035912333319226
0.08223245075062584
0.08261563135873724
0.08335360882621108
0.08476333501407776
0.08509447874948269
0.08529316499072563
0.08526951186676814
0.08778147363105407
0.08361379318974352
0.0845646487728348
0.08651366618693236
0.08686846304629478
0.08715703115857622
0.08790920050042454
0.09022247602346752
0.09044008476387647
0.08621090620027642
0.08667450742984333
0.08664612368109433
0.08832076485728495
0.08868502296623036
0.08887897858268182
0.0885525654720684
0.08846268360102992
0.08931892668829122
0.08931892668829122
0.09066242412907692
0.09428608271936509
0.09609791201450918
0.09653312949532708
0.09671289323740405
0.0964810926226206
0.09636282700283312
0.09678385260927652
0.09658516636803358
0.09711499634468146
0.09787189631132127
0.09882748251920406
0.0986287962779611
0.0982361544202667
0.0982219625458922
0.09809423567652173
0.09916808750419198
0.10070554056142914
0.10057308306726717
0.09967899498167387
0.10110291304391504
0.10012367371207477
0.10111237429349805
0.10162328177097993
0.10244167985990925
0.10205376862700632
0.10294785671259962
0.1039223654196484
0.10431027665255131
0.10420147228234684
0.10492525787544618
0.1052422097364766
0.10565850471812852
0.10491106600107168
0.10531316910834909
0.10629240844018936
0.10617887344519339
0.10599910970311643
0.10599437907832493
0.10596599532957594
0.1061741428204019
0.10578623158749899
0.10563485159417102
0.1052753241100171
0.10623564094269138
0.10623091031789988
0.10632079218893836
0.105701080341252
0.10554023909834104
0.10421093353192984
0.10433866040130031
0.10412578228568287
0.10674181779538176
0.10672762592100726
0.10670397279704978
0.1070824227803697
0.1070256552828717
0.1074703340132726
0.10790555149409051
0.1083596914740744
0.1088091008292668
0.10862933708718985
0.10931527768195719
0.10950923329840864
0.10934839205549768
0.10848268771865337
0.10804747023783547
0.10903617081925875
0.10811369898491646
0.107891359619716
0.10775890212555403
0.10850161021781937
0.1083975364724064
0.11102776385647979
0.1114393282133402
0.11005325514943101
0.1101147532717205
0.11009583077255451
0.10935785330508067
0.10908347706717374
0.10949504142403414
0.10802381711387797
0.10775417150076254
0.1066235521755943
0.1066188215508028
0.10674654842017327
0.10610318344852941
0.10372367917840546
0.10442854227233879
0.1043954278987983
0.10496783349856967
0.1052516709860596
0.10596599532957594
0.10550239410000904
0.10551658597438354
0.10534155285709808
0.10540778160417907
0.10536520598105557
0.10545981847688556
0.10599437907832493
0.10489214350190569
0.10554496972313254
0.10568215784208601
0.10481172288045021
0.10413997416005735
0.1035533766859115
0.10370948730403096
0.10317019607780008
0.10269713359865018
0.10355810731070299
0.10375679355194595
0.10333576794550255
0.1043906972740068
0.10421566415672134
0.10370948730403096
0.1035155316875795
0.10349660918841351
0.10323642482488106
0.10429135415338532
0.10318911857696607
0.10285324421676965
0.10266401922510969
0.10251263923178172
0.10270659484823318
0.1026687498499012
0.10153339989994145
0.10038385807560721
0.10103195367204257
0.10182669863701438
0.10207742175096382
0.1022098792451258
0.10185035176097187
0.1021720342467938
0.10233760611449627
0.10240856548636874
0.10216257299721081
0.10243221861032624
0.1022004179955428
0.10187873550972087
0.10282486046802065
0.10275390109614817
0.10333103732071104
0.1035249929371625
0.10343511106612402
0.10327426982321306
0.10253629235573922
0.10300935483488911
0.1039412879188144
0.10434339102609182
0.1039129041700654
0.10433866040130031
0.10404063103943588
0.10285797484156115
0.10323642482488106
0.10381356104944393
0.10344930294049852
0.10369056480486497
0.10364325855694997
0.10359595230903498
0.10330738419675355
0.10320331045134057
0.10261198235240321
0.10260252110282021
0.10239437361199426
0.10228083861699828
0.10192131113284436
0.10190238863367837
0.10181250676263989
0.10124956241245152
0.09914443438023449
0.09931000624793695
0.09900724626128102
0.09843484066150965
0.09848687753421614
0.09835915066484567
0.09842064878713516
0.0982219625458922
0.09827873004339019
0.09833076691609667
0.09811788880047922
0.09796650880715126
0.09764482632132933
0.09745560132966938
0.09723326196446892
0.09684535073156601
0.09679331385885953
0.09676493011011053
0.09589449514847473
0.09593234014680672
0.09578569077827026
0.0950997501835029
0.09499094581329844
0.09482064332080448
0.09467399395226801
0.09443273208790157
0.0942482377210331
0.09363325649813824
0.09323588401565233
0.09432392771769708
0.09322642276606934
0.09271078466379595
0.09234652655485054
0.09216676281277357
0.09234179593005903
0.09217622406235658
0.09150447534196372
0.09130578910072078
0.09194442344757313
0.09172208408237267
0.09155178158987871
0.09107871911072882
0.09070499975220041
0.08973522166994313
0.09039750914075298
0.09021301477388452
0.09056308100845543
0.09095572286614985
0.09085637974552838
0.09050631351095745
0.09034547226804648
0.08990552416243709
0.0898676791641051
0.08905401169996728
0.08932365731308273
0.08951288230474268
0.08880801921080934
0.08885532545872432
0.08865663921748138
0.0880700417433355
0.0880984254920845
0.08835387923082544
0.08783824112855206
0.08780039613022007
0.08778147363105407
0.0876442855121006
0.08701038179003974
0.08689211617025228
0.08680696492400529
0.0867643893008818
0.08683534867275429
0.08612575495402945
0.08669816055380082
0.08664139305630283
0.0863197105704809
0.08613994682840394
0.08614467745319544
0.08609264058048896
0.08620617557548493
0.08576622746987553
0.08562903935092206
0.08472549001574577
0.08390236130202496
0.08386924692848446
0.083703675060782
0.08405374129535292
0.08383613255494397
0.08338672319975157
0.08304611821476364
0.08216149137875335
0.08289946884622718
0.08271970510415022
0.08246898199020078
0.08225137324979183
0.08200065013584239
0.08156070203023298
0.08091733705858913
0.08087949206025714
0.08118698267170457
0.08121536642045356
0.08085583893629965
0.08005163272174483
0.07996175085070635
0.07910077713865354
0.07903927901636405
0.0788831683982446
0.0788595152742871
0.07854256341325667
0.07823034217701774
0.07774308782349335
0.07655570100082712
0.07496621107088348
0.07419511922986916
0.07392074299196222
0.07374097924988526
0.07376936299863425
0.07209472182244363
0.0718014230853707
0.07143243435163378
0.07121955623601633
0.07113440498976935
0.07119590311205884
0.07103979249393937
0.0709309881237349
