0.0
0.0
0.0
0.0
0.0
0.0
0.0
0.0
0.0
0.0
0.0
0.0
0.0
0.0
0.0
1.8922499165995704e-05
3.784499833199141e-05
3.784499833199141e-05
3.784499833199141e-05
8.042062145548174e-05
8.042062145548174e-05
0.00040683373206890766
0.00040683373206890766
0.00048252372873289044
0.0005203687270648818
0.0005913280989373658
0.0005913280989373658
0.0005913280989373658
0.0005203687270648818
0.00047779310394139153
0.0004967156031073873
0.0004967156031073873
0.0004967156031073873
0.0005865974741458668
0.0008893574608017981
0.0010076230805892712
0.001225231820998222
0.0015847593051521401
0.0017739842968120972
0.001920633665348564
0.00228962239908548
0.002412618643664452
0.0025261536386604264
0.005501716632513251
0.005842321617501174
0.007990025272841686
0.0074223502978618145
0.007498040294525798
0.007904874026594705
0.007933257775343698
0.00894088085593297
0.009442327083831857
0.009858622065483762
0.009636282700283312
0.009939042686939244
0.009863352690275261
0.009868083315066759
0.009972157060479736
0.01039318266692314
0.010591868908166095
0.011112237635230978
0.009319330839252885
0.00921052646904841
0.009276755216129393
0.00974035644569629
0.010251263923178173
0.011036547638566995
0.011348768874805924
0.01154272449125738
0.011831292603538815
0.011845484477913311
0.012299624457897208
0.012375314454561191
0.012678074441217121
0.013018679426205045
0.0132126350426565
0.013245749416196993
0.013264671915362989
0.01369515877138939
0.013856000014300355
0.012186089462901234
0.012616576318927635
0.012976103803081554
0.013160598169950011
0.013487011280563439
0.013614738149933909
0.013108561297243524
0.013676236272223394
0.013856000014300355
0.012446273826433674
0.01317005941953301
0.013198443168282004
0.013274133164945986
0.013321439412860975
0.013586354401184915
0.014144568126581788
0.0145324793594847
0.0145324793594847
0.011807639479581319
0.012375314454561191
0.012592923194970141
0.012578731320595645
0.012616576318927635
0.012791609436213096
0.012701727565174617
0.01299029567745605
0.012895683181626072
0.013151136920367014
0.013364015035984465
0.013893845012632345
0.01475481872468515
0.01515219120717106
0.015620523061529454
0.016192928661300825
0.016552456145454742
0.016065201791930352
0.01612669991421984
0.01607939366630485
0.01625442678359031
0.016670721765242216
0.016628146142118726
0.016670721765242216
0.017115400495643113
0.01788176171186594
0.01873327417433575
0.01876165792308474
0.018643392303297267
0.018648122928088765
0.019173222279945147
0.01915903040557065
0.01915903040557065
0.019225259152651636
0.01924891227660913
0.019234720402234635
0.019669937883052536
0.01978347287804851
0.020299110980321892
0.02046941347281585
0.02097559032550624
0.020559295343854332
0.01964628475909504
0.02013353911261943
0.02021869035886641
0.020204498484491913
0.01668964426440821
0.01669910551399121
0.01744654423104804
0.01757427110041851
0.01779661046561896
0.01788649233665744
0.017981104832487417
0.018373746690181828
0.018600816680173778
0.017550617976461017
0.01826967294476885
0.01858662480579928
0.01885627041891472
0.019215797903068637
0.019490174140975574
0.019665207258261035
0.020067310365538445
0.020398454100943368
0.01951382726493307
0.017484389229380032
0.017550617976461017
0.017768226716869968
0.01818452169852187
0.019229989777443134
0.019934852871376474
0.020928284077591248
0.02099924344946373
0.02035587847781988
0.02096612907592324
0.02140134655674114
0.02148649780298812
0.021467575303822126
0.021652069670690586
0.022924607739603794
0.023028681485016772
0.022806342119816324
0.02221028339608746
0.022394777762955915
0.022560349630658377
0.022673884625654353
0.02278268899585883
0.022882032116480305
0.02276849712148433
0.02436744830101097
0.02436744830101097
0.02541764700472373
0.025715676366588162
0.025838672611167134
0.026874679440505398
0.027021328809041865
0.02779242065005619
0.02801476001525664
0.02798164564171615
0.028109372511086618
0.02840740187295105
0.029268375585003854
0.029968508054145696
0.03092882488681998
0.0312694298718079
0.03133565861888889
0.031813451722830274
0.03190333359386876
0.03211621170948621
0.03223447732927368
0.031874949845119765
0.032735923557172565
0.03319952478673946
0.033289406657777944
0.0334786316494379
0.03474170846876811
0.03449571597961017
0.0338996572558813
0.0339185797550473
0.034041575999626275
0.034145649745039246
0.033757738512136336
0.033876004131923806
0.03384762038317481
0.034561944726691156
0.03490728033647057
0.03498297033313456
0.03582029092122987
0.036345390273086246
0.036411619020167235
0.03661030526141019
0.03736247460325852
0.03735774397846702
0.03766050396512295
0.037655773340331454
0.038426865181345776
0.03904657702903214
0.03946287201068404
0.039633174503178
0.03972778699900798
0.039888628241918946
0.040011624486497914
0.04015354323024289
0.040413727593775324
0.040191388228574876
0.04146392629748809
0.04222082626412792
0.04224447938808541
0.04246681875328586
0.0422917856360004
0.04231543875995789
0.042003217523718966
0.042542508749949845
0.04171464941143753
0.041941719401429475
0.042324900009540894
0.04295407310681025
0.043200065595968194
0.043819777443654555
0.04396169618739952
0.04391438993948453
0.04428337867322145
0.04443002804175791
0.0445057180384219
0.04483686177382682
0.04479428615070333
0.045352499876100204
0.045655259862756134
0.04578298673212661
0.04593909735024607
0.04606209359482504
0.04572621923462862
0.046237126712110506
0.04631281670877448
0.04703660230187382
0.047027141052290826
0.04722582729353378
0.04770835102226667
0.04792595976267562
0.04717852104561879
0.047282594791031765
0.04741032166040224
0.04747655040748322
0.04762793040081119
0.047632661025602686
0.047736734771015664
0.04834698536911902
0.04829967912120404
0.04818141350141656
0.04828075662203804
0.04812937662871007
0.04853147973598748
0.04862136160702596
0.04873489660202194
0.0489051990945159
0.04796380476100761
0.047618469151228186
0.04766577539914318
0.047415052285193736
0.04747181978269172
0.048242911623706045
0.04828075662203804
0.04911334658534185
0.04911807721013335
0.050007434670935144
0.0510670946242309
0.05100086587714992
0.05095829025402643
0.050660260892161996
0.05157800210171279
0.05233490206835262
0.053143838907698936
0.05382977950246628
0.054458952599735634
0.05448733634848463
0.05435487885432266
0.05460087134348061
0.054809018834306555
0.05516854631846047
0.05526788943908195
0.055466575680324905
0.0554902288042824
0.0555044206786569
0.05547603692990791
0.05540980818282692
0.05533411818616294
0.05533411818616294
0.05527735068866495
0.0554996900538654
0.05562741692323587
0.05566999254635936
0.05629443501883722
0.05612886315113476
0.05644581501216518
0.056573541881535655
0.05665396250299114
0.056587733755910155
0.056620848129450646
0.05622820627175623
0.056034250655304776
0.056015328156138786
0.05651204375924617
0.056625578754242144
0.05657827250632715
0.05678168937236161
0.056540427507995164
0.05654515813278666
0.0568195343706936
0.057510205590252446
0.05749128309108645
0.0576852387075379
0.057779851203367885
0.05803057431731733
0.05823399118335178
0.0581488399371048
0.05824818305772628
0.0585982492922972
0.058910470528536124
0.0590240055235321
0.05969102361913345
0.06013097172474285
0.06013097172474285
0.06005528172807886
0.06059930357910124
0.06054726670639476
0.06071756919888872
0.06064660982701623
0.0607601448220122
0.06062768732785023
0.06092098606492317
0.06086421856742518
0.06103452105991914
0.06084529606825918
0.06138458729449006
0.06184345789926546
0.06241113287424533
0.06231178975362385
0.06197118476863593
0.06173465352906098
0.06173465352906098
0.062169871009878884
0.062084719763631904
0.06214621788592139
0.06326737596150664
0.06366474844399254
0.06463925715104132
0.06476225339562029
0.06493255588811425
0.0647338696468713
0.06487105776582477
0.06484267401707577
0.0651785483772722
0.06503189900873574
0.06514543400373171
0.0656090352332986
0.06576041522662657
0.06591179521995454
0.06587395022162254
0.06586448897203954
0.06557119023496662
0.06532046712101718
0.06502716838394423
0.06490890276415677
0.06465344902541582
0.06481902089311828
0.06490417213936527
0.06462979590145833
0.06485213526665878
0.06532992837060017
0.06540088774247266
0.06532519774580867
0.06543400211601315
0.06569891710433709
0.06603006083974201
0.06571310897871158
0.06598748521661851
0.06596856271745252
0.06671127080971785
0.06716541078970176
0.06717014141449325
0.06735463578136171
0.06705660641949727
0.06710391266741227
0.06702349204595678
0.06700930017158228
0.06642270269743641
0.06637066582472993
0.06680115268075633
0.06688630392700332
0.06681061393033934
0.06709445141782927
0.0669052264261693
0.06678696080638184
0.06669707893534335
0.0664936620693089
0.06729313765907222
0.06731206015823822
0.06722690891199123
0.06758170577135365
0.06763374264406015
0.0677993145117626
0.06793177200592458
0.06908604445505032
0.06868867197256441
0.06897250946005434
0.06880220696756038
0.06893466446172235
0.06910969757900781
0.06908131383025881
0.06930365319545927
0.06905293008150983
0.06900089320880333
0.06952599256065972
0.06949287818711922
0.0695874906829492
0.06901035445838634
0.06899143195922033
0.06885897446505837
0.06887789696422436
0.06910023632942482
0.06994228754231162
0.0704626562693765
0.07037277439833803
0.07076541625603243
0.070457925644585
0.07098775562123288
0.07122901748559933
0.07102560061956488
0.07069445688415996
0.07077014688082393
0.07072284063290894
0.07100194749560738
0.07100194749560738
0.07092625749894339
0.07099248624602439
0.07101140874519038
0.07161692871850224
0.07207579932327764
0.07190549683078368
0.07203322370015415
0.07211364432160963
0.07240694305868256
0.07246844118097205
0.07244478805701456
0.07247317180576354
0.07282323804033447
0.07273335616929599
0.07221771806702261
0.0721987955678566
0.07220352619264811
0.07247790243055505
0.07263874367346601
0.072648204923049
0.07364636675405528
0.07347606426156132
0.07343821926322933
0.07337672114093984
0.07333887614260785
0.0731685736501139
0.0731165367774074
0.07332941489302486
0.07354702363343381
