0.0
0.0
0.0
0.0
0.0
0.0
0.0
0.0
0.0
0.0
0.0
5.676749749798711e-05
5.676749749798711e-05
5.676749749798711e-05
5.676749749798711e-05
5.676749749798711e-05
5.676749749798711e-05
5.676749749798711e-05
5.676749749798711e-05
0.0
0.0
0.0
1.4191874374496777e-05
1.4191874374496777e-05
2.365312395749463e-05
2.365312395749463e-05
2.365312395749463e-05
2.365312395749463e-05
2.365312395749463e-05
2.365312395749463e-05
2.365312395749463e-05
2.365312395749463e-05
2.365312395749463e-05
6.149812228948603e-05
6.149812228948603e-05
6.149812228948603e-05
6.149812228948603e-05
6.149812228948603e-05
0.00023180061478344737
0.0003074906114474302
0.0003074906114474302
0.0003926418576944109
0.0003926418576944109
0.0003926418576944109
0.0006291730972693572
0.0006291730972693572
0.0008467818376783078
0.0009650474574657809
0.0009650474574657809
0.0009650474574657809
0.0009839699566317765
0.0011731949482917336
0.0011731949482917336
0.0012299624457897207
0.0012299624457897207
0.00140972618786668
0.0015942205547351382
0.0014996080589051595
0.0014854161845306627
0.0014901468093221617
0.00237950427012396
0.00237950427012396
0.00237950427012396
0.0025781905113669147
0.0024646555163709404
0.002483578015536936
0.0026538805080308977
0.002691725506362889
0.002691725506362889
0.002691725506362889
0.002691725506362889
0.0021240505313830176
0.002318006147834474
0.002488308640328435
0.0026396886336564006
0.0029471792451038308
0.0029471792451038308
0.0029471792451038308
0.003060714240099805
0.0030417917409338094
0.0030512529905168074
0.0030134079921848157
0.003193171734261775
0.0032215554830107686
0.00325940048134276
0.0033445517275897405
0.0033445517275897405
0.003306706729257749
0.0035337767192496978
0.0035526992184156934
0.003647311714245672
0.0038743817042376206
0.004134566067770061
0.004248101062766035
0.004262292937140533
0.004829967912120404
0.004829967912120404
0.004924580407950382
0.005137458523567833
0.005184764771482823
0.006234963475195585
0.0070580921889163975
0.007294623428491344
0.007408158423487318
0.007933257775343698
0.008482010251157574
0.00845835712720008
0.008808423361771
0.009934312062147744
0.009801854567985775
0.00995323456131374
0.011736680107708836
0.013841808139925858
0.015719866182150932
0.015246803703001039
0.015313032450082023
0.016131430539011338
0.016453113024833266
0.016140891788594337
0.016486227398373757
0.016486227398373757
0.01819398294810487
0.018373746690181828
0.018335901691849836
0.01863866167850577
0.0184967429347608
0.01875692729829324
0.01959897851118005
0.011381883248346415
0.011381883248346415
0.011552185740840378
0.01149541824334239
0.01171302698375134
0.011173735757520464
0.010558754534625603
0.010681750779204574
0.010681750779204574
0.010823669522949542
0.01096558826669451
0.011041278263358493
0.010904090144405024
0.010539832035459606
0.011798178229998322
0.011996864471241276
0.011646798236670355
0.01171775760854284
0.012034709469573268
0.011911713224994295
0.011949558223326287
0.012063093218322262
0.012063093218322262
0.012091476967071255
0.012091476967071255
0.013151136920367014
0.01317005941953301
0.013018679426205045
0.013179520669116008
0.013122753171618021
0.013122753171618021
0.013094369422869028
0.012626037568510634
0.013217365667448
0.013553240027644423
0.014381099366156735
0.014641283729689177
0.015544833064865472
0.01594220554735138
0.016859946756902174
0.016940367378357656
0.01709174737168562
0.017205282366681594
0.017191090492307097
0.017427621731882042
0.01779661046561896
0.017938529209363927
0.017867569837491444
0.017938529209363927
0.017853377963116947
0.017815532964784955
0.018080447953108897
0.01814667670018988
0.016131430539011338
0.017025518624604635
0.017408699232716048
0.01752223422771202
0.018704890425586755
0.019144838531196154
0.019367177896396602
0.019329332898064613
0.01967939913263553
0.020587679092603325
0.021349309684034652
0.021675722794648078
0.02162841654673309
0.02175614341610356
0.023071257108140262
0.02487835577849285
0.025214230138689276
0.025966399480537604
0.025994783229286597
0.026240775718444544
0.027584273159230236
0.030403725534963597
0.031132241752854433
0.03323263916027996
0.033067067292577496
0.03316167978840747
0.03573513967498289
0.03559322093123792
0.03582975217081286
0.03687522024973413
0.03720636398513905
0.03706444524139409
0.037017138993479096
0.03726786210742854
0.03865866579612923
0.038682318920086715
0.03904184640424064
0.038999270781117146
0.03905603827861513
0.04011569823191089
0.040144081980659885
0.04120847255874714
0.0409624800695892
0.04127470130582813
0.04131254630416012
0.0414166200495731
0.042627659996196825
0.042495202502034854
0.04400900243531451
0.043923851189067525
0.046506772325225945
0.046677074817719905
0.046724381065634896
0.04677641793834138
0.04768942852310067
0.04790703726350962
0.04904238721346937
0.048711243478064443
0.04917011408283984
0.04915119158367384
0.04942556782158078
0.04981347905448369
0.04955802531574275
0.05052780339800003
0.050929906505277435
0.05123739711672487
0.051261050240682365
0.05116643774485238
0.05258089455751056
0.05261873955584256
0.052878923919374994
0.05290730766812399
0.05277485017396202
0.052793772673128014
0.052860001420208996
0.054151461988288206
0.05470021446410208
0.05452991197160812
0.054624524467438096
0.05476644321118307
0.05479955758472356
0.055381424434077925
0.05470494508889358
0.05488943945576204
0.055144893194502984
0.054638716341812596
0.05477117383597457
0.05501716632513251
0.0550644725730475
0.054875247581387544
0.05599167503218129
0.05473332883764257
0.054539373221191116
0.05414673136349671
0.05414673136349671
0.05384397137684078
0.05305395703666046
0.05313910828290744
0.05294988329124748
0.05031965590717408
0.050508880898834034
0.05011150841634812
0.05024869653530159
0.050631877143413
0.05051361152362553
0.050589301520289516
0.050494689024459534
0.05076906526236647
0.050494689024459534
0.0497709034313602
0.04954383344136825
0.0471406760472868
0.047112292298537806
0.04739612978602774
0.04725421104228277
0.04766104477435168
0.047717812271849666
0.048001649759339605
0.04811045412954408
0.04707444730020581
0.04687103043417136
0.04673857294000939
0.04782661664205414
0.0480111110089226
0.04912280783492485
0.04911334658534185
0.049382992198457286
0.04940664532241478
0.04974725030740271
0.052807964547502514
0.053328333274567395
0.053985890120585744
0.055069203197839
0.05441164635182065
0.05457721821952311
0.05458667946910611
0.05470967571368508
0.054761712586391564
0.05478063508555756
0.05435014822953116
0.05435487885432266
0.05422242136016069
0.05390546949913026
0.054165653862662706
0.054203498860994695
0.05664923187819964
0.05695199186485557
0.05567472317115086
0.05667761562694863
0.056923608116106576
0.05787919432398936
0.05787919432398936
0.057718353081078394
0.057727814330661396
0.05626605127008823
0.05603898128009628
0.05700402873756206
0.05730205809942649
0.05779404307774238
0.05779404307774238
0.05965317862080146
0.05940245550685201
0.059260536763107045
0.059109156769779084
0.059213230515192054
0.05913754051852808
0.058957776776451115
0.05836171805272225
0.058621902416254694
0.05931730426060503
0.05897669927561711
0.05895304615165962
0.05891520115332762
0.058905739903744626
0.05861717179146319
0.058153570561896295
0.05807788056523232
0.05804003556690032
0.05805422744127482
0.05778931245295088
0.057732544955452894
0.057817696201699874
0.058267105556892275
0.0581441093123133
0.05811099493877281
0.05822452993376878
0.05822452993376878
0.058385371176679746
0.05910442614498758
0.05952545175143099
0.05960587237288647
0.059544374250596985
0.05962006424726096
0.05934095738456253
0.059076042396238586
0.05875909053520816
0.05861717179146319
0.06030600484202831
0.06040061733785829
0.060537805456811755
0.06085002669305069
0.06128524417386859
0.06132308917220058
0.06128051354907709
0.06108182730783413
0.06128051354907709
0.0612237460515791
0.06203741351571691
0.06214148726112989
0.06236382662633034
0.06262874161465429
0.06262401098986278
0.0625814353667393
0.06252466786924131
0.06243005537341133
0.062387479750287834
0.062368557251121844
0.06244424724778582
0.06243005537341133
0.06240640224945383
0.0625199372444498
0.06241113287424533
0.062098911638006404
0.06200902976696792
0.06236382662633034
0.062368557251121844
0.062349634751955846
0.06213675663633839
0.0621036422627979
0.062098911638006404
0.061961723519052936
0.06192387852072094
0.06172519227947799
0.06315384096651067
0.0625672434923648
0.0625199372444498
0.0625293984940328
0.06228813662966636
0.06214621788592139
0.06218879350904488
0.06280850535673124
0.0608027204451357
0.060670262950973726
0.06009312672641086
0.06116224792928961
0.06113386418054062
0.06112913355574912
0.0612190154267876
0.061375126044907066
0.061289974798660087
0.06143662416719655
0.06143662416719655
0.06145554666636255
0.061360934170532566
0.061389317919281566
0.061342011671366575
0.061479199790320044
0.06120009292762161
0.06113859480533212
0.060367502964317796
0.06042427046181578
0.06051888295764576
0.06032965796598581
0.060187739222240834
0.06011204922557685
0.06014516359911735
0.06023031484536433
0.06047630733452227
0.06052834420722876
0.060334388590777305
0.06029654359244531
0.06029654359244531
0.060485768584105266
0.06023031484536433
0.06044319296098178
0.06038169483869229
0.05994647735787439
0.06006947360245336
0.06008839610161936
0.06017354734786634
0.06012624109995135
0.060197200471823836
0.06043846233619028
0.0603391192155688
0.06055672795597775
0.06074595294763771
0.06084529606825918
0.060854757317842186
0.06091152481534017
0.060637148577433235
0.060689185450139724
0.05994647735787439
0.05995593860745739
0.0608027204451357
0.06073649169805471
0.06074122232284621
0.06069864669972272
0.06127105229949409
0.061564351036567024
0.06149339166469454
0.061985376643010424
0.061985376643010424
0.061815074150516465
0.061815074150516465
0.06126632167470259
0.061649502282814
0.06175357602822698
0.06098248418721266
0.06081691231951019
0.06083583481867619
0.060755414197220706
0.06052834420722876
0.06047630733452227
0.06045738483535627
0.0603391192155688
0.060287082342862314
0.0603627723395263
0.06039588671306679
0.06025396796932182
