0.0
0.0
0.0
0.0
0.0
0.0
0.0
0.0
0.0
0.0
0.0
0.00015137999332796563
0.00015137999332796563
0.00015137999332796563
0.00015137999332796563
0.0001797637420769592
0.0012015786970407272
0.0012015786970407272
0.0016841024257736176
0.0016841024257736176
0.0020814749082595273
0.0020814749082595273
0.001788176171186594
0.0018449436686845812
0.0018733274174335746
0.0018733274174335746
0.0019111724157655661
0.0019111724157655661
0.0019584786636805554
0.0019584786636805554
0.0019584786636805554
0.0020720136586765297
0.0012205011962067229
0.0012205011962067229
0.0012583461945387144
0.0013766118143261875
0.0013766118143261875
0.0034959317209177065
0.0035905442167476847
0.0037324629604926526
0.0037324629604926526
0.0039406104513186055
0.0039406104513186055
0.004044684196731581
0.004044684196731581
0.004063606695897577
0.004063606695897577
0.004196064190059547
0.004314329809847021
0.00436163605776201
0.004479901677549483
0.004820506662537406
0.004820506662537406
0.004820506662537406
0.004919849783158883
0.005217879145023315
0.005260454768146806
0.005113805399610339
0.005213148520231817
0.006225502225612587
0.010114075804224704
0.010719595777536567
0.010984510765860506
0.011098045760856481
0.019007650412242685
0.019651015383886538
0.019764550378882514
0.016684913639616713
0.01699240425106414
0.017200551741890096
0.018946152289953198
0.01995377537054247
0.022560349630658377
0.021841294662350543
0.023326710846881205
0.024457330172049447
0.026307004465525526
0.032920417924041025
0.032967724171956016
0.034027384125251775
0.03404630662441777
0.04235328375828989
0.04301084060430824
0.04324737184388318
0.04332306184054716
0.04381031619407155
0.0445057180384219
0.04468548178049885
0.0422681325120429
0.04110912943812567
0.0414308119239476
0.0392074182719431
0.039254724519858085
0.03783553708240841
0.03936352889006256
0.04011569823191089
0.04158219191727556
0.040981402568755196
0.043062877477014726
0.044609791783834875
0.04392858181385903
0.04529100175381072
0.045872868603165085
0.046090477343574035
0.046308086083982986
0.05091571463090294
0.045314654877768215
0.046393237330229965
0.0467007279416774
0.05733517247296698
0.05748182184150345
0.05745343809275446
0.05734936434734148
0.0572736743506775
0.05734936434734148
0.05762847121003992
0.057732544955452894
0.057898116823155356
0.057997459943776836
0.058588788042714196
0.0590381973979066
0.05924161426394105
0.05972413799267394
0.059795097364546426
0.05971940736788244
0.059795097364546426
0.06030600484202831
0.06050942170806276
0.07011259003480558
0.07014570440834607
0.06968210317877918
0.0695732988085747
0.07148447122434028
0.07169261871516622
0.07189130495640918
0.07226502431493759
0.07236909806035056
0.07252993930326153
0.07240694305868256
0.06848525510652995
0.06866501884860692
0.06769997139114113
0.06775673888863912
0.06810207449841854
0.06850890823048744
0.06854675322881944
0.06809261324883555
0.06820614824383152
0.0691380813277568
0.07119590311205884
0.07836753029597121
0.07628605538771169
0.07649893350332913
0.07678750161561057
0.0766077378735336
0.07848106529096718
0.0810592558023341
0.08219933637708533
0.08218041387791934
0.08384559380452697
0.0841294312920169
0.08393074505077394
0.0841199700424339
0.08419566003909788
0.08440853815471534
0.08449368940096232
0.08476333501407776
0.0854445449840536
0.08509447874948269
0.08507555625031668
0.06705660641949727
0.06751074639948117
0.0686792107229814
0.06956856818378321
0.06965371943003018
0.06845214073298946
0.0687359782204794
0.07280431554116847
0.0749189048229685
0.0753020854310799
0.07561903729211034
0.0761772510175072
0.0783722609207627
0.07853310216367367
0.07875544152887412
0.07917646713531752
0.08012259209361731
0.08025504958777928
0.08076595706526117
0.08742667677169165
0.08793758424917354
0.08827818923416146
0.08744559927085764
0.08789027800125855
0.08821196048708048
0.08881748046039234
0.08824034423582947
0.08828291985895295
0.08848633672498742
0.08559119435259006
0.08593652996236949
0.08614467745319544
0.08612575495402945
0.08701984303962275
0.08663666243151133
0.08793285362438204
0.09439961771436108
0.09458884270602103
0.09490579456705145
0.09485848831913646
0.09479699019684698
0.09486321894392796
0.09520855455370739
0.09612156513846667
0.0960364138922197
0.0973231438355074
0.09770159381882731
0.09741775633133738
0.09838753441359466
0.09887951939191056
0.09908293625794501
0.10025140058144524
0.10089949617788059
0.10237545111282825
0.10241329611116025
0.10247952485824123
0.10365271980653297
0.10383248354860992
0.10096099430017008
0.1026829417242757
0.10282012984322916
0.1035249929371625
0.10343984169091551
0.10413997416005735
0.10410685978651686
0.10393182666923141
0.10447584852025378
0.1053178997331406
0.10523274848689361
0.10536520598105557
0.10542670410334506
0.10474549413336923
0.10491579662586319
0.10507663786877415
0.10516178911502112
0.10536047535626408
0.10510502161752314
0.10534628348188958
0.10497729474815266
0.10627821656581488
0.10646744155747483
0.1066235521755943
0.10675127904496476
0.10719122715057416
0.1074797952628556
0.10830292397657641
0.11111764572751827
0.11122171947293125
0.11175154944957913
0.11262671503600644
0.11268348253350442
0.10817046648241445
0.1083549608492829
0.10847322646907037
0.10844957334511288
0.10842118959636389
0.1084117283467809
0.10844957334511288
0.10809004586095897
0.11112710697710126
0.11204011756186057
0.11392290622887713
0.11391817560408564
0.11378098748513217
0.1140837474717881
0.11437704620886104
0.11427297246344806
0.11466088369635097
0.11299570376974334
0.11308558564078183
0.1127970175285004
0.11270713565746192
0.11269294378308742
0.11223880380310351
0.11223880380310351
0.11223880380310351
0.11332684750514826
0.11324169625890129
0.11337415375306326
0.11341672937618676
0.1136437993661787
0.11431554808657154
0.11415943746845209
0.11355864811993172
0.11379517935950667
0.11347349687368474
0.11450477307823151
0.11680858735169149
0.11644905986753756
0.11652001923941005
0.11796759042560871
0.1180243579231067
0.11962803972742485
0.12059308718489062
0.12092896154508705
0.12136417902590495
0.12184197212984633
0.1219886214983828
0.12212107899254478
0.12230084273462173
0.12221096086358325
0.12233395710816222
0.1228495952104356
0.12360176455228394
0.12457627325933272
0.12474657575182668
0.1250304132393166
0.12478442075015866
0.12540886322263653
0.12537101822430455
0.1254467082209685
0.12540413259784502
0.1264401394271833
0.1268185894105032
0.12694631627987368
0.12721596189298912
0.1281242418529569
0.1277789062431775
0.12797759248442045
0.12790190248775646
0.12795866998525446
0.12737207251110857
0.12745249313256407
0.1272112312681976
0.12762279562505802
0.1273626112615256
0.12299624457897208
0.12196496837442532
0.12214473211650227
0.12223461398754075
0.12249479835107319
0.12343619268458147
0.12355445830436895
0.1246425020064137
0.1246283101320392
0.12469926950391169
0.12487903324598865
0.12484118824765665
0.12450058326266873
0.12448166076350274
0.12453842826100073
0.12439650951725575
0.12451004451225173
0.12469453887912019
0.12498783761619313
0.1246235795072477
0.1237957201687354
0.12439650951725575
0.1246898082543287
0.1250871807368146
0.1251676013582701
0.12524329135493406
0.12535209572513853
0.1250824501120231
0.1251155644855636
0.12517233198306157
0.1251297563599381
0.12534736510034705
0.12414105577851482
0.12498310699140162
0.1246283101320392
0.12493580074348663
0.12586300320262042
0.1260001913215739
0.12599546069678239
0.12602384444553139
0.1259765381976164
0.12585354195303744
0.12579204383074793
0.12546090009534303
0.12599546069678239
0.1260001913215739
0.12494999261786113
0.12484591887244816
0.12479861262453316
0.12477495950057567
0.1246898082543287
0.12558862696471348
0.12529059760284905
0.12524802197972557
0.12495472324265264
0.12495945386744413
0.12486957199640565
0.1255507819663815
0.1255223982176325
0.1255318594672155
0.12526221385410005
0.12541359384742803
0.125527128842424
0.1254467082209685
0.1246803470047457
0.12365853204978193
0.12343619268458147
0.12316654707146604
0.12284013396085261
0.12282121146168662
0.12285905646001861
0.12282594208647811
0.12259414147169467
0.12249479835107319
0.12229138148503874
0.12218730773962576
0.12233868773295373
0.12263671709481816
0.12150609776964992
0.12174262900922486
0.12140675464902843
0.12253737397419669
0.12256575772294567
0.12281175021210362
0.1224238389792007
0.12252318209982219
0.12313816332271704
0.12285432583522711
0.12251372085023919
0.12312870207313405
0.12321858394417252
0.123317927064794
0.12528586697805755
0.12522436885576807
0.12524329135493406
0.12535682634993003
0.12529532822764056
0.12535209572513853
0.12494999261786113
0.12496418449223563
0.12504460511369112
0.12512502573514658
0.12530478947722357
0.12531898135159805
0.12527640572847457
0.125527128842424
0.13093423297910728
0.1312748379640952
0.1307591998618218
0.13096261672785628
0.13100519235097977
0.1312038785922227
0.13172424731928759
0.13138364233429967
0.13145460170617215
0.1307591998618218
0.13071662423869831
0.13058889736932786
0.1303050598818379
0.13051793799745537
0.13007798989184596
0.1308443511080688
0.13069770173953232
0.1308206979841113
0.13048482362391486
0.1304233255016254
0.1308443511080688
0.13074973861223882
0.1308585429824433
0.13093423297910728
0.13093423297910728
0.1307875836105708
0.13052266862224687
0.13061728111807686
0.13109507422201824
0.1312795685888867
0.13100992297577127
0.1308916573559838
0.1308490817328603
0.13074500798744731
0.1307639304866133
0.13067877924036633
0.13110453547160122
0.13110453547160122
0.1313221442120102
0.13210742792739902
0.13243384103801242
0.13242437978842944
0.13207904417865002
0.13135525858555067
0.13144040983179767
0.13151136920367015
0.13156813670116813
0.13133160546159317
0.13100519235097977
0.13063620361724285
0.1308869267311923
0.1308112367345283
0.13074973861223882
0.1298745730258115
0.13009218176622048
0.13020098613642495
0.13050847674787236
0.13069297111474082
