0.0
0.0
0.0
0.0
0.0
0.0
0.0
0.0
0.0
0.0
0.0
0.0
0.0
0.0
0.0
0.0
0.0
0.0
7.568999666398282e-05
7.568999666398282e-05
7.568999666398282e-05
7.568999666398282e-05
7.568999666398282e-05
7.568999666398282e-05
7.568999666398282e-05
0.00010407374541297637
0.00010407374541297637
0.00010407374541297637
0.00013245749416196994
0.00013245749416196994
0.00013245749416196994
0.00013245749416196994
0.00013245749416196994
0.00013245749416196994
0.00017030249249396133
0.00017030249249396133
0.00017030249249396133
0.0004021031072774087
0.0007852837153888218
0.0008562430872613056
0.0008846268360102992
0.0008846268360102992
0.0008467818376783078
0.0008467818376783078
0.0008183980889293142
0.0008373205880953099
0.0008373205880953099
0.00042575623123490336
0.00042575623123490336
0.00042575623123490336
0.0005298299766478798
0.0006055199733118625
0.0006812099699758453
0.0007474387170568303
0.0006528262212268517
0.0007285162178908346
0.0007285162178908346
0.0008042062145548174
0.0007285162178908346
0.0007474387170568303
0.0008515124624698067
0.0009413943335082863
0.001017084330172269
0.0010643905780872583
0.0011306193251682433
0.0011684643235002348
0.0012394236953727185
0.0012678074441217122
0.0012678074441217122
0.001343497440785695
0.0014191874374496777
0.001343497440785695
0.00127726869370471
0.00127726869370471
0.00127726869370471
0.0010643905780872583
0.0010549293285042605
0.0009082799599677937
0.0009366637087167873
0.0009697780822572798
0.0010076230805892712
0.001215770571415224
0.001859135543059078
0.0018685967926420758
0.0018496742934760802
0.0019300949149315618
0.0019017111661825683
0.004650204170043444
0.004692779793166934
0.004768469789830918
0.004806314788162909
0.004815776037745907
0.004853621036077898
0.0048110454129544076
0.004905657908784386
0.004867812910452395
0.005047576652529354
0.005189495396274322
0.005118536024401838
0.00519895664585732
0.005246262893772309
0.005180034146691324
0.005180034146691324
0.00533141414001929
0.005444949135015264
0.005572676004385735
0.005742978496879696
0.005932203488539654
0.0060457384835356275
0.006244424724778582
0.00638634346852355
0.006457302840396034
0.006428919091647041
0.0066039522089325
0.006689103455179481
0.006764793451843464
0.006840483448507447
0.0065613765858090105
0.007020247190584406
0.0072094721822443635
0.007299354053282843
0.007531154668066291
0.007545346542440787
0.007691995910977254
0.008008947772007682
0.008174519639710144
0.008127213391795155
0.008113021517420658
0.008075176519088666
0.007990025272841686
0.007961641524092693
0.007961641524092693
0.008288054634706119
0.008373205880953099
0.008401589629702092
0.008472549001574577
0.008264401510748623
0.008382667130536097
0.008519855249489566
0.008694888366775027
0.00867596586760903
0.008605006495736546
0.00898818710384796
0.009570053953202328
0.009551131454036332
0.00951328645570434
0.009905928313398751
0.010284378296718666
0.010587138283374596
0.010757440775868557
0.01105547013773299
0.011126429509605474
0.014892006843638618
0.015024464337800589
0.015156921831962558
0.016311194281088296
0.01700186550064714
0.01713432299480911
0.017120131120434614
0.017243127365013586
0.018089909202691892
0.01885627041891472
0.0189508829147447
0.01903130353620018
0.01885627041891472
0.019050226035366175
0.019182683529528146
0.019485443516184076
0.019693591007010028
0.019745627879716517
0.01731408673688607
0.01731408673688607
0.016675452390033714
0.01677952613544669
0.016845754882527677
0.017195821117098595
0.01774930421770397
0.017862839212699946
0.018066256078734397
0.018179791073730373
0.018217636072062365
0.018302787318309345
0.018118292951440886
0.018600816680173778
0.01889884604203821
0.018960344164327694
0.019263104150983628
0.019499635390558573
0.018690698551212255
0.018685967926420757
0.01973143600534202
0.01973143600534202
0.01990646912262748
0.01996796724491697
0.020072040990329942
0.020095694114287438
0.02008150223991294
0.020299110980321892
0.02038426222656887
0.019769281003674012
0.01977874225325701
0.019518557889724567
0.01950436601535007
0.02083840220655277
0.02087624720488476
0.020687022213224805
0.020767442834680284
0.021169545941957694
0.021207390940289686
0.019707782881384524
0.019802395377214503
0.019830779125963496
0.01993958349616797
0.02012880848782793
0.020247074107615403
0.020540372844688338
0.02061133221656082
0.020545103469479836
0.020691752838016303
0.020947206576757246
0.021221582814664183
0.021207390940289686
0.021330387184868658
0.022319087766291934
0.02236639401420692
0.02426810518038949
0.023761928327699106
0.023761928327699106
0.023728813954158615
0.02374773645332461
0.02368623833103512
0.023724083329367113
0.02392276957061007
0.024026843316023044
0.023184792103136235
0.02342605396750268
0.023407131468336687
0.023421323342711183
0.02361054833437114
0.02352066646333266
0.02352066646333266
0.02355851146166465
0.02352066646333266
0.023501743964166665
0.023799773326031098
0.02382815707478009
0.02362000958395414
0.023724083329367113
0.023667315831869127
0.023667315831869127
0.02382342644998859
0.023899116446652574
0.024253913306014993
0.024201876433308504
0.024353256426636473
0.024977698899114328
0.024977698899114328
0.026505690706768482
0.026638148200930453
0.026448923209270496
0.026486768207602488
0.025975860730120603
0.02603735885241009
0.027021328809041865
0.02713486380403784
0.02722474567507632
0.02717743942716133
0.027499121912983256
0.02749439128819176
0.027272051922991307
0.02713013317924634
0.02726259067340831
0.027343011294863794
0.028175601258167603
0.02824183000524859
0.02827494437878908
0.028109372511086618
0.028203985006916597
0.028166140008584604
0.028440516246491545
0.028823696854602957
0.02872908435877298
0.028634471862943
0.028341173125870065
0.02836482624982756
0.02837428749941056
0.028383748748993555
0.028468899995240538
0.028781121231479467
0.02897980747272242
0.02444313829767495
0.02405049643998054
0.024291758304346985
0.024457330172049447
0.02475535953391388
0.02506758077015281
0.02520949951389778
0.025464953252638717
0.02558321887242619
0.027816073774013687
0.027976915016924647
0.028123564385461115
0.028298597502746575
0.028468899995240538
0.028639202487734498
0.028293866877955078
0.02827967500358058
0.0281992543821251
0.028128295010252616
0.028028951889631136
0.02802422126483964
0.02810464188629512
0.02828440562837208
0.028558781866279016
0.028379018124202057
0.02849728374398953
0.028610818738985504
0.028639202487734498
0.0286297412381515
0.028610818738985504
0.028724353733981477
0.028828427479394455
0.02880004373064546
0.028643933112525995
0.02924945308583786
0.029282567459378354
0.029448139327080815
0.029850242434358222
0.03109912737931394
0.030488876781210577
0.030578758652249058
0.030673371148079037
0.03071121614641103
0.030947747385985973
0.031217392999101413
0.03141607924034437
0.03156272860888083
0.03155326735929784
0.032348012324269655
0.03223447732927368
0.032196632330941694
0.03228178357718867
0.03233382044989516
0.032348012324269655
0.03244262482009964
0.03250412294238912
0.032702809183632074
0.032584543563844603
0.03271227043321508
0.032494661692806126
0.03238585732260165
0.03255142919030411
0.032631849811759595
0.03273119293238107
0.0326129273125936
0.032650772310925585
0.032532506691138115
0.0325892741886361
0.03275484605633856
0.03289676480008353
0.03281161355383655
0.03276430730592156
0.032787960429879054
0.03282107480341955
0.03294880167279002
0.032565621064678606
0.03266023356050859
0.03283053605300255
0.032849458552168545
0.03272173168279807
0.032735923557172565
0.03264604168613409
0.03251358419197212
0.032920417924041025
0.033024491669454
0.03312383479007548
0.03319952478673946
0.033171141037990466
0.03321844728590546
0.033577974770059374
0.033691509765055354
0.03382869788400882
0.033677317890680854
0.03366312601630636
0.03356851352047638
0.033554321646101885
0.033492823523812394
0.03352593789735289
0.033573244145267876
0.03361108914359987
0.033639472892348865
0.03340294165277392
0.03334617415527593
0.03306233666778599
0.033625281017974365
0.03388546538150681
0.034377450359822696
0.03418822536816274
0.0343348747366992
0.034561944726691156
0.03443894848211218
0.03450990785398467
0.034415295358154685
0.0343679891102397
0.033776661011302334
0.03363474226755737
0.03370570163942985
0.03383342850880032
0.033488092899020896
0.03340294165277392
0.03331779040652694
0.033185332912364966
0.03321371666111396
0.033270484158611946
0.03327994540819494
0.03331779040652694
0.03331779040652694
0.03316641041319897
0.03314748791403298
0.033052875418202995
0.03334617415527593
0.03354959102131038
0.03375300788734484
0.03354486039651888
0.03375300788734484
0.03366312601630636
0.03378612226088533
0.033795583510468324
0.033677317890680854
0.033492823523812394
0.03299137729591351
0.03295826292237302
0.03292987917362403
0.032873111676126034
0.032868381051334536
0.03337928852881642
0.033275214783403444
0.03342659477673141
0.0335022847733954
0.034013192250877275
0.03395169412858779
0.03349755414860389
0.03340294165277392
0.03335090478006743
0.033204255411530964
0.033270484158611946
0.03316641041319897
0.03315694916361597
0.033275214783403444
0.03335090478006743
0.03394696350379629
0.03384762038317481
0.03339821102798242
0.03318060228757347
0.03291568729924953
0.032702809183632074
0.032664964185300085
0.03279269105467056
0.03266023356050859
0.03250885356718062
0.03245208606968263
0.0326034660630106
0.03405576787400077
0.03397061662775379
0.0339138491302558
0.03378612226088533
0.03400373100129428
0.034013192250877275
0.03395642475337929
0.034278107239201216
0.034448409731695176
0.034732247219185115
0.03472751659439362
0.03465182659772963
0.03449098535481867
0.034429487232529185
0.03423553161607773
0.03403684537483477
0.0339233103798388
0.03396115537817079
0.03380031413525983
0.033771930386510836
0.033639472892348865
0.033658395391514856
0.03371516288901284
0.03393277162942179
0.03381923663442582
0.03374827726255334
0.03381450600963432
0.03379085288567683
0.03401792287566878
0.0339233103798388
0.03395642475337929
0.03386654288234081
0.0339185797550473
0.03379085288567683
0.034027384125251775
0.0339185797550473
0.034112535371498755
0.03384762038317481
