0.0
0.0
0.0
0.0
0.0
0.0
0.001021814954963768
0.0011826561978747316
0.0020767442834680287
0.002866758623648349
0.002895142372397343
0.002923526121146336
0.0027721461278183705
0.0027248398799033812
0.004144027317353059
0.0042954073106810245
0.004408942305676999
0.0048725435352438935
0.0060457384835356275
0.004125104818187063
0.004158219191727556
0.005085421650861345
0.00400683919839959
0.005345606014393787
0.005908550364582159
0.006277539098319075
0.007673073411811258
0.009825507691943269
0.010208688300054683
0.01123050325501845
0.013089638798077528
0.014064147505126308
0.01449463436115271
0.006017354734786634
0.006778985326217961
0.010147190177765197
0.009792393318402776
0.011079123261690485
0.012976103803081554
0.012706458189966116
0.015658368059861445
0.016760603636280694
0.01842105293809682
0.018747466048710245
0.02038426222656887
0.021708837168188572
0.0237855814516566
0.02409780268789553
0.024925662026407842
0.021666261545065083
0.023463898965834673
0.02404576581518904
0.02250358213316039
0.02881423560501996
0.03253723731592961
0.03284472792737704
0.0335022847733954
0.0338996572558813
0.034481524105235674
0.03528099969499899
0.040863136948967725
0.04136458317686661
0.04388127556594404
0.04550861049421967
0.04683791606063087
0.048460520364114995
0.04717379042082729
0.04941137594720628
0.04943029844637228
0.050541995272374525
0.05252885768480407
0.05044738277654455
0.051213743992767374
0.045650529237964636
0.05012570029072262
0.05237747769147611
0.05278904204833652
0.05399535137016874
0.05610994065196876
0.053058687661451956
0.051246858366307865
0.05231124894439512
0.05271808267646403
0.05209837082877767
0.05181453334128774
0.046677074817719905
0.045825562355250093
0.04708863917458031
0.04767996727351768
0.04785026976601164
0.04805368663204609
0.04942083719678928
0.050442652151753045
0.052590355807093564
0.05477117383597457
0.05602005878093028
0.05698510623839606
0.056318088142794716
0.05865028616500369
0.05951125987705649
0.05827183618168377
0.060987214812004156
0.06133728104657508
0.06237328787591334
0.06488051901540777
0.06538196524330665
0.06720325578803374
0.06842848760903196
0.07085529812707092
0.0700510919125161
0.07060457501312146
0.0740390086117497
0.07416673548112017
0.07652731725207812
0.07639485975791616
0.07718487409809648
0.07971102773675691
0.07993336710195735
0.08640959244151938
0.08661300930755383
0.08761590176335161
0.08822615236145497
0.08863298609352388
0.08971156854598564
0.08997175290951807
0.08920066106850374
0.09447530771102505
0.08934731043704022
0.08960276417578115
0.09211472594006709
0.09263036404234047
0.09331157401231631
0.09325480651481832
0.08733679490065317
0.08759697926418561
0.09004271228139056
0.0893851554353722
0.09009474915409704
0.09322642276606934
0.09456045895727203
0.09217622406235658
0.09288581778108142
0.0920343053186116
0.09378936711625771
0.09486321894392796
0.08710026366107823
0.08828291985895295
0.08826399735978696
0.09121590722968229
0.08335833945100257
0.08610683245486345
0.09018936164992702
0.09023193727305051
0.09034547226804648
0.090255590397008
0.09014205540201203
0.06696199392366729
0.06410469654960195
0.06612940396036349
0.06736882765573621
0.06975779317544316
0.07073703250728344
0.066077367087657
0.06678223018159034
0.06884478259068387
0.0673877501549022
0.0691380813277568
0.06993282629272862
0.07076541625603243
0.07341929676406334
0.07425188672736714
0.07633336163562666
0.07680169348998507
0.07814046030597926
0.06814938074633353
0.06954491505982571
0.06970102567794517
0.07162165934329374
0.07279485429158547
0.07372678737551076
0.07480536982797252
0.07550077167232286
0.07473441045610003
0.07516016668733494
0.07855675528763116
0.0784242977934692
0.07918119776010903
0.08022666583903029
0.07980090960779539
0.08028816396131977
0.06094463918888066
0.06025396796932182
0.060722299823680215
0.06074122232284621
0.06157381228615002
0.062084719763631904
0.061999568517384925
0.06052361358243726
0.05694726124006407
0.05776092870420189
0.058338064928764755
0.06168734728114599
0.06181034352572497
0.061611657284482015
0.05818668493543679
0.05822452993376878
0.05736828684650747
0.05863609429062919
0.05911861801936208
0.06073176107326321
0.06087841044179968
0.06156908166135852
0.06407631280085295
0.06374989969023953
0.06613413458515499
0.06756751389697917
0.06800273137779707
0.0691380813277568
0.06918538757567179
0.06929419194587627
0.06923742444837828
0.06929419194587627
0.07025923940334206
0.06910496695421631
0.06941718819045524
0.06981456067294114
0.07055726876520649
0.0709026043749859
0.07152231622267226
0.06761955076968565
0.06836225886195098
0.06935569006816575
0.07398224111425171
0.07383086112092374
0.0739869717390432
0.07370313425155327
0.07390182049279623
0.07413362110757966
0.07413362110757966
0.07382613049613224
0.07347133363676982
0.07419511922986916
0.07456883858839757
0.0749189048229685
0.074895251699011
0.07454045483964858
0.0757278416623148
0.07628605538771169
0.0717635780870387
0.0717872312109962
0.07245897993138906
0.07295569553449643
0.07329630051948435
0.0735564848830168
0.07561903729211034
0.07570418853835731
0.07613467539438372
0.07681115473956807
0.07704768597914301
0.07758697720537389
0.07971102773675691
0.07994282835154035
0.07994755897633185
0.07960222336655243
0.07991444460279136
0.08101194955441911
0.08119644392128757
0.0810687170519171
0.08112075392462359
0.081466089534403
0.08135255453940703
0.0810308720535851
0.08114913767337258
0.08180196389459943
0.08160327765335647
0.08131470954107504
0.08197699701188489
0.08228921824812382
0.08091733705858913
0.08215203012917036
0.08225137324979183
0.08259197823477975
0.08337726195016858
0.08392128380119095
0.08382194068056947
0.07893993589574258
0.08072338144213767
0.08037331520756676
0.08179250264501643
0.08213783825479586
0.08302246509080616
0.08318803695850861
0.08306031008913814
0.0832826494543386
0.08339145382454306
0.08345768257162406
0.08327791882954709
0.08348606632037305
0.08314546133538513
0.08402535754660392
0.08404428004576991
0.08456937939762631
0.0845362650240858
0.08663666243151133
0.08602641183340796
0.0841672762903489
0.08394966754993995
0.08389290005244196
0.0837178669351565
0.08386924692848446
0.08409631691847641
0.0845646487728348
0.0850329806271932
0.08517962999572966
0.08736517864940217
0.08704349616358024
0.08664139305630283
0.08731314177669568
0.08714283928420172
0.08689684679504377
0.08612102432923795
0.083694213811199
0.08554861872946658
0.08478698813803526
0.08424769691180438
0.0849951356288612
0.08548712060717709
0.08573311309633504
0.08581353371779052
0.08565742309967106
0.08566688434925405
0.08595072183674399
0.08573784372112654
0.08520801374447866
0.08526005061718514
0.08664612368109433
0.08744086864606615
0.0858797624648715
0.08558173310300707
0.08615413870277844
0.08515124624698067
0.08581353371779052
0.085903415588829
0.08555807997904957
0.08611629370444646
0.08558173310300707
0.08550131248155159
0.08527424249155964
0.08570472934758604
0.0850093275032357
0.08434704003242585
0.08391182255160795
0.0836894831864075
0.08342456819808355
0.08271024385456723
0.08178777202022493
0.08157016327981598
0.08081326331317615
0.08112548454941508
0.08098356580567012
0.0810971008006661
0.08072338144213767
0.08073757331651217
0.08078961018921865
0.08114913767337258
0.08104033330316811
0.08095991268171263
0.08139513016253053
0.08183980889293142
0.08134309328982403
0.08168842889960345
0.08104033330316811
0.08125321141878555
0.08113967642378958
0.08155597140544149
0.0819202295143869
0.08114440704858107
0.08089841455942313
0.08007055522091082
0.08000905709862134
0.08071392019255468
0.08001851834820434
0.08021247396465579
0.07999486522424684
0.08025978021257078
0.08034966208360926
0.07932784712864549
0.0792426958823985
0.07943665149884997
0.08025031896298779
0.08024085771340478
0.0801557064671578
0.0801651677167408
0.07941299837489248
0.07890209089741058
0.0788453233999126
0.0775302097078759
0.07741194408808842
0.0775254790830844
0.07719433534767947
0.0766976197445721
0.07678750161561057
0.07602114039938775
0.07586502978126827
0.07560011479294433
0.07563795979127633
0.07584137665731078
0.07652258662728663
0.07644689663062264
0.07603533227376223
0.07559065354336134
0.07498986419484098
0.07408158423487318
0.07403427798695819
0.07377882424821725
0.07383559174571523
0.07383559174571523
0.07352337050947631
0.07384978362008973
0.07346187238718682
0.07331995364344185
0.07316384302532239
0.07391601236717071
0.07393966549112821
0.07382613049613224
0.07405320048612418
0.07389235924321322
0.07395385736550271
0.07368421175238728
0.07338145176573134
0.07326791677073537
0.07326318614594386
0.07274754804367048
0.07367475050280427
0.07331049239385885
0.07320168802365438
0.07298407928324543
0.07278539304200247
0.07262455179909151
0.07255832305201053
0.07233598368681007
0.07209945244723513
0.07198118682744765
0.07229813868847809
0.07217041181910762
0.07193861120432417
0.07184399870849419
0.0717872312109962
0.07255832305201053
0.07166423496641723
0.07166423496641723
0.07155069997142126
0.07130470748226331
0.07127159310872282
0.07114859686414385
0.07126686248393133
0.07121955623601633
0.07080799187915593
0.0705005012677085
0.07036804377354652
0.07027343127771654
0.07033492940000603
0.06991863441835412
0.06950233943670223
0.06953545381024272
0.06931311444504226
0.0695732988085747
0.0695638375589917
0.0691380813277568
0.06845214073298946
0.06880220696756038
0.07001797753897561
0.06935095944337426
0.06951180068628522
0.0691711957012973
0.06901981570796933
0.06909550570463331
0.0691144282037993
0.06889681946339035
0.06908604445505032
0.06875490071964539
0.06906712195588433
0.06891574196255636
0.0687075944717304
0.06802165387696306
0.06797907825383957
0.06800273137779707
0.06796015575467357
0.0678418901348861
0.06835752823715949
0.06819195636945702
0.06886370508984986
0.06838591198590847
0.06825345449174651
0.0674114032788597
0.06689103455179482
0.06628078395369146
0.06618617145786147
0.06597329334224403
0.06571310897871158
