0.0
0.0
0.0
0.0
0.0
0.0
0.0
3.784499833199141e-05
3.784499833199141e-05
3.784499833199141e-05
3.784499833199141e-05
3.784499833199141e-05
8.515124624698066e-05
8.515124624698066e-05
0.0002507231139494431
0.00031695186103042805
0.0003879112329029119
0.0003879112329029119
0.00045413997998389687
0.0006291730972693572
0.000960316832674282
0.0010360068293382649
0.0010360068293382649
0.0010738518276702561
0.0020010542868040457
0.0020105155363870438
0.0019017111661825683
0.0020010542868040457
0.0014996080589051595
0.0015800286803606413
0.0014901468093221617
0.0016888330505651166
0.001977401162846551
0.0025781905113669147
0.0028998729971888414
0.003268861730925758
0.003581082967164687
0.003207363608636272
0.0030938286136402977
0.004101451694229569
0.0050948829004443435
0.006102505981033615
0.007034439064958903
0.007034439064958903
0.007252047805367853
0.00797583339846719
0.00797583339846719
0.008254940261165626
0.008070445894297168
0.007110129061622886
0.006892520321213935
0.007072284063290894
0.007483848420151301
0.008165058390127147
0.009234179593005903
0.009272024591337896
0.011807639479581319
0.011798178229998322
0.011575838864797872
0.011911713224994295
0.013080177548494531
0.013179520669116008
0.013690428146597891
0.013288325039320483
0.014125645627415794
0.014546671233859198
0.014811586222183138
0.01590436054901939
0.016240234909215813
0.01678425676023819
0.017243127365013586
0.01709647799647712
0.014433136238863224
0.016505149897539755
0.017238396740222088
0.018241289196019857
0.01727151111376258
0.01739923798313305
0.017550617976461017
0.0176215773483335
0.018118292951440886
0.01915903040557065
0.02308544898251476
0.02038426222656887
0.020895169704050757
0.021065472196544716
0.02264077025211386
0.023378747719587693
0.023927500195401567
0.025516990125345206
0.020374800976985876
0.02061133221656082
0.02162368592194159
0.021831833412767544
0.022129862774631977
0.02474589828433088
0.02493039265119934
0.025436569503889724
0.025824480736792638
0.02595693823095461
0.026018436353244093
0.026723299447177433
0.026940908187586383
0.027503852537774758
0.027820804398805184
0.03035641928704861
0.030597681151415052
0.031373503617220876
0.03139715674117837
0.030872057389321993
0.030900441138070986
0.03229124482677167
0.032532506691138115
0.03319952478673946
0.03387127350713231
0.033980077877336784
0.035266807820624496
0.03603789966163882
0.02308071835772326
0.023066526483348764
0.023676777081452126
0.023719352704575616
0.024059957689563538
0.02417349268455951
0.024339064552261973
0.02533249575847675
0.024637093914126405
0.020985051575089234
0.02215824652338097
0.022276512143168444
0.020232882233240906
0.027125402554454843
0.028256021879623085
0.028932501224807432
0.0299448549301882
0.030285459915176123
0.030403725534963597
0.02924945308583786
0.03011988804747366
0.030148271796222655
0.03145392423867636
0.031860757970745265
0.033577974770059374
0.03428756848878422
0.034060498498792266
0.03254196794072111
0.03511069720250503
0.03534722844207998
0.03606628341038781
0.036364312772252244
0.03649203964162272
0.036969832745564105
0.039302030767773076
0.03982239949483796
0.0405225319639798
0.04069283445647376
0.04191806627747199
0.039888628241918946
0.03805314582281736
0.0383133301863498
0.03929730014298158
0.03942975763714355
0.04302976310347423
0.0431385674736787
0.04325683309346618
0.043890736815527034
0.04469967365487335
0.04530992425297671
0.04578298673212661
0.046019517971701555
0.04656827044751543
0.047987457884965105
0.04810099287996108
0.04819087475099956
0.04848417348807249
0.048645014730983455
0.04899035034076288
0.05103398025069041
0.050906253381319946
0.05278904204833652
0.051398238359635834
0.05155434897775529
0.04919376720679733
0.05016827591384611
0.05294988329124748
0.053281027026652404
0.05317222265644793
0.05343713764477187
0.05435960947911416
0.056303896268420216
0.05619036127342424
0.056436353762582186
0.057448707467962955
0.05864555554021218
0.0585745961683397
0.06016408609828334
0.060003244855372374
0.06023977609494732
0.060268159843696316
0.06064187920222473
0.0608027204451357
0.0612379379259536
0.061209554177204605
0.06149812228948604
0.06233071225278985
0.06422769279418092
0.06568472522996259
0.06601586896536751
0.06714175766574426
0.06734517453177871
0.06972467880190267
0.06950233943670223
0.0709404493733179
0.07150339372350627
0.07162165934329374
0.07154123872183826
0.07211364432160963
0.07235017556118457
0.07372678737551076
0.07423296422820115
0.07480536982797252
0.0753351998046204
0.07322061052282038
0.07360852175572329
0.07376936299863425
0.07463506733547856
0.07503243981796447
0.07548657979794836
0.07711391472622399
0.07810734593243877
0.07393020424154521
0.07388762861842173
0.07408631485966469
0.07479590857838953
0.0757136497879403
0.07960222336655243
0.07949341899634796
0.08009420834486831
0.07979144835821239
0.08075176519088667
0.08075176519088667
0.08055307894964371
0.08070445894297168
0.08091260643379763
0.08114913767337258
0.08162220015252247
0.08227502637374932
0.08071865081734618
0.08088895330984014
0.08174046577230994
0.08180669451939093
0.08250682698853277
0.08262509260832024
0.08276701135206521
0.08266293760665223
0.08266293760665223
0.0828474319735207
0.08293258321976767
0.0832542657055896
0.08302719571559765
0.08419092941430639
0.08443692190346433
0.08485321688511624
0.0850187887528187
0.08610210183007196
0.08530735686510013
0.0854208918600961
0.08560538622696456
0.08582299496737351
0.0863197105704809
0.08631024932089791
0.08617779182673593
0.08635755556881289
0.08620144495069343
0.08660827868276234
0.08679277304963079
0.08802273549542051
0.08918646919412926
0.09021774539867602
0.09029343539534
0.09090368599344337
0.09202484406902861
0.09239383280276553
0.09239383280276553
0.09278174403566844
0.09259251904400848
0.092540482171302
0.09310342652149037
0.09298516090170289
0.09171262283278968
0.09302300590003489
0.09303246714961788
0.09299462215128589
0.09369475462042773
0.09374679149313422
0.0938366733641727
0.0942435070962416
0.09433338896728008
0.09488214144309395
0.0951517870562094
0.09571946203118926
0.09618306326075617
0.09668924011344655
0.09717649446697094
0.09767794069486982
0.09761171194778884
0.09764955694612083
0.09784351256257229
0.09815573379881122
0.09707242072155796
0.0959843770195132
0.09608372014013469
0.09676966073490204
0.09674127698615304
0.09762590382216334
0.09755494445029085
0.09758805882383134
0.09846322441025865
0.09909712813231951
0.09874706189774858
0.09886059689274455
0.09907347500836201
0.10011421246249178
0.0995370762379289
0.09947084749084792
0.1009042268026721
0.10074338555976113
0.10077176930851012
0.10190238863367837
0.10197807863034235
0.10224299361866629
0.1021862261211683
0.10255994547969671
0.10328846169758756
0.10377571605111194
0.10368110355528196
0.103539184811537
0.10407374541297637
0.10385140604777593
0.10431500727734282
0.10513340536627214
0.10503406224565065
0.10518071161418713
0.10492525787544618
0.10479753100607571
0.10472657163420322
0.10492052725065468
0.10496310287377818
0.10642486593435134
0.10628294719060637
0.10640594343518535
0.10766902025451555
0.10873341083260281
0.10973630328840059
0.11073919574419835
0.11083853886481984
0.11086219198877734
0.1110466863556458
0.11106560885481179
0.11097572698377331
0.11034655388650395
0.11025194139067397
0.11102776385647979
0.11095207385981581
0.11054050950295541
0.11204011756186057
0.112300301925393
0.11249425754184446
0.11265036815996393
0.11240437567080598
0.11256048628892544
0.11245641254351246
0.11272605815662791
0.11254156378975945
0.11393709810325163
0.11393709810325163
0.11397967372637513
0.11382829373304716
0.11434393183532054
0.11432500933615454
0.11371002811325968
0.11380937123388116
0.11392763685366863
0.11392290622887713
0.11484537806321943
0.11508190930279437
0.11557862490590176
0.11643486799316306
0.11666666860794651
0.11655313361295054
0.11648690486586956
0.11649163549066105
0.11664774610878052
0.11580569489589371
0.11595707488922168
0.11581988677026821
0.11574892739839572
0.11580569489589371
0.11579150302151921
0.11594288301484718
0.11561646990423376
0.11559754740506775
0.11603749551067716
0.11604222613546865
0.11669032173190401
0.11681804860127448
0.11689846922272996
0.11681331797648298
0.11679439547731699
0.11682750985085748
0.11702619609210044
0.11750398919604182
0.11748506669687583
0.1176269854406208
0.11768375293811878
0.11822304416434966
0.11838388540726062
0.11859203289808658
0.11883802538724451
0.11953342723159487
0.11792028417769373
0.11772159793645078
0.11720595983417739
0.11723434358292638
0.11727218858125837
0.11727218858125837
0.11616049175525613
0.11597599738838767
0.11590030739172369
0.11623145112712861
0.1163260636229586
0.11616049175525613
0.11609426300817514
0.11619833675358812
0.11622198987754562
0.11592396051568118
0.11664774610878052
0.11659097861128254
0.11645379049232907
0.1162834879998351
0.1163118717485841
0.1162787573750436
0.11608953238338364
0.11602803426109416
0.11651528861461855
0.11641594549399707
0.11646798236670355
0.11639229237003958
0.11648690486586956
0.11650582736503555
0.11697888984418545
0.11692212234668746
0.11663828485919751
0.11664301548398902
0.11675655047898499
0.116718705480653
0.1167518198541935
0.1176175241910378
0.11745195232333533
0.11730530295479887
0.11739045420104585
0.11710661671355592
0.1166855911071125
0.116747089229402
0.11667139923273802
0.11646325174191206
0.11702619609210044
0.11697888984418545
0.11692212234668746
0.11688427734835546
0.11704511859126643
0.11781147980748925
0.11766483043895279
0.11784932480582125
0.11795339855123423
0.11796285980081722
0.11818046854122617
0.11776417355957426
0.1176222548158293
0.11756075669353981
0.11756075669353981
0.1176459079397868
0.1176317160654123
0.11783513293144675
0.11790609230331923
0.11800070479914922
0.11812843166851968
0.1180432804222727
0.11811897041893668
0.1180385497974812
0.11789663105373624
0.11789190042894473
0.11779255730832326
0.11756548731833132
0.11748979732166732
0.11770267543728478
0.11753237294479081
0.11747560544729282
0.11838861603205213
0.11833657915934563
