0.0
0.0
0.0
0.0
0.0
0.0
0.0
0.0
0.0
0.00013245749416196994
0.0006244424724778583
0.0009035493351762948
0.0009413943335082863
0.003325629228423745
0.003467547972168713
0.003519584844875201
0.003519584844875201
0.0048015841633714095
0.006145081604157105
0.006353229094983058
0.006892520321213935
0.007762955282849738
0.016476766148790758
0.017877031087074443
0.017768226716869968
0.013548509402852925
0.014646014354480675
0.016973481751898147
0.017560079226044013
0.018577163556216282
0.018700159800795254
0.020029465367206453
0.020516719720730842
0.020762712209888786
0.023023950860225274
0.025564296373260197
0.025630525120341183
0.02629281259115103
0.026013705728452595
0.026907793814045892
0.030550374903500065
0.030990323009109463
0.031307274870139894
0.031610034856795824
0.03228651420198017
0.033033952919037
0.03267442543488308
0.03117954800076942
0.031595842982421324
0.03197429296574124
0.03167153297908531
0.031993215464907236
0.03071121614641103
0.031165356126394924
0.0312788911213909
0.03268388668446608
0.03295826292237302
0.0343585278606567
0.03360635851880837
0.03201686858886473
0.03204998296240522
0.03431595223753321
0.03501608470667505
0.03563579655436141
0.03842213455655428
0.03808626019635785
0.03871543329362721
0.037300976480969035
0.040110967607119394
0.040309653848362346
0.04275538686556729
0.0431716818472192
0.04530992425297671
0.04690887543250335
0.041586922542067056
0.047381937911653245
0.04880112534910292
0.04987970780156468
0.04991755279989667
0.05076906526236647
0.05845633054855223
0.05951599050184799
0.05968156236955045
0.060637148577433235
0.06161638790927351
0.0581393786875218
0.05909969552019608
0.059345688009354025
0.059648447996009955
0.06180561290093347
0.062179332259461886
0.06275646848402475
0.0625057453700753
0.06273281536006725
0.06259562724111378
0.06276119910881625
0.060287082342862314
0.06190968664634645
0.061460277291154046
0.06194280101988694
0.06293623222610172
0.06511705025498271
0.06627605332889995
0.06626659207931695
0.06648893144451741
0.0674161339036512
0.06909550570463331
0.06926107757233578
0.06949287818711922
0.07019774128105256
0.070448464395002
0.072686049921381
0.07253466992805303
0.07125740123434832
0.07065661188582796
0.07063295876187047
0.07161219809371074
0.07433230734882262
0.0647196777724968
0.0664983926941004
0.06660719706430487
0.06678223018159034
0.06679169143117333
0.06676330768242435
0.06703295329553978
0.0678324288853031
0.06874070884527089
0.06983821379689864
0.07011732065959708
0.07018354940667806
0.07064242001145346
0.07120536436164183
0.07145608747559128
0.07025450877855055
0.07131889935663781
0.0739727798646687
0.07416673548112017
0.07380247737217474
0.07516962793691793
0.07564269041606783
0.0766313909974911
0.07435596047278012
0.07470602670735103
0.07782350844494883
0.07788500656723832
0.0779748884382768
0.07922377338323251
0.08126267266836855
0.0793089246294795
0.07992863647716586
0.07582718478293629
0.07690103661060654
0.07718014347330497
0.07846687341659268
0.0783911834199287
0.07950288024593095
0.0806051158223502
0.08003744084737033
0.08021247396465579
0.0757656866606468
0.07592652790355776
0.06256251286757329
0.06269497036173527
0.06341875595483461
0.0652400464995617
0.06506501338227623
0.06630443707764895
0.06630443707764895
0.06617671020827848
0.06613413458515499
0.06661192768909638
0.06732152140782122
0.06731679078302971
0.06765739576801764
0.06811153574800154
0.06833860573799348
0.06846160198257245
0.06865555759902392
0.07045319501979351
0.07036331314875502
0.07191022745557517
0.07204741557452864
0.07210891369681813
0.07259616805034252
0.0731543817757394
0.07432284609923963
0.07496621107088348
0.07510339918983695
0.07526897105753941
0.07552442479628035
0.07630024726208617
0.07591706665397477
0.07492363544775998
0.07581299290856179
0.07509393794025396
0.07521220356004142
0.07605898539771973
0.07651312537770363
0.07646581912978864
0.07822561155222624
0.07846687341659268
0.07861825340992065
0.07869394340658463
0.0797536033598804
0.07955964774342894
0.07946503524759896
0.0797441421102974
0.07908185463948755
0.08024558833819628
0.08035439270840075
0.08098829643046161
0.08322588195684061
0.0832968413287131
0.08218041387791934
0.0823743694943708
0.08313600008580213
0.08046319707860523
0.0744363810942356
0.07682061598915106
0.07637593725875017
0.07656516225041012
0.07856148591242267
0.08025031896298779
0.08511340124864868
0.08873232921414535
0.08945138418245319
0.08860460234477488
0.08907766482392478
0.08994336916076907
0.09309869589669886
0.09263036404234047
0.09320276964211184
0.09330684338752482
0.09167477783445768
0.09299935277607739
0.09346295400564428
0.09361433399897225
0.09376098336750871
0.0938366733641727
0.09415835584999463
0.09390290211125368
0.09439488708956957
0.0942908133441566
0.09478279832247248
0.09386978773771319
0.09414416397562013
0.09409685772770514
0.09491525581663446
0.09550185329078031
0.0956011964114018
0.0955633514130698
0.09583772765097674
0.0955491595386953
0.09569580890723177
0.09509501955871141
0.09717649446697094
0.09720014759092843
0.09883221314399557
0.10101776179766807
0.10157597552306494
0.10183142926180588
0.10121644803891103
0.10116914179099604
0.09967426435688237
0.09896940126294904
0.09886532751753606
0.09892682563982554
0.10147663240244346
0.10168004926847792
0.10145770990327746
0.10154286114952445
0.10192131113284436
0.10155705302389895
0.1017226248916014
0.10152393865035846
0.10168004926847792
0.1017652005147249
0.10167058801889492
0.10149555490160946
0.10163747364535443
0.10162801239577143
0.1021862261211683
0.1026545579755267
0.10260252110282021
0.10277282359531417
0.1035533766859115
0.10357702980986898
0.10212472799887881
0.10183615988659737
0.10192604175763587
0.10224299361866629
0.1026545579755267
0.10235652861366226
0.10162801239577143
0.10208688300054683
0.10190711925846986
0.10237545111282825
0.10187400488492937
0.1021862261211683
0.10202538487825734
0.10348241731403901
0.10326953919842155
0.10302354670926361
0.10277755422010566
0.10276809297052267
0.10335942106946003
0.10331211482154505
0.10331211482154505
0.10329319232237905
0.10328846169758756
0.103510801062788
0.1034776866892475
0.10346822543966451
0.10290055046468465
0.10294785671259962
0.10189292738409536
0.10201592362867434
0.10202538487825734
0.10239910423678575
0.10253156173094773
0.10361487480820097
0.10380409979986094
0.10390817354527392
0.10406901478818488
0.10358176043466048
0.10361014418340948
0.10368583418007346
0.10471711038462023
0.10490633537628018
0.10468872663587123
0.10447584852025378
0.10452315476816877
0.10429608477817683
0.10421566415672134
0.1043575829004663
0.10447111789546228
0.1043812360244238
0.10466034288712224
0.10452788539296026
0.10521382598772762
0.10515705849022963
0.11139675259021671
0.11048847263024891
0.1096748051661111
0.10931527768195719
0.10932473893154018
0.10948084954965964
0.10931054705716568
0.10938623705382966
0.10902670956967575
0.10888479082593078
0.1083691527236574
0.10667558904830078
0.10635390656247885
0.1052753241100171
0.10522328723731061
0.10494891099940368
0.10503406224565065
0.10459884476483275
0.10474076350857772
0.10499621724731867
0.10461303663920725
0.10462722851358175
0.10490160475148869
0.10543143472813657
0.10365271980653297
0.10456099976650077
0.10449950164421128
0.10441435039796429
0.1039602104179804
0.1039270960444399
0.10490160475148869
0.10436704415004931
0.10445219539629629
0.10474076350857772
0.10508609911835715
0.10508609911835715
0.10494891099940368
0.10445219539629629
0.10455626914170926
0.10474549413336923
0.10473603288378622
0.10466980413670524
0.10828400147741042
0.10846849584427888
0.10861041458802384
0.10890371332509678
0.10985929953297956
0.10982145453464756
0.1101242145213035
0.1101242145213035
0.1101147532717205
0.10996337327839253
0.10929162455799969
0.10940042892820416
0.10961803766861311
0.10634444531289586
0.10651947843018132
0.10637755968643635
0.10569634971646051
0.10543143472813657
0.1053178997331406
0.10519017286377012
0.10542197347855356
0.10523747911168511
0.1048259147548247
0.10386086729735892
0.10388925104610791
0.1035533766859115
0.10279174609448016
0.10273024797219067
0.10211999737408732
0.10169424114285242
0.10062511993997365
0.10023247808227924
0.09962222748417589
0.09934785124626895
0.0986287962779611
0.09855783690608863
0.09902616876044702
0.09894101751420004
0.09889844189107655
0.09886059689274455
0.0986429881523356
0.09872340877379109
0.0990876668827365
0.09929108374877096
0.0995654599866779
0.09899305438690653
0.09907347500836201
0.09903089938523851
0.09884640501837005
0.09849160815900763
0.09710080447030696
0.09720014759092843
0.0973515275842564
0.09706295947197496
0.09730895196113291
0.09715757196780495
0.09662774199115706
0.09617833263596466
0.09554442891390381
0.0955775432874443
0.09546400829244833
0.09548293079161432
0.09542143266932483
0.09546400829244833
0.09553023703952931
0.09536939579661835
0.09439488708956957
0.09469764707622551
0.09474495332414049
0.09483956581997047
0.09506190518517092
0.09542616329411634
0.09540251017015884
0.09536939579661835
0.09540251017015884
0.09527951392557987
0.09529843642474586
0.09508082768433691
0.09524639955203938
0.09535993454703535
0.09529370579995436
0.09504771331079642
0.09486794956871947
0.09437123396561208
0.09354810525189126
0.09350079900397627
0.09333995776106531
0.09339199463377179
0.09319330839252885
0.0929615077777454
0.09300408340086888
0.09387924898729619
0.0938177508650067
0.09360014212459775
0.09333995776106531
0.0929473159033709
0.09310342652149037
0.09298043027691139
0.09283851153316643
0.09263509466713198
0.09261617216796597
0.09257359654484248
0.09221879968548007
0.09148082221800623
0.09196334594673912
0.09114494785780981
0.09109291098510332
0.09110237223468631
0.09109764160989482
0.09073338350094941
0.0903549335176295
0.09016097790117802
0.08990079353764559
0.08991971603681159
0.09081380412240489
0.09048266038699995
0.09063877100511943
