0.0
0.0
0.0
0.0
0.0
0.0
0.0
0.0
0.0
0.0
0.0
0.0
0.0
0.00011353499499597422
0.00011353499499597422
0.00011353499499597422
0.00011353499499597422
0.00011353499499597422
0.00011353499499597422
0.00011353499499597422
0.00011353499499597422
0.0001986862412429549
0.0001986862412429549
0.0017030249249396134
0.0004967156031073873
0.0005250993518563807
0.0006433649716438539
0.0009082799599677937
0.0009934312062147746
0.0009934312062147746
0.0011069662012107486
0.00127726869370471
0.001348228065577194
0.001348228065577194
0.0015563755564031467
0.0018118292951440887
0.0016604493018161231
0.0017314086736886069
0.0017503311728546025
0.001721947424105609
0.0017503311728546025
0.002176087404089506
0.0022044711528384996
0.00312694298718079
0.0043663666825535085
0.004248101062766035
0.004162949816519055
0.004432595429634494
0.004432595429634494
0.004678587918792438
0.004867812910452395
0.005000270404614365
0.004867812910452395
0.004867812910452395
0.004971886655865372
0.00519895664585732
0.006282269723110574
0.008581353371779052
0.008950342105515968
0.009002378978222456
0.009352445212793378
0.015833401177146905
0.015090693084881575
0.01510961558404757
0.01639634552733528
0.016595031768578232
0.016628146142118726
0.017649961097082494
0.01771618984416348
0.018070986703525898
0.01871435167516975
0.01907860978411517
0.019059687284949174
0.01941921476910309
0.019750358504508018
0.019575325387222557
0.020072040990329942
0.018960344164327694
0.01858662480579928
0.018960344164327694
0.019882815998669985
0.020336955978653884
0.020379531601777374
0.018979266663493692
0.019944314120959473
0.020379531601777374
0.006315384096651066
0.006315384096651066
0.006428919091647041
0.007228394681410359
0.007379774674738325
0.007455464671402307
0.007568999666398282
0.007540615917649288
0.009499094581329843
0.009442327083831857
0.009021301477388452
0.009040223976554448
0.009040223976554448
0.009087530224469438
0.009286216465712392
0.009503825206121343
0.010374260167757145
0.010355337668591149
0.010355337668591149
0.010937204517945517
0.010913551393988022
0.011083853886481984
0.011377152623554918
0.01171302698375134
0.012744303188298107
0.011514340742508386
0.011741410732500334
0.011703565734168343
0.011859676352287808
0.012261779459565216
0.01229016320831421
0.01246519632559967
0.012578731320595645
0.011433920121052904
0.012455735076016673
0.013297786288903482
0.013297786288903482
0.013411321283899455
0.01374246501930438
0.013780310017636372
0.014584516232191189
0.015100154334464572
0.015185305580711553
0.015346146823622515
0.015450220569035493
0.01562998431111245
0.01571513555735943
0.016978212376689644
0.018080447953108897
0.018165599199355877
0.01842105293809682
0.018033141705193906
0.018070986703525898
0.018137215450606883
0.018312248567892344
0.01822709732164536
0.01818452169852187
0.018752196673501743
0.018979266663493692
0.019215797903068637
0.019433406643477587
0.019575325387222557
0.0202518047324069
0.02034641722823688
0.020540372844688338
0.020455221598441355
0.020549834094271333
0.02074852033551429
0.022120401525048978
0.023161138979178743
0.029098073092509894
0.02946706182624681
0.029448139327080815
0.02933460433208484
0.029126456841258887
0.028932501224807432
0.029187954963548375
0.028833158104185953
0.028908848100849937
0.02893723184959893
0.029258914335420858
0.03174722297574929
0.031028168007441456
0.031728300476583295
0.031789798598872786
0.03198375421532424
0.033724624138595845
0.033809775384842825
0.03574933154935738
0.03622239402850728
0.03630754527475426
0.036430541519333226
0.036430541519333226
0.036596113387035695
0.036917795872857616
0.03741451147596501
0.03856878392509074
0.03867285767050372
0.03646838651766522
0.037622658966790956
0.038176142067396335
0.038464710179677765
0.03841740393176278
0.03881004578945719
0.039254724519858085
0.03933041451652207
0.03939191263881156
0.03950544763380753
0.04032384572273685
0.040513070714396804
0.04021504135253237
0.040290731349196356
0.04109020693895967
0.04126997068103663
0.04164842066435655
0.04173357191060353
0.04216878939142143
0.042258671262459906
0.0422634018872514
0.0422775937616259
0.04235328375828989
0.04234855313349838
0.04281215436306528
0.04369205057428408
0.04379139369490556
0.04421714992614046
0.044042116808855
0.044879437396950314
0.04519638925798074
0.04546603487109618
0.04552280236859416
0.04534303862651721
0.045451842996721684
0.04524369550589573
0.045262618005061726
0.04558903111567515
0.04578298673212661
0.04652096419960044
0.04651150295001744
0.046847377310213864
0.04707444730020581
0.04707444730020581
0.04717379042082729
0.04726840291665727
0.048422675365783006
0.04797799663538211
0.048219258499748556
0.04833279349474453
0.048744357851604934
0.04974251968261121
0.050201390287386606
0.050712297764868484
0.05072175901445149
0.05081637151028146
0.05093936775486044
0.05177668834295575
0.051696267721500266
0.05171045959587476
0.05179088021733024
0.05214094645190116
0.052973536415204976
0.05279850329791951
0.05275119705000452
0.052912038292915485
0.0532999495258184
0.0532999495258184
0.05378247325455129
0.053867624500798274
0.05411361698995622
0.05435960947911416
0.054387993227863154
0.054321764480782166
0.05426026635849268
0.053768281380176794
0.05403792699329223
0.05402846574370923
0.05400008199496024
0.054151461988288206
0.05427918885765868
0.05448260572369313
0.05444476072536114
0.054657638840978594
0.054643446966604094
0.054946206953260024
0.05487051695659604
0.05429811135682467
0.05427445823286718
0.0537257057570533
0.05489890070534504
0.05511650944575399
0.055144893194502984
0.05555645755136339
0.055698376295108355
0.05576460504218934
0.055797719415729835
0.05586394816281082
0.05587340941239381
0.05612413252634326
0.0559632912834323
0.056232936896547736
0.056389047514667195
0.05663504000382514
0.056705999375697626
0.05689995499214908
0.056942530615272574
0.05706552685985154
0.05863609429062919
0.05908550364582159
0.06020666172140683
0.06047157670973077
0.0603580417147348
0.060272890468487814
0.06025869859411332
0.06074122232284621
0.0607790673211782
0.06084529606825918
0.061072366058251136
0.06099667606158715
0.060991945436795654
0.061025059810336145
0.06119063167803861
0.06160692665969052
0.061644771658022506
0.061649502282814
0.0625341291188243
0.06276119910881625
0.06280850535673124
0.0629693465996422
0.06295988535005921
0.06288419535339522
0.06303557534672319
0.06311126534338717
0.06319641658963415
0.06379247531336302
0.06390601030835899
0.06383978156127801
0.06379247531336302
0.06391547155794199
0.06488524964019927
0.06487578839061627
0.06574149272746058
0.06580299084975007
0.06588814209599704
0.06593544834391203
0.06615305708432098
0.06663085018826237
0.06668288706096887
0.06685318955346282
0.0673735582805277
0.0673735582805277
0.06748709327552369
0.06778985326217961
0.06243951662299432
0.06243951662299432
0.0625719741171563
0.0625483209931988
0.06269970098652676
0.0629788078492252
0.06301192222276569
0.06292677097651872
0.06292677097651872
0.06288892597818672
0.06287473410381222
0.06278012160798224
0.06280850535673124
0.06348971532670708
0.06456356715437735
0.06583137459849905
0.06578406835058406
0.06583137459849905
0.06573203147787758
0.06572730085308608
0.06621928583140196
0.06553334523663462
0.06573203147787758
0.06574622335225207
0.06620036333223597
0.06633282082639794
0.0665220458180579
0.06656935206597289
0.06680588330554783
0.06673492393367535
0.0669525326740843
0.06682007517992233
0.06655042956680689
0.0669667245484588
0.06706606766908027
0.06718906391365925
0.0673972114044852
0.06735936640615321
0.06762901201926864
0.06775673888863912
0.06763847326885164
0.06762428139447715
0.06794123325550758
0.06820141761904001
0.06805949887529505
0.06845687135778096
0.06795542512988208
0.0678750045084266
0.06813991949675054
0.06820614824383152
0.06836698948674248
0.06819195636945702
0.06808315199925255
0.06807842137446105
0.06860352072631742
0.06866028822381541
0.06856567572798543
0.06852783072965345
0.0686697494733984
0.06881166821714338
0.06895831758567984
0.06903873820713533
0.06893939508651385
0.06895358696088835
0.06901035445838634
0.0691617344517143
0.06933203694420825
0.06922796319879529
0.06930838382025077
0.06940299631608074
0.06937461256733175
0.0691901182004633
0.06953072318545121
0.06965845005482169
0.06958276005815771
0.0699990550398096
0.06990917316877113
0.07069918750895145
0.07072284063290894
0.07066607313541096
0.07070391813374295
0.0708694900014454
0.0709073349997774
0.07100194749560738
0.07116278873851835
0.07256778430159352
0.07257724555117652
0.07335306801698235
0.07329630051948435
0.07334833739219085
0.07393020424154521
0.0739917023638347
0.07465398983464455
0.07511759106421145
0.07542035105086738
0.0753068160558714
0.07553861667065485
0.07548184917315687
0.0753541223037864
0.07545346542440787
0.07553861667065485
0.07547238792357387
0.07545346542440787
0.07544400417482487
0.07539669792690988
0.0753399304294119
0.07566161291523382
0.07588395228043428
0.0757136497879403
0.07567580478960832
0.07573257228710631
0.07578460915981279
0.07589341353001727
0.0757278416623148
0.0753446610542034
0.07628132476292018
0.07638066788354166
0.07656043162561862
0.07649420287853763
0.07666450537103159
0.07727475596913495
0.07727948659392646
0.07718487409809648
0.07713756785018148
0.07719906597247098
0.07720379659726247
0.07694834285852153
0.07697672660727052
0.07699564910643653
0.07703822472956001
0.077066608478309
0.07697199598247903
0.077085530977475
0.077057147228726
0.07707606972789201
0.0770713391031005
0.07706187785351751
0.0771186453510155
0.0771186453510155
0.07718487409809648
0.07714702909976448
0.07721325784684548
0.07727948659392646
0.07729367846830096
0.07775727969786785
0.07836753029597121
0.07852837153888217
0.07834860779680522
0.07825872592576673
0.07692942035935553
0.07696726535768753
0.07723691097080297
0.07768158970120387
0.07775727969786785
0.07773835719870185
0.07830603217368172
0.07832495467284772
0.07834387717201372
0.07887843777345309
0.07932311650385399
0.07940826775010097
0.07936096150218598
