0.0
0.0
0.000255453738740942
0.0002932987370729334
0.00040683373206890766
0.00046360122956689475
0.0014948774341136605
0.001598951179526637
0.0015611061811946455
0.0016746411761906198
0.0018354824191015833
0.0020247074107615404
0.002242316151170491
0.002611304884907407
0.002620766134490405
0.0029519098698953298
0.0030938286136402977
0.0029187954963548375
0.0038034223323651366
0.004125104818187063
0.0048820047848268915
0.00330197610446625
0.003330359853215244
0.004513016051089975
0.0045887060477539585
0.0051043441500273415
0.005567945379594236
0.007289892803699845
0.007990025272841686
0.007852837153888218
0.007942719024926697
0.008027870271173677
0.008037331520756676
0.010837861397324039
0.010993972015443504
0.012815262560170591
0.014726434975936157
0.017063363622936627
0.018004757956444913
0.020890439079259256
0.02092355345279975
0.019542211013682063
0.0211411621932087
0.02132092593528566
0.023795042701239597
0.026675993199262445
0.02700713693466737
0.029098073092509894
0.029982699928520193
0.0312788911213909
0.03135931174284638
0.03141134861555287
0.03162895735596182
0.032532506691138115
0.0330386835438285
0.03320898603632246
0.03198848484011574
0.0321682485821927
0.028085719387129122
0.029760360563319745
0.03151542236096584
0.033100181666117987
0.03245681669447413
0.03253723731592961
0.032248669203648175
0.032177709831775696
0.03070175489682803
0.02797218439213315
0.028516206243155526
0.025516990125345206
0.02589544010866512
0.027167978177578333
0.027782959400473192
0.029679939941864263
0.030782175518283512
0.031084935504939442
0.03043683990850409
0.030687563022453533
0.030498338030793576
0.030999784258692462
0.02941502495354032
0.029646825568323768
0.03088624926369649
0.030384803035797603
0.031089666129730943
0.0321540567078182
0.031113319253688435
0.031023437382649958
0.031373503617220876
0.03267442543488308
0.03292987917362403
0.032849458552168545
0.03374354663776184
0.034027384125251775
0.03694617962160661
0.03775038583616143
0.035224232197501
0.036132512157468794
0.04267496624411181
0.04484159239861832
0.046710189191260396
0.04157746129248406
0.040191388228574876
0.04146392629748809
0.042126213768297935
0.043048685602640226
0.044108345555935985
0.04479428615070333
0.0449220130200738
0.04399481056094001
0.044160382428642474
0.045835023604833096
0.046828454811047866
0.049501257818244764
0.046610846070638916
0.04542818987276419
0.0497614421817772
0.051114400872145895
0.05244370643855709
0.054941476328468526
0.05527262006387345
0.05607682627842827
0.05632754939237771
0.056937799990481076
0.05704660436068555
0.057145947481307025
0.05817249306106229
0.05923215301435805
0.056119401901551756
0.056403239389041696
0.056923608116106576
0.057145947481307025
0.05824818305772628
0.05805422744127482
0.05509758694658799
0.055078664447421995
0.05515435444408598
0.05184291709003673
0.04809626225516958
0.0493593390744998
0.04922215095554632
0.05041426840300405
0.05093463713006894
0.05162530834962778
0.050773795887157976
0.05166315334795977
0.051464467106716816
0.05367366888434681
0.05327156577706941
0.05295461391603898
0.054723867588059576
0.05477117383597457
0.05399062074537724
0.05431230323119917
0.05410888636516471
0.07560011479294433
0.07630024726208617
0.07790865969119581
0.07856621653721417
0.07865609840825265
0.07949341899634796
0.08018409021590679
0.07990025272841686
0.08023139646382178
0.08026924146215378
0.0802030127150728
0.08026451083736227
0.08841064672832342
0.0885289123481109
0.08448895877617082
0.08443219127867284
0.08505663375115069
0.08522220561885316
0.0872090680312827
0.08685900179671179
0.08646162931422587
0.0863149799456894
0.08621563682506793
0.08647582118860037
0.08640013119193639
0.0867785811752563
0.0863339024448554
0.08909658732309077
0.08876071296289435
0.08877963546206034
0.08888843983226483
0.08980145041702411
0.08788554737646705
0.08993863853597758
0.09007582665493105
0.08995283041035208
0.08960749480057266
0.08873705983893686
0.08912024044704826
0.08923377544204424
0.08928108168995923
0.0916463940857087
0.09127267472718027
0.09043062351429347
0.09197753782111362
0.09219514656152257
0.09417727834916062
0.09439488708956957
0.09445638521185906
0.09406374335416465
0.09390763273604517
0.09495310081496644
0.0964669007482461
0.09569580890723177
0.09492471706621745
0.09608372014013469
0.09549712266598882
0.0955586207882783
0.09562011891056779
0.09695888572656199
0.09657097449365908
0.09637701887720762
0.09592287889722373
0.09639121075158212
0.09667031761428055
0.09661355011678256
0.09654732136970158
0.09537412642140984
0.0955822739122358
0.09536939579661835
0.0960127607682622
0.09613575701284117
0.09582353577660224
0.09576203765431276
0.09593707077159822
0.09267767029025546
0.09312234902065636
0.0929473159033709
0.09282905028358343
0.09303719777440937
0.09306085089836687
0.09223299155985457
0.09195861532194763
0.09225191405902056
0.09088476349427736
0.0916463940857087
0.09214310968881607
0.09199172969548812
0.09225664468381206
0.09222353031027156
0.09260198029359147
0.09282905028358343
0.09281012778441743
0.09283378090837492
0.09273443778775345
0.09246006154984651
0.09267767029025546
0.09298043027691139
0.09435704209123758
0.09507136643475392
0.09641959450033111
0.09682169760760852
0.09595126264597272
0.09571000078160627
0.09412051085166263
0.09350552962876778
0.09360487274938925
0.09351499087835077
0.09439488708956957
0.09421512334749262
0.09300408340086888
0.09300881402566039
0.09365690962209573
0.09307504277274137
0.09247425342422101
0.08955545792786616
0.08969264604681963
0.08878909671164334
0.0885431042224854
0.08771997550876459
0.08674546680171581
0.08686846304629478
0.08664139305630283
0.08710499428586972
0.08901616670163529
0.08947503730641068
0.08932838793787422
0.08860933296956638
0.08841537735311493
0.08836334048040843
0.08819776861270598
0.08767739988564109
0.08717595365774221
0.08727529677836368
0.0872137986560742
0.08694415304295876
0.08691576929420977
0.0867880424248393
0.08583718684174801
0.08564323122529656
0.08464506939429028
0.08465453064387328
0.08485321688511624
0.08425242753659587
0.08402535754660392
0.08375098130869699
0.08387397755327596
0.08366109943765851
0.08299408134205716
0.08276228072727371
0.08211891575562985
0.0823885613687453
0.08293258321976767
0.08127213391795154
0.08074703456609517
0.07993336710195735
0.08010366959445131
0.0805909239479757
0.08075176519088667
0.08009893896965982
0.08046319707860523
0.08031181708527727
0.08036385395798376
0.07992863647716586
0.07962114586571842
0.0801415145927833
0.0801273227184088
0.0806051158223502
0.08048685020256273
0.0801367839679918
0.08031181708527727
0.07937042275176898
0.07917173651052603
0.079294732755105
0.07990498335320836
0.07953599461947145
0.07943665149884997
0.07963060711530143
0.07870340465616764
0.07862298403471216
0.07865136778346114
0.07813099905639626
0.07808842343327277
0.07788973719202982
0.07823034217701774
0.07757751595579089
0.07734098471621594
0.07579407040939579
0.07556226979461235
0.0752926241814969
0.07537777542774389
0.07544400417482487
0.0748810598246365
0.07492363544775998
0.07473914108089154
0.07476752482964052
0.07566634354002533
0.07516962793691793
0.07555753916982084
0.07552915542107186
0.07525004855837342
0.07514124418816893
0.07503717044275597
0.07506555419150496
0.0749094435733855
0.07492836607255149
0.07485267607588751
0.07441745859506961
0.07393020424154521
0.07385451424488124
0.0735139092598933
0.07396804923987721
0.07419038860507765
0.07469183483297655
0.07434649922319712
0.07473441045610003
0.07546765729878237
0.074866867950262
0.07448841796694208
0.0744363810942356
0.0744742260925676
0.0739964329886262
0.07419511922986916
0.07436542172236311
0.07462560608589555
0.07472967983130853
0.07471075733214254
0.07354702363343381
0.07354702363343381
0.07306449990470092
0.0722224486918141
0.07157908372017024
0.07156489184579576
0.07161692871850224
0.0717966924605792
0.07138512810371879
0.07126213185913982
0.07114859686414385
0.0708694900014454
0.07088841250061141
0.07131889935663781
0.07010785941001409
0.06974360130106867
0.06989025066960514
0.06939826569128925
0.06978617692419216
0.06995174879189461
0.06982875254731565
0.06976725442502617
0.06970575630273668
0.06903873820713533
0.06853256135444494
0.06818722574466551
0.06841902635944896
0.06850417760569595
0.06831495261403599
0.0691664650765058
0.06881639884193488
0.0686792107229814
0.06892520321213935
0.06893939508651385
0.06865082697423242
0.068267646366121
0.06805476825050355
0.06797434762904807
0.06682007517992233
0.06696199392366729
0.0669288795501268
0.06599221584141002
0.06578406835058406
0.06571310897871158
0.06567999460517109
0.06533938962018317
0.06547184711434513
0.06497040088644625
0.06422769279418092
0.06352282970024759
0.06317276346567666
0.06267131723777777
0.06287000347902073
0.0629693465996422
0.06303557534672319
0.06312545721776167
0.06317749409046816
0.06295042410047622
0.06321533908880014
0.06310653471859567
0.06280377473193974
0.06286527285422923
0.06276119910881625
0.06286054222943772
0.06264293348902877
0.061952262269469933
0.06185764977363996
0.06181980477530796
0.06106290480866814
0.06120482355241311
0.06127105229949409
0.061209554177204605
0.06104871293429364
0.06112913355574912
0.06126159104991109
0.061379856669698564
0.06168734728114599
0.06162111853406501
0.06177249852739298
0.06183399664968246
0.0616542329076055
0.06163531040843951
0.061294705423451584
0.06131835854740908
0.061077096683042634
0.061171709178872616
0.061195362302830104
0.06119063167803861
0.06069864669972272
0.060589842329518244
0.06058038107993525
0.059761982991005935
0.059832942362878415
0.06004582047849587
0.05962006424726096
0.05968156236955045
0.05948760675309899
0.059312573635813534
0.058692861788127174
0.05841848555022024
0.058773282409582656
0.05841375492542874
0.05827183618168377
0.05832860367918176
0.05880639678312315
0.058919931778119126
0.05963898674642696
0.059629525496843964
0.059468684253933
0.059407186131643516
0.05928418988706454
0.05958694987372047
0.05962006424726096
0.05996066923224889
0.059629525496843964
0.05968156236955045
0.05995593860745739
0.05936461050852002
