0.0
2.8383748748993554e-05
2.8383748748993554e-05
0.00017030249249396133
0.00031222123623892914
0.00046360122956689475
0.0008420512128868088
0.0013103830672452025
0.0020247074107615404
0.0030228692417678137
0.003472278596960212
0.004252831687557535
0.0045887060477539585
0.004863082285660896
0.005269916017729803
0.005705133498547705
0.006367420969357555
0.005766631620837191
0.005908550364582159
0.006357959719774557
0.009565323328410829
0.010449950164421127
0.010823669522949542
0.010842592022115538
0.011433920121052904
0.012313816332271705
0.01290987505600057
0.01431487061907575
0.01624496553400731
0.016798448634612686
0.019239451027026132
0.018567702306633283
0.019892277248252984
0.01841159168851382
0.01873327417433575
0.01910699353286416
0.022016327779636
0.018738004799127246
0.017366123609592558
0.013359284411192968
0.015223150579043544
0.011694104484585344
0.01079055514940905
0.010648636405664082
0.014343254367824744
0.0154123755707035
0.018572432931424784
0.017668883596248488
0.022356932764623923
0.024386370800176964
0.0259995138540781
0.02771200002860071
0.029812397436026233
0.03254196794072111
0.027986376266507646
0.029940124305396703
0.029310951208127347
0.031084935504939442
0.0356689109279019
0.03195537046657525
0.032097289210320214
0.035351959066871476
0.03781661458324242
0.03467074909689563
0.03321844728590546
0.03705971461660259
0.03793488020302989
0.03295826292237302
0.034278107239201216
0.053413484520814375
0.05591125441072581
0.06118590105324711
0.061611657284482015
0.05894831552686812
0.059530182376222485
0.06011204922557685
0.06085002669305069
0.057850810575240365
0.051199552118392874
0.052438975813765595
0.053952775747045253
0.056890493742566085
0.04989863030073067
0.05134147086213785
0.05182399459087073
0.04895723596722239
0.051989566458573194
0.0493593390744998
0.04984186280323268
0.03773146333699543
0.03924526327027509
0.03973724824859098
0.039051307653823635
0.04863082285660896
0.04760900790164519
0.04471859615403935
0.04578298673212661
0.048678129104523946
0.04223028751371091
0.043819777443654555
0.04452937116237939
0.048205066625374056
0.05009258591718213
0.05234436331793561
0.05360270951247433
0.055248966939915954
0.05537669380928643
0.05155434897775529
0.05545711443074191
0.056270781894879725
0.05925580613831555
0.055480767554699405
0.057060796235060045
0.04926945720346131
0.05118062961922688
0.05313437765811594
0.055248966939915954
0.05626605127008823
0.057013489987145054
0.05796907619502784
0.05823872180814328
0.05791230869752985
0.05889154802937013
0.05470021446410208
0.05520639131679247
0.05619982252300724
0.059596411123303474
0.06081218169471869
0.061289974798660087
0.06178669040176747
0.06293150160131021
0.06800273137779707
0.06840483448507446
0.0647480615212458
0.06463925715104132
0.06595910146786953
0.06743505640281719
0.06659300518993039
0.06726948453511473
0.06812099699758453
0.06979090754898365
0.06625240020494245
0.06642270269743641
0.06859879010152592
0.06889208883859886
0.0753399304294119
0.07582245415814479
0.07651785600249512
0.07999013459945534
0.08073757331651217
0.08271970510415022
0.0823649082447878
0.08363271568890951
0.08438961565554934
0.08449842002575382
0.08466399189345628
0.08527897311635114
0.0868258874231713
0.08662720118192833
0.0867501974265073
0.08684954054712879
0.08710499428586972
0.08708607178670373
0.08602168120861647
0.08690157741983527
0.08701038179003974
0.08713337803461872
0.08782404925417756
0.08754967301627062
0.09245533092505501
0.09536466517182685
0.09593234014680672
0.09480645144642998
0.09422458459707561
0.09281958903400042
0.09063404038032792
0.08950342105515968
0.0898440260401476
0.09062457913074493
0.09095572286614985
0.09113075598343531
0.09079961224803039
0.090331280393672
0.09089422474386036
0.09063877100511943
0.08918646919412926
0.08812207861604199
0.08885532545872432
0.08863771671831537
0.08873705983893686
0.08509447874948269
0.08526951186676814
0.08561011685175607
0.08507555625031668
0.0850235193776102
0.08491944563219722
0.08605952620694846
0.08595072183674399
0.08657043368443035
0.08879382733643484
0.08860460234477488
0.0885241817233194
0.08969264604681963
0.08889317045705632
0.08903981982559278
0.08881274983560083
0.08834914860603395
0.08815519298958249
0.08803219674500351
0.08790920050042454
0.08777674300626258
0.08742194614690016
0.08735098677502767
0.08731314177669568
0.08710026366107823
0.08567634559883705
0.08586083996570551
0.08596018308632698
0.08701984303962275
0.08518909124531265
0.08469237564220528
0.08423823566222137
0.08510867062385717
0.08467818376783078
0.08486740875949074
0.08511340124864868
0.08534520186343213
0.08579934184341602
0.08504244187677619
0.08592233808799499
0.08573784372112654
0.08569526809800304
0.08540196936093011
0.08478225751324375
0.08442746065388133
0.08491471500740572
0.0841152394176424
0.08188711514084641
0.08121536642045356
0.08152758765669249
0.08117752142212158
0.08099775768004461
0.08079434081401016
0.07806477030931527
0.07815465218035375
0.07845741216700969
0.07835806904638822
0.0700605531620991
0.07052888501645749
0.07119590311205884
0.07194334182911567
0.07206160744890314
0.07217041181910762
0.07308815302865841
0.07454991608923157
0.0753541223037864
0.07558592291856985
0.07642324350666516
0.07649893350332913
0.07638539850833316
0.07467291233381054
0.07368894237717877
0.07548184917315687
0.07526424043274792
0.07410523735883068
0.0744363810942356
0.07502770919317296
0.07545819604919937
0.07561903729211034
0.07543454292524188
0.07582718478293629
0.07591706665397477
0.07588868290522577
0.0757420335366893
0.07435122984798861
0.07479590857838953
0.07411469860841367
0.07384032237050674
0.07477225545443203
0.07465398983464455
0.07449314859173359
0.07496621107088348
0.07592652790355776
0.07519801168566692
0.07482902295193002
0.07362271363009779
0.07339091301531434
0.07280904616595997
0.07191968870515818
0.07171627183912371
0.07159327559454474
0.07153177747225525
0.07143243435163378
0.07129997685747182
0.07122901748559933
0.07062822813707896
0.06808315199925255
0.0683007607396615
0.06766212639280914
0.06944557193920424
0.06963006630607269
0.06042427046181578
0.06037223358910929
0.0603438498403603
0.06041480921223279
0.06056618920556075
0.06010731860078535
0.06030600484202831
0.060419539837024284
0.060589842329518244
0.06358432782253706
0.0634282172044176
0.06341875595483461
0.06377355281419703
0.06312072659297017
0.06306395909547219
0.06383032031169501
0.06359851969691156
0.06362690344566055
0.06356067469857957
0.06345660095316659
0.06350390720108158
0.0634282172044176
0.06462979590145833
0.06417092529668293
0.06399116155460598
0.06367894031836704
0.06353229094983058
0.06328629846067263
0.06302611409714019
0.06287000347902073
0.0621036422627979
0.06185764977363996
0.06193807039509544
0.06172519227947799
0.061308897297826084
0.061195362302830104
0.06120482355241311
0.06118117042845561
0.060887871691382676
0.060637148577433235
0.060755414197220706
0.06063241795264174
0.060149894223908845
0.059780905490171926
0.06025869859411332
0.06025869859411332
0.05982821173808692
0.059965399857040386
0.06189076414718045
0.06180088227614197
0.06214621788592139
0.06170153915552049
0.06164004103323101
0.06087841044179968
0.060674993575765224
0.06051888295764576
0.06023031484536433
0.05985186486204441
0.05924161426394105
0.058702323037710176
0.058352256803139255
0.05782242682649137
0.05782242682649137
0.057259482476303
0.05670126875090613
0.05661138687986765
0.056805342496319106
0.056284973769254225
0.05620928377259024
0.05590652378593431
0.05655461938236966
0.05635120251633521
0.05650731313445467
0.058200876809811286
0.058267105556892275
0.05839483242626274
0.05831914242959876
0.058049496816483324
0.05777512057857638
0.05758589558691642
0.05734936434734148
0.0585745961683397
0.058522559295633214
0.0585935186675057
0.0585604042939652
0.05835698742793075
0.05824818305772628
0.05783661870086587
0.057713622456286896
0.05747236059192045
0.05718379247963902
0.057013489987145054
0.05713175560693253
0.05710337185818354
0.0568195343706936
0.056403239389041696
0.05607682627842827
0.056001136281764285
0.0559301769098918
0.05551861255303139
0.055050280698673
0.05470494508889358
0.05380612637850878
0.05357432576372534
0.05353648076539334
0.05345606014393786
0.05310126328457544
0.05307761016061795
0.05302084266311996
0.054165653862662706
0.05378720387934279
0.05347025201831236
0.053228990153945915
0.05318641453082242
0.05298299766478797
0.05271335205167253
0.05283634829625151
0.05180034146691324
0.051294164614222856
0.051114400872145895
0.05063660776820451
0.050508880898834034
0.0502203127865526
0.050225043411344095
0.050324386531965574
0.05051834214841703
0.049766172806568705
0.04918430595721433
0.04902346471430337
0.04908496283659285
0.04893358284326489
0.04905184846305236
0.04919376720679733
0.04873489660202194
0.04855513285994498
0.04851728786161299
0.04819087475099956
0.04903765658867787
0.04898088909117988
0.049014003464720374
0.04901873408951187
0.04899035034076288
0.04903765658867787
0.049179575332422835
0.04900454221513737
0.04882004784826892
0.04885789284660091
0.04872070472764744
0.048592977858276966
0.048257103498080545
0.048105723504752576
0.048105723504752576
0.04767996727351768
0.04766104477435168
0.047017679802707824
0.04678114856313288
0.04663922981938791
0.04673857294000939
0.046407429204604465
0.04620401233857001
0.04608574671878254
0.04608574671878254
0.04589652172712258
0.04597694234857806
0.045887060477539585
0.045669451737130634
0.04529100175381072
0.04532884675214271
0.04589652172712258
0.0458161011056671
0.04551334111901117
0.04523896488110423
0.045262618005061726
0.04501189489111228
0.04551334111901117
0.045366691750474704
0.04513962176048275
0.045097046137359265
0.04498824176715479
0.04561268423963265
0.045470765495887674
0.04567418236192213
0.046227665462527504
0.04646419670210245
0.04660611544584742
0.04651623357480894
0.0466676135681369
0.04671491981605189
0.04660138482105592
0.04642162107897896
0.04639796795502146
0.04616616734023802
0.04598640359816106
0.04586340735358209
0.04592963610066307
0.045740411109003114
0.0453808836248492
0.04608574671878254
0.04619455108898701
