0.0
0.0
0.0
0.0
0.0
0.0
0.0
0.0
0.0
0.0
0.0
0.0
8.042062145548174e-05
8.042062145548174e-05
8.042062145548174e-05
8.042062145548174e-05
8.042062145548174e-05
8.042062145548174e-05
8.042062145548174e-05
8.042062145548174e-05
8.042062145548174e-05
8.042062145548174e-05
8.042062145548174e-05
7.095937187248389e-05
7.095937187248389e-05
7.095937187248389e-05
7.095937187248389e-05
7.095937187248389e-05
7.095937187248389e-05
7.095937187248389e-05
7.095937187248389e-05
0.0001466493685364667
0.0001466493685364667
0.0001466493685364667
0.0001466493685364667
0.00019395561645145596
0.00016557186770246242
0.00017503311728546026
0.0002696456131154388
0.0002885681122814345
0.0002885681122814345
0.00032641311061342587
0.00048252372873289044
0.00024599248915794413
0.0002649149883239399
0.00034060498498792265
0.00048252372873289044
0.000510907477481884
0.000510907477481884
0.0005818668493543679
0.0007427080922653314
0.0008515124624698067
0.0010407374541297637
0.0009839699566317765
0.001017084330172269
0.001017084330172269
0.0007474387170568303
0.0008657043368443034
0.0008846268360102992
0.0009319330839252884
0.0008893574608017981
0.0008988187103847959
0.0008798962112188003
0.0008798962112188003
0.0010975049516277508
0.0012441543201642175
0.0013198443168282003
0.0014759549349476649
0.0015800286803606413
0.0017503311728546025
0.002284891774293981
0.0024693861411624394
0.002625496759281904
0.002890411747605844
0.004323791059430019
0.0031742492350957793
0.0029708323690613254
0.0032452086069682633
0.0033540129771727385
0.003770307958824644
0.0039216879521526095
0.004470440427966485
0.0048015841633714095
0.005052307277320853
0.00625388597436158
0.006580299084975006
0.006831022198924449
0.007190549683078367
0.007734571534100744
0.007777147157224234
0.008004217147216183
0.008070445894297168
0.008363744631370101
0.008817884611353998
0.009021301477388452
0.009461249582997853
0.009172681470716417
0.00955586207882783
0.00995323456131374
0.010809477648575046
0.011869137601870805
0.011727218858125837
0.011944827598534788
0.011973211347283783
0.015743519306108424
0.018255481070394354
0.019897007873044482
0.021074933446127715
0.02193590715818052
0.02189806215984853
0.022248128394419447
0.02251304338274339
0.02293879961397829
0.023359825220421696
0.023672046456660625
0.026061011976367583
0.03013881054663966
0.030555105528291562
0.030820020516615504
0.03109439675452244
0.03162895735596182
0.03193644796740925
0.0338996572558813
0.03542764906353546
0.03617508778059229
0.03602370778726432
0.03668599525807417
0.0374665483486715
0.040934096320840205
0.04070702633084826
0.041019247567087185
0.04117535818520665
0.04132673817853462
0.041672073788314036
0.04298718748035074
0.042963534356393246
0.043001379354725235
0.04320479622075969
0.043332523090130165
0.04370151182386708
0.044075231182395494
0.04431176242197044
0.04433068492113643
0.04031911509794535
0.04046576446648181
0.04070229570605676
0.040730679454805754
0.04062187508460128
0.041700457537063036
0.04165788191393954
0.04276957873994179
0.043133836848887205
0.03925945514464959
0.039254724519858085
0.012474657575182667
0.012626037568510634
0.013089638798077528
0.016547725520663244
0.016665991140450715
0.01668964426440821
0.016500419272748253
0.017068094247728125
0.016282810532339303
0.018567702306633283
0.018879923542872212
0.018775849797459238
0.01906914853453217
0.019963236620125467
0.020171384110951422
0.019854432249920992
0.020412645975317865
0.022446814635662404
0.022390047138164417
0.02254615775628388
0.021524342801320113
0.021964290906929515
0.022257589644002446
0.022919877114812297
0.023317249597298206
0.02400792081685705
0.025166923890774285
0.02536561013201724
0.026288081966359532
0.026278620716776533
0.027253129423825313
0.02719163130153583
0.027276782547782808
0.027153786303203836
0.028203985006916597
0.028899386851266938
0.029150109965216383
0.03174722297574929
0.03195537046657525
0.03157692048325533
0.03185129672116227
0.03257508231426161
0.032887303550500534
0.03324683103465445
0.03250885356718062
0.032532506691138115
0.03297718542153901
0.03312383479007548
0.03331779040652694
0.033204255411530964
0.03477482284230861
0.036194010279758285
0.03623658590288177
0.03646838651766522
0.0365629990134952
0.036212932778924276
0.036430541519333226
0.03628389215079676
0.03620820215413278
0.03658665213745269
0.03661030526141019
0.036950910246398114
0.03663868901015918
0.037334090854509526
0.03718271086118156
0.03729624585617753
0.037504393347003485
0.0374476258495055
0.035001892832300555
0.03496404783396856
0.03489308846209608
0.03521004032312651
0.03559322093123792
0.035858135919561857
0.03619874090454978
0.036449464018499224
0.03738139710242451
0.03717798023639006
0.03709755961493458
0.03766050396512295
0.03800583957490237
0.0383038689367668
0.039808207620463464
0.04020084947815787
0.04119428068437265
0.04170991878664603
0.04167680441310554
0.04161057566602455
0.041686265662688536
0.04159165316685856
0.041520693794986074
0.0414118894247816
0.040948288195214705
0.04114224381166616
0.040900981947299714
0.04091044319688271
0.039538562007348024
0.03947706388505854
0.03885735203737218
0.03884789078778918
0.038611359548214236
0.038682318920086715
0.039131728275279117
0.03927364701902408
0.0392026876471516
0.03934460639089657
0.039387182014020056
0.03939664326360306
0.03959532950484601
0.03958113763047151
0.03945814138589254
0.03983186074442096
0.03998797136254042
0.040058930734412905
0.039940665114625434
0.040025816360872414
0.040413727593775324
0.040461033841690315
0.04062187508460128
0.04061241383501828
0.04023396385169837
0.04041845821856682
0.04086786757375922
0.04100978631750419
0.041066553815002176
0.040882059448133716
0.04135512192728361
0.041213203183538646
0.04118955005958115
0.041506501920611574
0.041284162555411126
0.0414308119239476
0.04020084947815787
0.04026234760044736
0.04172884128581203
0.041922796902263484
0.04167680441310554
0.04304395497784873
0.04283580748702277
0.04300610997951674
0.04305814685222323
0.043772471195739564
0.04416984367822547
0.044023194309689005
0.044359068669885426
0.044061039308020994
0.04389546744031853
0.04390965931469303
0.043417674336377145
0.04322844934471719
0.042528316875575345
0.04255670062432434
0.042745925615984295
0.04364947495116059
0.04373935682219907
0.04485578427299282
0.04471859615403935
0.04474697990278834
0.044728057403622346
0.044548293661545384
0.04453883241196239
0.04469967365487335
0.044595599909460375
0.045115968636525255
0.045082854262984765
0.04689941418292035
0.046927797931669346
0.0466912666920944
0.04662030732022192
0.047552240404147204
0.04798272726017361
0.0479969191345481
0.04788338413955213
0.04785026976601164
0.047784041018930655
0.047869192265177635
0.047802963518096646
0.048119915379127076
0.0479969191345481
0.04797799663538211
0.04775092664539016
0.04806787850642059
0.04793069038746712
0.04826656474766354
0.04833279349474453
0.04794488226184161
0.04769888977268367
0.04776511851976466
0.0475806241528962
0.047722542896641164
0.04764685289997718
0.04761373852643669
0.04743870540915123
0.04751912603060671
0.04742924415956823
0.04745762790831723
0.046828454811047866
0.046662882943345405
0.04695145105562684
0.04725894166707427
0.04733936228852975
0.04750966478102371
0.04769415914789217
0.04760427727685369
0.047566432278521704
0.04750966478102371
0.04784553914122014
0.04767523664872618
0.04760900790164519
0.04738666853644474
0.04739139916123624
0.047400860410819236
0.04746235853310873
0.047244749792699776
0.048025302883297094
0.04783134726684564
0.04770362039747517
0.047869192265177635
0.04774619602059866
0.04862136160702596
0.04868759035410695
0.048512557236821484
0.04833752411953603
0.048460520364114995
0.048436867240157506
0.04837063849307652
0.04839902224182551
0.04831387099557853
0.048451059114532
0.04850309598723849
0.048597708483068464
0.04832806286995303
0.0488862765953499
0.04908969346138436
0.04913699970929934
0.04898561971597138
0.0488673540961839
0.0488815459705584
0.04901873408951187
0.049212689705963326
0.04883897034743491
0.048909929719307396
0.048810586598685916
0.04849363473765549
0.048441597864949004
0.04832806286995303
0.04856932473431947
0.049047117838260865
0.049014003464720374
0.04858824723348547
0.04851728786161299
0.048626092231817464
0.04838483036745102
0.04814829912787607
0.048205066625374056
0.048209797250165554
0.04818141350141656
0.04829967912120404
0.048157760377459065
0.047940151637050114
0.048034764132880096
0.04805841725683759
0.048072609131212085
0.04817668287662506
0.048171952251833565
0.048025302883297094
0.04762793040081119
0.047618469151228186
0.0475806241528962
0.0480158416337141
0.04808207038079509
0.04809153163037808
0.048257103498080545
0.04817668287662506
0.04804895600725459
0.048001649759339605
0.0480300335080886
0.04793069038746712
0.04797326601059061
0.04768942852310067
0.047467089157900225
0.04741032166040224
0.04775092664539016
0.0471595985464528
0.0471359454224953
0.04748601165706622
0.04735828478769575
0.047367746037278745
0.04736301541248725
0.04725421104228277
0.04739139916123624
0.04779350226851365
0.04787865351476063
0.04776038789497316
0.047599546652062195
0.047722542896641164
0.04783134726684564
0.04772727352143266
0.047585354777687695
0.04764685289997718
0.047651583524768684
0.04769888977268367
0.04732517041415526
0.04678114856313288
0.04685210793500536
0.04687576105896286
0.04675276481438389
0.04636958420627247
0.046237126712110506
0.046189820464195515
0.04609993859315704
0.04593436672545457
0.04566472111233913
0.045518071743802666
0.04540926737359819
0.04531938550255971
0.04484159239861832
0.04480847802507783
0.044761171777162836
0.044647636782166863
0.04462398365820937
0.044463142415298404
0.04463817553258387
0.04469021240529036
0.04395696556260802
0.04399954118573151
0.04391912056427603
0.04396642681219102
0.04354540120574761
0.04353120933137312
0.04334671496450466
0.042883113734937764
0.042779039989524786
0.0427411949911928
0.04276484811515029
0.042580353748281834
0.042495202502034854
0.04261819874661382
0.042561431249115836
0.04260873749703083
0.04260873749703083
0.04259454562265633
0.042613468121822325
0.04250466375161785
0.042575623123490336
0.042490471877243356
