0.0
0.0
0.0
0.0
0.0
0.0
0.0
0.0
0.0
0.0
0.0
0.0
0.0
9.461249582997852e-05
9.461249582997852e-05
9.461249582997852e-05
9.461249582997852e-05
9.461249582997852e-05
0.00012299624457897206
0.00012299624457897206
0.00012299624457897206
0.00012299624457897206
0.00012299624457897206
0.00012299624457897206
0.0002932987370729334
0.0002932987370729334
0.0002932987370729334
0.0002932987370729334
0.0002932987370729334
0.0002932987370729334
0.0002932987370729334
0.0002932987370729334
0.0002932987370729334
0.0002932987370729334
0.00035006623457092053
0.000255453738740942
0.000255453738740942
0.0003689887337369162
0.0006764793451843464
0.0007568999666398282
0.0007852837153888218
0.0019442867893060586
0.0019442867893060586
0.0019632092884720545
0.0019632092884720545
0.0030323304913508118
0.003817614206739633
0.0038743817042376206
0.003968994200067599
0.004252831687557535
0.004574514173379462
0.005265185392938305
0.0053787203879342785
0.0054496797598067625
0.004853621036077898
0.005364528513559782
0.005761900996045692
0.006353229094983058
0.007483848420151301
0.0083684752561616
0.008737463989898516
0.008321169008246612
0.00867596586760903
0.008865190859268988
0.006944557193920424
0.007767685907641236
0.00827859338512312
0.00827859338512312
0.008349552756995605
0.008964533979890464
0.009078068974886439
0.009229448968214404
0.009891736439024254
0.010118806429016202
0.010251263923178173
0.010918282018779521
0.010918282018779521
0.010937204517945517
0.01154272449125738
0.0118927907258283
0.011836023228330312
0.012152975089360741
0.012105668841445752
0.013028140675788042
0.013198443168282004
0.012375314454561191
0.012564539446221148
0.013151136920367014
0.01356743190201892
0.013548509402852925
0.013132214421201018
0.012673343816425623
0.013728273144929883
0.013988457508462324
0.013274133164945986
0.013487011280563439
0.013543778778061425
0.01466966747843817
0.014915659967596114
0.015369799947580011
0.015847593051521402
0.016226043034841316
0.016547725520663244
0.02048360534719035
0.02042683784969236
0.020540372844688338
0.02030384160511339
0.01995377537054247
0.02048360534719035
0.02031330285469639
0.020578217843020326
0.021155354067583197
0.02119319906591519
0.021519612176528615
0.021387154682366644
0.021519612176528615
0.021424999680698636
0.021566918424443603
0.022125132149840476
0.022584002754615872
0.022683345875237352
0.023222637101468227
0.02313275523042975
0.023236828975842724
0.023232098351051226
0.023241559600634225
0.023312518972506708
0.022971913987518786
0.022891493366063304
0.022877301491688807
0.024258643930806494
0.024116725187061525
0.024301219553929984
0.023501743964166665
0.023681507706243624
0.023960614568942062
0.024126186436644523
0.024201876433308504
0.02505811952056981
0.025162193265982787
0.02520003826431478
0.024958776399948333
0.02528045888577026
0.025214230138689276
0.024968237649531332
0.024854702654535356
0.025791366363252143
0.02264077025211386
0.02259346400419887
0.02313275523042975
0.02356797271124765
0.023681507706243624
0.023113832731263752
0.023151677729595744
0.023189522727927736
0.02316586960397024
0.02348755208979217
0.023690968955826622
0.023813965200405594
0.023638932083120134
0.02370516083020112
0.009219987718631407
0.009238910217797403
0.009868083315066759
0.00946598020778935
0.009456518958206353
0.009522747705287339
0.009678858323406803
0.00956059270361933
0.010080961430684212
0.010109345179433205
0.010109345179433205
0.010109345179433205
0.010128267678599201
0.010241802673595176
0.010511448286710613
0.01052564016108511
0.010601330157749092
0.010766902025451556
0.010795285774200549
0.010837861397324039
0.011017625139400999
0.011135890759188471
0.0114528426202189
0.011462303869801897
0.011561646990423375
0.01154272449125738
0.011528532616882883
0.011651528861461855
0.011708296358959843
0.011708296358959843
0.011925905099368793
0.012096207591862754
0.011873868226662304
0.012214473211650227
0.012346930705812198
0.012011056345615773
0.012455735076016673
0.012474657575182667
0.012503041323931662
0.013264671915362989
0.013264671915362989
0.013307247538486479
0.013335631287235472
0.013505933779729433
0.013576893151601918
0.013633660649099905
0.01369988939618089
0.013988457508462324
0.014423674989280225
0.014575054982608191
0.014277025620743759
0.014310139994284252
0.014338523743033245
0.014262833746369262
0.014220258123245772
0.014220258123245772
0.014220258123245772
0.014461519987612217
0.013047063174954038
0.012881491307251575
0.01299502630224755
0.013241018791405493
0.01317479004432451
0.01325521066577999
0.013226826917030997
0.013463358156605943
0.013501203154937936
0.014097261878666799
0.014097261878666799
0.014045225005960312
0.014423674989280225
0.014385829990948234
0.014385829990948234
0.014239180622411767
0.014527748734693202
0.014915659967596114
0.014896737468430118
0.014821047471766135
0.01493458246676211
0.014631822480106178
0.015081231835298576
0.015081231835298576
0.015279918076541532
0.0154123755707035
0.015436028694660996
0.015388722446746007
0.015426567445077997
0.015336685574039518
0.015544833064865472
0.015445489944243994
0.015379261197163008
0.015057578711341082
0.015227881203835043
0.015227881203835043
0.015256264952584036
0.01515219120717106
0.015795556178814913
0.01577190305485742
0.015805017428397912
0.01589016867464489
0.0162970024067138
0.016325386155462793
0.016410537401709776
0.016921444879191658
0.01709174737168562
0.017337739860843564
0.017649961097082494
0.017763496092078467
0.01775403484249547
0.018089909202691892
0.018260211695185855
0.018222366696853863
0.01819398294810487
0.01801894983081941
0.018241289196019857
0.018302787318309345
0.018728543549544247
0.018865731668497716
0.018837347919748722
0.01873327417433575
0.018969805413910693
0.019565864137639558
0.020138269737410928
0.02003419599199795
0.020422107224900864
0.020507258471147843
0.02042683784969236
0.020597140342186324
0.020601870966977822
0.020843132831344268
0.02074852033551429
0.020687022213224805
0.0207059447123908
0.02052618097031384
0.020724867211556794
0.021027627198212728
0.02083367158176127
0.021202660315498185
0.02189333153505703
0.021959560282138014
0.02140607718153264
0.021245235938621678
0.021481767178196623
0.02163787779631609
0.021633147171524588
0.021529073426111614
0.021481767178196623
0.02170410654339707
0.02194063778297202
0.02185075591193354
0.021916984659014524
0.021907523409431525
0.022087287151508487
0.022215014020878956
0.022172438397755467
0.022229205895253453
0.02194063778297202
0.021841294662350543
0.02176560466568656
0.021822372163184545
0.021874409035891034
0.022049442153176495
0.022352202139832425
0.02228597339275144
0.024424215798508956
0.024476252671215445
0.024447868922466448
0.024386370800176964
0.02431541142830448
0.024353256426636473
0.02449517517038144
0.024239721431640496
0.024064688314355036
0.024220798932474502
0.023927500195401567
0.023908577696235573
0.023889655197069575
0.023984267692899554
0.023903847071444072
0.02396534519373356
0.024599248915794417
0.02448571392079844
0.02435798705142797
0.024206607058100005
0.024708053285998892
0.024693861411624395
0.02461817141496041
0.0246654776628754
0.024466791421632446
0.024750628909122382
0.024812127031411866
0.024651285788500902
0.02461817141496041
0.02417349268455951
0.0246702082876669
0.02458505704141992
0.024641824538917907
0.024291758304346985
0.024291758304346985
0.024324872677887476
0.024741167659539383
0.024783743282662873
0.02475535953391388
0.024698592036415893
0.024717514535581887
0.0246796695372499
0.024698592036415893
0.02479320453224587
0.024656016413292403
0.02470332266120739
0.02479320453224587
0.024788473907454374
0.024788473907454374
0.02489727827765885
0.024892547652867348
0.024641824538917907
0.024613440790168913
0.02458505704141992
0.024708053285998892
0.024324872677887476
0.02418295393414251
0.024258643930806494
0.024684400162041396
0.024717514535581887
0.02453775079350493
0.02453302016871343
0.024613440790168913
0.024589787666211418
0.024201876433308504
0.024230260182057498
0.024230260182057498
0.024201876433308504
0.024197145808517007
0.02445259954725795
0.024258643930806494
0.02408834143831253
0.024164031434976516
0.024405293299342958
0.02496350702473983
0.024925662026407842
0.02448571392079844
0.0246654776628754
0.024608710165377412
0.024987160148697327
0.02493039265119934
0.024826318905786363
0.024372178925802467
0.024594518291002915
0.0246607470380839
0.02453775079350493
0.024381640175385466
0.024561403917462424
0.02449517517038144
0.024419485173717455
0.02426810518038949
0.024253913306014993
0.024301219553929984
0.024244452056431994
0.02435798705142797
0.024372178925802467
0.024462060796840948
0.024523558919130432
0.023586895210413645
0.023421323342711183
0.02342605396750268
0.023118563356055253
0.023189522727927736
0.023227367726259728
0.023265212724591717
0.023416592717919685
0.02330778834771521
0.02329832709813221
0.023402400843545185
0.022943530238769792
0.022867840242105808
0.022848917742939814
0.022867840242105808
0.0229056852404378
0.0228962239908548
0.022659692751279856
0.022659692751279856
0.022607655878573368
0.022248128394419447
0.021912254034223026
0.021221582814664183
0.02144392217986463
0.02132565656007716
0.021595302173192596
0.021500689677362617
0.021046549697378722
0.0211411621932087
0.021188468441123688
0.021160084692374695
0.021387154682366644
0.021302003436119665
0.0211506234427917
0.021032357823004225
0.020970859700714738
0.02075798158509729
0.020819479707386773
0.021046549697378722
0.021084394695710714
0.020729597836348295
0.020327494729070885
0.020459952223232856
0.020459952223232856
0.02039372347615187
0.02035587847781988
0.020327494729070885
0.019982159119291465
0.020072040990329942
0.020053118491163948
0.020029465367206453
0.019897007873044482
0.019977428494499964
0.01995850599533397
0.019835509750754998
0.01986389349950399
0.019807126002006004
0.019854432249920992
0.019736166630133518
0.019830779125963496
0.01952328851451607
0.019674668507844034
0.019750358504508018
0.020024734742414955
0.020048387866372447
0.020180845360534418
0.02016665348615992
0.020672830338850305
0.020601870966977822
0.020644446590101312
0.020455221598441355
0.020597140342186324
0.020630254715726815
0.020772173459471785
0.0207059447123908
0.020299110980321892
0.020464682848024354
