0.0
0.0
0.0
0.0
0.0
0.0
0.0
0.0
0.0
0.0
0.0
0.0
0.0
0.0
0.0
0.0
3.784499833199141e-05
0.0001088043702044753
0.0001088043702044753
0.0001088043702044753
0.0005061768526903851
0.0005061768526903851
0.0005061768526903851
0.0005061768526903851
0.0022565080255449875
0.00242207989324745
0.0030465223657253084
0.0028005298765673642
0.002814721750941861
0.002966101744269827
0.0030512529905168074
0.002119319906591519
0.0026680723824053943
0.002611304884907407
0.0031789798598872783
0.005066499151695349
0.005180034146691324
0.005563214754802737
0.005686210999381709
0.005847052242292672
0.006026815984369631
0.005246262893772309
0.005355067263976785
0.005440218510223765
0.006192387852072094
0.004621820421294451
0.004678587918792438
0.004773200414622416
0.005118536024401838
0.005804476619169182
0.005809207243960681
0.0056814803745902104
0.005776092870420189
0.005922742238956656
0.00607885285707612
0.006353229094983058
0.008519855249489566
0.007526424043274791
0.008042062145548175
0.00876584773864751
0.00889830523280948
0.009011840227805453
0.009191603969882414
0.008704349616358024
0.008155597140544148
0.008571892122196055
0.007072284063290894
0.006637066582472993
0.006849944698090445
0.008084637768671665
0.008292785259497617
0.012616576318927635
0.013151136920367014
0.013047063174954038
0.012545616947055152
0.013453896907022946
0.01299975692703905
0.014116184377832795
0.017768226716869968
0.019007650412242685
0.02127835031216217
0.022101479025882984
0.022432622761287907
0.022952991488352788
0.023506474588958163
0.024551942667879426
0.024026843316023044
0.026179277596155057
0.02638742508698101
0.02704025130820786
0.028478361244823534
0.028875733727309446
0.029098073092509894
0.029594788695617283
0.02977455243769424
0.029528559948536297
0.03071121614641103
0.03110385800410544
0.029878626183107215
0.03025707616642713
0.029585327446034284
0.02976982181290274
0.030238153667261135
0.030644987399330043
0.029968508054145696
0.023501743964166665
0.024949315150365334
0.025696753867422165
0.02748493003860876
0.02549333700138771
0.023028681485016772
0.024750628909122382
0.025034466396612318
0.02489727827765885
0.025890709483873623
0.026046820101993086
0.026008975103661094
0.028270213753997582
0.029571135571659787
0.029765091188111242
0.031122780503271434
0.03138296486680388
0.03152961423534034
0.03197429296574124
0.032565621064678606
0.03323263916027996
0.03380031413525983
0.03449098535481867
0.034462601606069676
0.03426864598961822
0.0317141086022088
0.03195063984178375
0.031505961111382846
0.032414241071350644
0.03299137729591351
0.030115157422682164
0.03122685424868441
0.0334691703998549
0.03465182659772963
0.03364420351714036
0.034211878492120235
0.034377450359822696
0.03489308846209608
0.03526207719583299
0.03590544216747685
0.038261293313643314
0.039254724519858085
0.0405036094648138
0.0409719413191722
0.04164842066435655
0.04350755620741562
0.04376300994615656
0.04445368116571541
0.04497404989278029
0.048205066625374056
0.04856932473431947
0.049047117838260865
0.0515306958537978
0.0515354264785893
0.04736301541248725
0.047869192265177635
0.0480300335080886
0.04866866785494095
0.048157760377459065
0.04878220284993692
0.04902346471430337
0.04885316222180941
0.05024396591051009
0.05601059753134728
0.06293150160131021
0.062349634751955846
0.06403846780252097
0.06271862348569276
0.06372624656628204
0.06524477712435318
0.06532519774580867
0.06583610522329056
0.06554753711100912
0.06680588330554783
0.0700605531620991
0.06858459822715143
0.06888735821380736
0.06978144629940065
0.06850890823048744
0.06967737255398768
0.0705005012677085
0.06912388945338231
0.07033019877521453
0.06833860573799348
0.06863663509985791
0.0708931431254029
0.0709688331220669
0.07071337938332595
0.07165477371683424
0.07429446235049063
0.07371732612592777
0.07369367300197027
0.07524531793358191
0.0771186453510155
0.0788500540247041
0.07677804036602758
0.07695780410810453
0.07684426911310856
0.07698618785685352
0.07704768597914301
0.07700984098081101
0.07711391472622399
0.07960695399134393
0.07981510148216989
0.08021720458944728
0.08034493145881776
0.08035439270840075
0.07122428686080783
0.07109655999143735
0.07107290686747987
0.07071811000811745
0.07014097378355458
0.07271916429492149
0.07363690550447229
0.07436542172236311
0.07423296422820115
0.07435122984798861
0.07449787921652509
0.0753210079302459
0.07625294101417118
0.07642324350666516
0.0766976197445721
0.07686792223706605
0.07846687341659268
0.07868448215700163
0.07854729403804817
0.07878382527762312
0.07953126399467994
0.07960222336655243
0.07383559174571523
0.07414781298195416
0.07448368734215059
0.07237855930993357
0.0731070755278244
0.07424242547778415
0.07445530359340159
0.07454518546444007
0.07506555419150496
0.07479117795359802
0.07643270475624815
0.07622928789021369
0.07634282288520967
0.07643743538103964
0.07009366753563959
0.0700463612877246
0.07024031690417605
0.07055726876520649
0.07119117248726733
0.07348079488635281
0.0744316504694441
0.07505136231713046
0.07550550229711436
0.07521693418483293
0.07801746406140028
0.07834387717201372
0.07807896218368977
0.07744505846162891
0.07655570100082712
0.07721798847163697
0.0783911834199287
0.07897305026928307
0.07918592838490052
0.079332577753437
0.07938461462614348
0.0801367839679918
0.08072811206692918
0.08046319707860523
0.08109237017587459
0.08109237017587459
0.08706714928753774
0.08686373242150328
0.08698199804129075
0.0876726692608496
0.08817884611353997
0.08875125171331136
0.08884113358434984
0.09073338350094941
0.09106452723635433
0.0911591397321843
0.09131998097509526
0.09148555284279773
0.0925262902969275
0.09271078466379595
0.09284324215795792
0.09289527903066441
0.0946787245770595
0.09529843642474586
0.09537412642140984
0.09537885704620135
0.09519909330412439
0.09608845076492618
0.0964763619978291
0.09667504823907205
0.09669397073823804
0.09731841321071591
0.0977347081923678
0.09752183007675036
0.09813208067485372
0.09895994001336603
0.09897413188774053
0.09895994001336603
0.09703930634801747
0.09713391884384745
0.09798070068152576
0.09807058255256423
0.09799016193110875
0.09860514315400361
0.09849160815900763
0.09869975564983359
0.09855310628129713
0.09675073823573603
0.09607898951534319
0.0955870045370273
0.09546873891723982
0.09548293079161432
0.09482537394559597
0.09485848831913646
0.09479225957205548
0.09463614895393602
0.09461249582997852
0.09451788333414854
0.09437123396561208
0.09494363956538344
0.09483956581997047
0.09622563888387965
0.09589449514847473
0.09550185329078031
0.09566742515848278
0.09575730702952126
0.09581880515181075
0.0951754401801669
0.09523693830245637
0.09521328517849889
0.09569107828244028
0.0960174913930537
0.09463141832914451
0.09506190518517092
0.0951612483057924
0.09485375769434497
0.09493417831580045
0.09496256206454944
0.09478279832247248
0.09480645144642998
0.09500986831246443
0.09526059142641387
0.09513286455704341
0.09536466517182685
0.09491525581663446
0.09491525581663446
0.09378936711625771
0.09368529337084473
0.0942576989706161
0.09419147022353512
0.09404009023020715
0.09493890894059194
0.09490106394225996
0.09527005267599688
0.09592287889722373
0.09619252451033916
0.09662301136636556
0.09658043574324207
0.09655678261928458
0.09659935824240808
0.09651420699616109
0.09698253885051948
0.09710553509509845
0.09682169760760852
0.0969257713530215
0.09673654636136154
0.0960316832674282
0.0969163101034385
0.0973751807082139
0.09720487821571994
0.0973136825859244
0.09737045008342239
0.09708661259593246
0.0968879263546895
0.09689738760427251
0.09666085636469755
0.09680277510844253
0.09648582324741209
0.09598910764430471
0.09569107828244028
0.09563904140973378
0.09571000078160627
0.09538831829578434
0.09562958016015079
0.0969257713530215
0.09717176384217945
0.09590395639805772
0.09598910764430471
0.09756913632466535
0.09789554943527877
0.09738464195779689
0.0973515275842564
0.09764009569653784
0.09788608818569577
0.09793812505840227
0.09837334253922017
0.09804692942860674
0.09792866380881926
0.09750763820237586
0.09740829508175439
0.09727583758759241
0.0973515275842564
0.09744614008008638
0.09737991133300539
0.09711972696947295
0.09716230259259644
0.09721433946530293
0.09710080447030696
0.09632498200450113
0.09694469385218749
0.09712918821905595
0.0964952844969951
0.09655205199449308
0.09634390450366713
0.09582353577660224
0.09577622952868725
0.09635336575325013
0.09598910764430471
0.09579042140306175
0.09572419265598077
0.09565323328410828
0.09566742515848278
0.0955349676643208
0.09570053953202327
0.0955586207882783
0.09532208954870336
0.09519909330412439
0.0951612483057924
0.09572419265598077
0.09552550641473781
0.09506663580996241
0.09526059142641387
0.09459830395560402
0.09459357333081253
0.09438542583998658
0.09487741081830246
0.09494363956538344
0.09528897517516287
0.09527951392557987
0.09477806769768098
0.09497675393892394
0.09492944769100894
0.09483483519517898
0.0951234033074604
0.09446584646144206
0.09487268019351096
0.09488214144309395
0.09489160269267696
0.09466926332747651
0.09465980207789351
0.09450369145977404
0.09450369145977404
0.09436650334082057
0.09415835584999463
0.09415835584999463
0.09411578022687113
0.09404955147979015
0.09363798712292974
0.09362852587334675
0.09359068087501475
0.09351026025355927
0.09367110149647023
0.09369002399563622
0.09359541149980626
0.0933872640089803
0.09307504277274137
0.09375625274271722
0.0938603264881302
0.09375152211792571
0.09358121962543176
0.09360960337418074
0.09313654089503086
0.0933825333841888
0.09280066653483443
0.09277228278608544
0.09313654089503086
0.09307977339753287
0.09304665902399238
0.0929236627794134
0.09263036404234047
0.09241748592672303
0.09223299155985457
0.0920343053186116
0.09233706530526754
0.09216203218798208
0.09195861532194763
0.09213364843923308
0.0920437665681946
0.09182142720299416
0.09170789220799817
0.09148555284279773
0.09274862966212795
