0.0
0.0
0.0
0.0
0.00028383748748993557
0.0003595274841539184
0.0014759549349476649
0.0015137999332796564
0.0015137999332796564
0.0013718811895346887
0.0013340361912026972
0.001466493685364667
0.001466493685364667
0.0016841024257736176
0.0021571649049235103
0.0021997405280470006
0.0031553267359297837
0.0030985592384317967
0.0031647879855127817
0.0031080204880147943
0.003273592355717257
0.002866758623648349
0.004352174808179012
0.003888573578612117
0.004262292937140533
0.00453666917504747
0.0050144622789888614
0.005336144764810789
0.005567945379594236
0.005757170371254193
0.007242586555784856
0.007890682152220208
0.008690157741983527
0.009839699566317766
0.01048779516275312
0.011008163889818
0.011821831353955816
0.012309085707480205
0.012801070685796093
0.013841808139925858
0.015289379326124529
0.016273349282756304
0.017016057375021636
0.018572432931424784
0.02722474567507632
0.026992945060292872
0.025602141371592186
0.024509367044755936
0.025266267011395765
0.027499121912983256
0.028043143764005633
0.030342227412674113
0.03087678801411349
0.02022815160844941
0.020507258471147843
0.020559295343854332
0.02009096348949594
0.022054172777967992
0.023463898965834673
0.023615278959162638
0.023951153319359063
0.025091233894110304
0.02735720316923829
0.02797218439213315
0.028426324372117045
0.02876692935710497
0.03012934929705666
0.029670478692281264
0.02704025130820786
0.027636310031936725
0.03198375421532424
0.03129781362055689
0.032887303550500534
0.03370097101463835
0.034112535371498755
0.03539926531478646
0.03605209153601332
0.035692564051859395
0.03634065964829475
0.037726732712203934
0.038951964533202155
0.03937772076443706
0.04074960195397175
0.04084421444980173
0.04172884128581203
0.04214986689225543
0.04255670062432434
0.04566472111233913
0.046965642930001335
0.05224028957252264
0.053668938259555314
0.05471913696326808
0.051563810227338296
0.04392858181385903
0.04338929058762815
0.042646582495362816
0.04292095873326975
0.041989025649344466
0.043673128075118084
0.043772471195739564
0.044950396768822794
0.045248426130687226
0.047230557918325276
0.048460520364114995
0.04945395157032977
0.0497614421817772
0.05070283651528549
0.05143608335796782
0.05294042204166448
0.05476644321118307
0.05625659002050523
0.056573541881535655
0.05708917998380904
0.057562242462958935
0.05805422744127482
0.0545961407186891
0.05666815437736564
0.05724055997713701
0.05757643433733343
0.058503636796467216
0.05993701610829139
0.05944030050518401
0.05928418988706454
0.060050551103287365
0.05360270951247433
0.05441637697661215
0.05654988875757816
0.05356486451414234
0.05340875389602288
0.05422242136016069
0.05426026635849268
0.054790096335140565
0.056218745022173236
0.056067365028845274
0.05619509189821574
0.05603898128009628
0.05690941624173208
0.0445057180384219
0.04589179110233108
0.04872543535243894
0.04433541554592794
0.04528154050422772
0.04519638925798074
0.04636958420627247
0.04674330356480089
0.047670506023934675
0.04828075662203804
0.048909929719307396
0.04804895600725459
0.04996485904781166
0.051819263966079235
0.05255251080876157
0.05252885768480407
0.05356959513893384
0.054742790087225573
0.05468129196493609
0.0577230837058699
0.05788865557357236
0.05784134932565737
0.05800219056856833
0.059090234270613086
0.059293651136647536
0.059468684253933
0.05229705707002063
0.053484443892686855
0.053900738874338765
0.054165653862662706
0.05426499698328418
0.05478063508555756
0.05226394269648013
0.05177668834295575
0.0524200533145996
0.0524153226898081
0.049718866558653714
0.0445009874136304
0.04466655928133286
0.04598167297336956
0.046137783591489026
0.04804895600725459
0.04879639472431142
0.04926945720346131
0.0493214940761678
0.050977212753192426
0.05104817212506491
0.05215986895106716
0.052438975813765595
0.05085421650861346
0.052084178954403176
0.04598640359816106
0.05009731654197363
0.051128592746520395
0.052122023952735165
0.05335671702331639
0.05307287953582645
0.0541798457370372
0.05619982252300724
0.05708917998380904
0.059005083024366106
0.06024450671973882
0.05975725236621443
0.059090234270613086
0.05920849989040056
0.05920376926560906
0.060622956703058735
0.06149339166469454
0.06163531040843951
0.061630579783648005
0.061611657284482015
0.06265239473861178
0.06822034011820602
0.06912388945338231
0.06857986760235993
0.06928946132108477
0.06669707893534335
0.06666396456180286
0.0669525326740843
0.06722690891199123
0.06660719706430487
0.06277066035839925
0.06278485223277375
0.0608027204451357
0.061091288557417134
0.0612190154267876
0.062132026011546895
0.06264766411382028
0.0616920779059375
0.05950179862747349
0.060320196716402805
0.060064742977661865
0.060684454825348226
0.06228340600487486
0.06287473410381222
0.062467900371743317
0.062472630996534814
0.06215567913550439
0.06307815096984667
0.06416619467189143
0.06445476278417286
0.06497513151123775
0.06489471088978227
0.06454937528000285
0.06457775902875183
0.06400062280418897
0.06437434216271738
0.06428919091647041
0.06506974400706773
0.06550969211267713
0.06499878463519525
0.06508866650623372
0.06532992837060017
0.06601586896536751
0.06559011273413261
0.06444530153458987
0.0642986521660534
0.06481902089311828
0.06567053335558809
0.06552388398705163
0.061025059810336145
0.06185291914884846
0.06200429914217642
0.062065797264465906
0.06017354734786634
0.06043373171139878
0.06076487544680371
0.05996066923224889
0.05999378360578938
0.06174884540343548
0.061124402930957625
0.060925716689714665
0.06116224792928961
0.06140350979365606
0.06101086793596165
0.06108655793262563
0.06141770166803056
0.06206106663967441
0.06204214414050842
0.06290784847735272
0.06447368528333887
0.06501770713436124
0.06570837835392009
0.06771889389030712
0.06795542512988208
0.06816830324549952
0.06706133704428878
0.06672546268409235
0.06777566138780511
0.06793650263071607
0.06802638450175455
0.06671600143450936
0.0665125845684749
0.06579352960016706
0.06605371396369951
0.06629497582806596
0.06367894031836704
0.0642702684173044
0.06414254154793393
0.06452572215604535
0.06450679965687936
0.06466291027499882
0.0647575227708288
0.0647149471477053
0.0652116627508127
0.06488051901540777
0.0647291390220798
0.06546238586476213
0.0656468802316306
0.0647054858981223
0.06439799528667488
0.06385397343565251
0.06441218716104938
0.06414254154793393
0.06287000347902073
0.0629882690988082
0.06319168596484265
0.0629835384740167
0.06353702157462207
0.0625483209931988
0.06257670474194779
0.062202985383419375
0.06214621788592139
0.06229759787924936
0.06225975288091737
0.0621083728875894
0.06205160539009141
0.062184062884253384
0.06304503659630618
0.0629788078492252
0.0629409628508932
0.06275646848402475
0.062316520378415355
0.062132026011546895
0.06288892597818672
0.05823399118335178
0.05861717179146319
0.058423216175011734
0.05894831552686812
0.060405347962649784
0.06021612297098983
0.05993701610829139
0.05977617486538043
0.06001270610495538
0.059965399857040386
0.06014516359911735
0.05924161426394105
0.060485768584105266
0.06095883106325516
0.06144608541677955
0.06090206356575718
0.06063241795264174
0.06054726670639476
0.06039588671306679
0.060466846084939276
0.06009312672641086
0.060183008597449336
0.060287082342862314
0.06012151047515985
0.06016408609828334
0.06015935547349184
0.0577230837058699
0.058049496816483324
0.05767577745795491
0.05752912808941844
0.05801165181815133
0.05798799869419383
0.05780823495211688
0.05778458182815938
0.05819614618501979
0.05855094304438221
0.05830968118001576
0.0581583011866878
0.05809680306439831
0.058517828670841716
0.05794069244627885
0.05802584369252583
0.058517828670841716
0.058607710541880194
0.05914700176811107
0.05909969552019608
0.058692861788127174
0.05896250740124261
0.05924161426394105
0.05925107551352405
0.05887735615499563
0.058787474283957156
0.05871178428729317
0.05821033805939428
0.05852728992042471
0.057727814330661396
0.057727814330661396
0.05789338619836386
0.05827183618168377
0.05798799869419383
0.057950153695861845
0.05782242682649137
0.05784134932565737
0.057245290601928504
0.057363556221715975
0.05801165181815133
0.05760008746129092
0.05967683174475895
0.05951599050184799
0.059161193642485566
0.059932285483499895
0.05970521549350795
0.05938353300768602
0.05873543741125067
0.05912334864415358
0.058919931778119126
0.05895304615165962
0.05817249306106229
0.058035304942108824
0.05800219056856833
0.05782242682649137
0.05774200620503589
0.05762847121003992
0.057363556221715975
0.05780823495211688
0.0577041612067039
0.05762374058524842
0.05715067810609852
0.057268943725886
0.05743924621837996
0.05724055997713701
0.05736828684650747
0.05713175560693253
0.056720191250072126
0.056573541881535655
0.056710730000489123
0.05625659002050523
0.056521505008829166
0.056389047514667195
0.05669180750132313
0.05649312126008017
0.05707971873422604
0.056989836863187565
0.056720191250072126
0.05693306936568957
0.05647892938570568
0.05619509189821574
0.056502582509663175
0.056138324400717754
0.05624239814613073
0.05605790377926227
0.05636539439070971
0.05542400005720142
0.05542400005720142
0.05540980818282692
0.05520639131679247
0.0554996900538654
0.05489890070534504
0.05450152822285913
0.05440218510223765
0.05408996386599872
0.054071041366832724
0.054118347614747715
0.054156192613079704
0.053919661373504756
0.053460790768729366
0.05338510077206538
0.053129647033324436
0.05245316768814009
0.0519990277081562
0.05214094645190116
0.05186183958920273
0.05190914583711771
0.05171045959587476
0.05118536024401838
0.05107182524902241
0.05036223153029756
0.0502108515369696
0.04994593654864566
0.04982294030406669
0.04902346471430337
0.048678129104523946
0.04854094098557048
0.04864028410619196
0.04863082285660896
0.04841794474099151
0.04841321411620001
0.04841321411620001
0.048020572258505596
0.04783607789163714
0.04776038789497316
0.047732004146224166
0.04793069038746712
0.04766577539914318
0.04828548724682954
0.047249480417491274
0.04685683855979686
0.04641689045418746
0.04638850670543847
0.04629389420960849
0.04619928171377851
0.04699875730354183
0.04720217416957628
0.046880491683754355
0.04663449919459641
0.0466818054425114
0.046913606057294846
0.04710756167374631
