0.0
0.0
0.0
0.0
0.0
0.0
0.0
4.257562312349033e-05
4.257562312349033e-05
4.257562312349033e-05
4.257562312349033e-05
4.257562312349033e-05
0.0008751655864273013
0.0008751655864273013
0.0008751655864273013
0.0008751655864273013
0.0012914605680792069
0.0004162949816519055
0.0004162949816519055
0.0005345606014393787
9.461249582997852e-05
0.00013718811895346885
0.00013718811895346885
0.001021814954963768
0.0010596599532957595
0.0010596599532957595
0.0010596599532957595
0.0014759549349476649
0.0014901468093221617
0.003003946742601818
0.0030323304913508118
0.001537453057237151
0.002242316151170491
0.0028052605013588632
0.00312694298718079
0.003335090478006743
0.0035337767192496978
0.003775038583616143
0.0054780635085557566
0.006684372830387982
0.007048630939333399
0.006329575971025563
0.006353229094983058
0.006655989081638989
0.006968210317877918
0.007289892803699845
0.007904874026594705
0.00806098464471417
0.010431027665255131
0.012654421317259627
0.013165328794741511
0.014092531253875301
0.011523801992091383
0.012015786970407272
0.019703052256593027
0.01986862412429549
0.02021869035886641
0.021770335290478057
0.02003892661678945
0.0207154059619738
0.022702268374403346
0.023023950860225274
0.022910415865229298
0.022777958371067327
0.023506474588958163
0.023894385821861076
0.023752467078116107
0.02338347834437919
0.023818695825197092
0.02400792081685705
0.02449044454558994
0.024551942667879426
0.0268794100652969
0.026974022561126878
0.028227638130874092
0.029419755578331822
0.029221069337088866
0.029060228094177902
0.032248669203648175
0.03228651420198017
0.03320898603632246
0.033190063537156464
0.034060498498792266
0.03398480850212828
0.03370570163942985
0.0339185797550473
0.035035007205841046
0.03283053605300255
0.03338874977839942
0.03300083854549651
0.03669072588286567
0.03810045207073235
0.0405036094648138
0.042225556888919415
0.040498878840022304
0.04012989010628539
0.03933987576610507
0.04056510758710329
0.04150177129582008
0.04131727692895162
0.03847417142926077
0.04151596317019458
0.04241951250537087
0.04021977197732387
0.04087259819855072
0.04255196999953284
0.04386235306677804
0.04479428615070333
0.04560795361484114
0.04718798229520179
0.04674330356480089
0.04636485358148097
0.04655880919793243
0.04787865351476063
0.049094424086175856
0.04967629093553022
0.04903292596388637
0.04828075662203804
0.049264726578669815
0.05165369209837677
0.0612332073011621
0.05602952003051328
0.05651204375924617
0.05780823495211688
0.059979591731414886
0.06086421856742518
0.03902765452986614
0.03791595770386389
0.037939610827821386
0.040408996968983826
0.039874436367544445
0.040243425101281365
0.03473697784397661
0.03536142031645447
0.03606628341038781
0.036056822160804816
0.03682318337702764
0.03704552274222809
0.03712121273889207
0.03822344831531132
0.03981293824525496
0.04036642134586033
0.03933514514131357
0.040309653848362346
0.04083948382501023
0.043318331215755665
0.043583246204079606
0.04453410178717089
0.04497878051757179
0.045432920497555686
0.045333577376934206
0.045130160510899756
0.045262618005061726
0.045300463003393715
0.04648784982605995
0.04866393723014945
0.04884843159701791
0.049548564066159755
0.04957221719011724
0.05004054904447564
0.0515401571033808
0.0515354264785893
0.052273403946063134
0.0510907477481884
0.052476820812097584
0.05338510077206538
0.05360744013726583
0.053749358881010796
0.05523477506554146
0.05511650944575399
0.055736221293440344
0.057732544955452894
0.05585448691322782
0.0559585606586408
0.056119401901551756
0.056658693127782635
0.05704660436068555
0.05661138687986765
0.057207445603596516
0.057145947481307025
0.057377748096090475
0.05749128309108645
0.058517828670841716
0.05865974741458668
0.058702323037710176
0.05915173239290257
0.05944030050518401
0.05957275799934598
0.060589842329518244
0.06224083038175137
0.06237801850070484
0.06259562724111378
0.062349634751955846
0.06304976722109769
0.06340456408046011
0.06318222471525965
0.06299773034839119
0.062132026011546895
0.06190968664634645
0.06182453540009947
0.06243005537341133
0.061658963532397
0.06276119910881625
0.062032682890925415
0.06118117042845561
0.06130416667303458
0.062032682890925415
0.060320196716402805
0.06071283857409722
0.0603249273411943
0.059932285483499895
0.05968629299434195
0.06009312672641086
0.060102587975993854
0.06030127421723681
0.06040061733785829
0.06116224792928961
0.06059930357910124
0.058990891149991606
0.059057119897072595
0.058517828670841716
0.059615333622469464
0.05996066923224889
0.05944030050518401
0.05905238927228109
0.059076042396238586
0.05974306049183994
0.06066553232618223
0.060282351718070816
0.06012151047515985
0.06021612297098983
0.059814019863712424
0.0603627723395263
0.06052834420722876
0.060405347962649784
0.06073649169805471
0.06086894919221668
0.061308897297826084
0.06199483789259343
0.062335442877581346
0.061729922904269485
0.061900225396763445
0.06260035786590529
0.06313491846734466
0.06334779658296212
0.06351809907545608
0.0634471397035836
0.06287473410381222
0.06307815096984667
0.06301192222276569
0.06243951662299432
0.062387479750287834
0.06285108097985473
0.06224083038175137
0.06228340600487486
0.06234017350237285
0.06201849101655092
0.06217460163467038
0.062316520378415355
0.06335725783254512
0.0629788078492252
0.06307342034505518
0.06286054222943772
0.06270443161131826
0.06305449784588918
0.06368367094315855
0.06336671908212811
0.06346606220274958
0.06314911034171916
0.0625672434923648
0.0625388597436158
0.061767767902601474
0.06060876482868424
0.060386425463483794
0.06045738483535627
0.060689185450139724
0.06155488978698403
0.06184345789926546
0.061767767902601474
0.06213675663633839
0.06295988535005921
0.06313018784255317
0.0629882690988082
0.0629788078492252
0.06261928036507128
0.06329575971025563
0.06328156783588114
0.06349917657629009
0.06331941283421312
0.06361744219607755
0.06395804718106549
0.06460141215270933
0.06482375151790978
0.06461560402708383
0.0652258546251872
0.06557592085975811
0.06573676210266907
0.061342011671366575
0.06231178975362385
0.06227394475529186
0.06324845346234063
0.06290311785256122
0.06326737596150664
0.0638350509364865
0.06402427592814647
0.06535831211934916
0.06524477712435318
0.06540088774247266
0.06510758900539972
0.0647575227708288
0.0647811758947863
0.06469602464853931
0.06497040088644625
0.06537250399372366
0.06582191334891606
0.06446895465854736
0.06421350091980642
0.06400535342898046
0.0643175746652194
0.0643223052900109
0.0642797296668874
0.06537723461851516
0.06540561836726415
0.06641324144785342
0.06635647395035543
0.06626186145452545
0.06623820833056797
0.06580299084975007
0.0691806569508803
0.06934149819379126
0.06970575630273668
0.06949287818711922
0.0695638375589917
0.0705005012677085
0.07123847873518233
0.0713709362293443
0.07199537870182215
0.07285635241387496
0.07257724555117652
0.07238802055951657
0.07325372489636087
0.07265293554784051
0.07281377679075147
0.07123374811039083
0.0713898587285103
0.07120536436164183
0.07117698061289283
0.07150339372350627
0.07170207996474923
0.07193861120432417
0.07060457501312146
0.07059984438832997
0.07167842684079173
0.07114859686414385
0.07191968870515818
0.07238802055951657
0.07244478805701456
0.07335779864177384
0.07384505299529824
0.07283269928991747
0.07269078054617249
0.07286108303866645
0.07265293554784051
0.07235490618597608
0.07237382868514207
0.07212783619598412
0.07190076620599217
0.07239275118430806
0.072676588671798
0.07301719365678593
0.07248263305534655
0.07265293554784051
0.0717730393366217
0.07138512810371879
0.07154596934662975
0.07159327559454474
0.07146081810038278
0.07123374811039083
0.07154596934662975
0.07116751936330984
0.07166423496641723
0.07056673001478948
0.07001797753897561
0.0708836818758199
0.07016462690751207
0.06998486316543512
0.07116278873851835
0.07031127627604854
0.07016462690751207
0.07008893691084808
0.070486309393334
0.07027816190250805
0.07008893691084808
0.06964898880523869
0.06989025066960514
0.07095937187248388
0.07112967436497786
0.07148447122434028
0.07127159310872282
0.07102560061956488
0.07112494374018635
0.07082691437832192
0.0709167962493604
0.0708694900014454
0.07098302499644138
0.07145135685079979
0.07065188126103646
0.07112494374018635
0.07085056750227942
0.07112494374018635
0.07067553438499395
0.07142770372684229
0.07146554872517427
0.07167369621600023
0.07113913561456085
0.07211364432160963
0.07200483995140515
0.07204268494973715
0.07217514244389911
0.0717777699614132
0.07172573308870672
0.07121009498643334
0.07125267060955683
0.07112021311539485
0.0709546412476924
0.07016462690751207
0.07070864875853444
0.07076541625603243
0.0713141687318463
0.07149866309871476
0.0713378218558038
0.07073230188249194
0.07053834626604048
0.070457925644585
0.07053361564124899
0.07042008064625302
0.07009839816043109
0.06932257569462526
0.06930365319545927
0.0678229676357201
0.0674114032788597
0.06746817077635768
0.06703768392033128
0.06643216394701942
0.06702822267074829
0.0678418901348861
0.06759116702093665
0.0677993145117626
0.06711337391699526
0.06673965455846685
0.06725056203594873
0.06684845892867132
0.06673492393367535
0.06673492393367535
0.06671600143450936
0.06635174332556394
0.0665125845684749
0.0660442527141165
0.06567053335558809
0.0652069321260212
0.06505082150790173
0.06504136025831873
0.06531573649622567
0.06616724895869548
0.06620509395702746
0.06620509395702746
0.06503189900873574
0.06445949340896437
0.06480955964353528
0.06454937528000285
0.06465344902541582
0.06405739030168696
0.06379720593815452
0.06392020218273349
0.06374516906544803
0.06362690344566055
0.0633998334556686
0.06286527285422923
0.06304030597151469
0.062434785998202826
0.06201849101655092
0.062202985383419375
0.0621131035123809
0.06193807039509544
0.0616542329076055
0.06113859480533212
0.061394048544073064
0.061460277291154046
0.06127105229949409
0.061209554177204605
0.06110074980700013
0.06042900108660728
0.059814019863712424
0.0598944404851679
0.05967683174475895
0.05961060299767797
0.05964371737121846
0.05952072112663949
0.05909969552019608
0.058919931778119126
