0.0
0.0
0.0
0.0
0.0
0.0
0.0
0.0
0.0
0.0
0.0
0.0
0.0
0.0
0.0
0.0
3.784499833199141e-05
3.784499833199141e-05
0.00015137999332796563
0.0001088043702044753
0.00015137999332796563
0.00032641311061342587
0.0004210256064434044
0.00031695186103042805
0.0003642581089454173
0.00022706998999194844
0.00022706998999194844
0.00022706998999194844
0.000255453738740942
0.0002743762379069377
0.00020814749082595274
0.0003689887337369162
0.00040683373206890766
0.00048252372873289044
0.0006764793451843464
0.001083313077253254
0.001083313077253254
0.0011779255730832326
0.0016982943001481144
0.0017692536720205984
0.0018260211695185855
0.002053091159510534
0.0022943530238769792
0.002417349268455951
0.0028431054996908545
0.005061768526903851
0.005250993518563808
0.005326683515227791
0.005534831006053743
0.007933257775343698
0.007947449649718196
0.008032600895965176
0.008056254019922672
0.008207634013250637
0.008595545246153549
0.008538777748655562
0.008595545246153549
0.011131160134396974
0.011202119506269457
0.012337469456229199
0.013278863789737486
0.013553240027644423
0.013893845012632345
0.015076501210507078
0.015185305580711553
0.015431298069869497
0.016486227398373757
0.016415268026501274
0.016226043034841316
0.01928675727494112
0.019405022894728594
0.019750358504508018
0.01991119974741898
0.020630254715726815
0.021779796540061055
0.02189333153505703
0.022096748401091482
0.02206836465234249
0.022181899647338466
0.02179871903922705
0.023288865848549212
0.024991890773488828
0.025446030753472723
0.025351418257642745
0.02704971255779086
0.035403995939577965
0.03529992219416499
0.035555375932905926
0.025621063870758184
0.025535912624511204
0.026273890091985035
0.030763253019117517
0.032433163570516635
0.03253723731592961
0.02960898056999178
0.029845511809566724
0.029784013687277237
0.029131187466050385
0.02923999183625486
0.021987944030887007
0.021969021531721013
0.022177169022546964
0.02238531651337292
0.02250831275795189
0.022867840242105808
0.02361054833437114
0.023866002073112083
0.024216068307683
0.02431068080351298
0.02523788326264677
0.025247344512229767
0.026590841953015462
0.02801949064004814
0.028227638130874092
0.028468899995240538
0.025696753867422165
0.02572040699137966
0.026430000710104498
0.02633538821427452
0.026377963837398013
0.02639215571177251
0.02638269446218951
0.026273890091985035
0.02612251009865707
0.026245506343236042
0.026226583844070044
0.026169816346572058
0.0259995138540781
0.026236045093653043
0.026240775718444544
0.026169816346572058
0.02621712259448705
0.026411078210938504
0.026633417576138952
0.02704025130820786
0.027111210680080346
0.027371395043612787
0.027489660663400257
0.026832103817381908
0.02956167432207679
0.029755629938528243
0.029760360563319745
0.02981712806081773
0.02968467056665576
0.029925932431022206
0.02972724618977925
0.02977455243769424
0.02986916493352422
0.0299637774293542
0.02998743055331169
0.030361149911840107
0.0334833622742294
0.03341240290235691
0.033440786651105905
0.033507015398186894
0.03556483718248893
0.037722002087412436
0.03801530082448537
0.03818087269218783
0.0383227914359328
0.03767942646428894
0.03776930833532743
0.037740924586578434
0.03808626019635785
0.03968521137588449
0.03982713011962946
0.03976090137254847
0.039524370132973524
0.039973779488165925
0.010677020154413077
0.010781093899826052
0.01097031889148601
0.011741410732500334
0.012961911928707057
0.013671505647431897
0.016661260515659217
0.016812640508987182
0.017295164237720075
0.01767361422103999
0.01793379858457243
0.018439975437262814
0.02003419599199795
0.020256535357198402
0.020497797221564848
0.02123577468903868
0.02154799592527761
0.022172438397755467
0.022134593399423474
0.022267050893585445
0.02319898397751073
0.016315924905879797
0.017815532964784955
0.018028411080402408
0.01815140732498138
0.01912118540723866
0.019182683529528146
0.02020922910928341
0.025871786984707625
0.026505690706768482
0.026590841953015462
0.02902238309584591
0.029703593065821758
0.029897548682273213
0.029888087432690214
0.030545644278708567
0.031132241752854433
0.03245208606968263
0.03308125916695199
0.034779553467100106
0.0352384240718755
0.035621604679986915
0.03593855654101734
0.03608520590955381
0.03622239402850728
0.036279161526005264
0.036458925268082226
0.03603789966163882
0.03606628341038781
0.03667180338369967
0.037826075832825413
0.03912226702569612
0.039973779488165925
0.039888628241918946
0.04048941759043931
0.041151705061249155
0.04276484811515029
0.043318331215755665
0.04554645549255166
0.04550387986942817
0.04556064736692616
0.04552280236859416
0.04559376174046665
0.0471217535481208
0.04863555348140046
0.04909915471096735
0.049047117838260865
0.049534372191785254
0.04969521343469622
0.04954383344136825
0.05004527966926714
0.05014935341468012
0.051786149592538744
0.05209837082877767
0.05227813457085463
0.05244370643855709
0.0559254462851003
0.05670126875090613
0.057950153695861845
0.058219799308977284
0.058839511156663644
0.05898616052520011
0.05962006424726096
0.059563296749762976
0.061171709178872616
0.06162584915885651
0.062046874765299916
0.06184345789926546
0.06175357602822698
0.0620894503884234
0.06263820286423728
0.06241113287424533
0.06250101474528381
0.061867111023222954
0.0625388597436158
0.06245370849736882
0.06428919091647041
0.06365528719440955
0.06356540532337107
0.06379720593815452
0.06321060846400865
0.06461560402708383
0.06465817965020731
0.06460141215270933
0.06469602464853931
0.06506028275748472
0.06545765523997064
0.06514543400373171
0.0669336101749183
0.06747763202594068
0.06755805264739616
0.06939353506649774
0.0709309881237349
0.07130470748226331
0.0708836818758199
0.07105398436831387
0.07234071431160158
0.0722129874422311
0.07188184370682618
0.07113913561456085
0.07113913561456085
0.07295096490970494
0.0740058942382092
0.07410996798362217
0.07389235924321322
0.0739917023638347
0.07651785600249512
0.07622928789021369
0.07628605538771169
0.07633336163562666
0.0753304691798289
0.07683480786352556
0.07816411342993676
0.07843375904305219
0.07846687341659268
0.077094992227058
0.0775349403326674
0.07745451971121192
0.0775254790830844
0.07808369280848128
0.0783959140447202
0.07821141967785174
0.0775538628318334
0.07716595159893049
0.07569945791356582
0.07614413664396671
0.0762103653910477
0.0766266603726996
0.07859460028596316
0.07802219468619179
0.07995228960112336
0.08025504958777928
0.08028816396131977
0.07963060711530143
0.07968264398800791
0.07926161838156451
0.07960222336655243
0.07886424589907859
0.07871286590575063
0.07918592838490052
0.07867975153221014
0.07914808338656854
0.07923323463281551
0.07920958150885801
0.0779890803126513
0.07802692531098329
0.07780931657057434
0.07771470407474436
0.07790392906640431
0.07830130154889023
0.07615359789354971
0.07563322916648484
0.07559538416815284
0.07462087546110406
0.07446949546777609
0.07433703797361413
0.07410996798362217
0.07393493486633672
0.07383559174571523
0.07337672114093984
0.07294623428491344
0.07344768051281232
0.07363690550447229
0.07309761427824141
0.07316384302532239
0.07348079488635281
0.07330576176906736
0.07333414551781635
0.07350444801031031
0.07363690550447229
0.07374097924988526
0.07367948112759577
0.07324899427156938
0.07319695739886288
0.07314965115094789
0.07154596934662975
0.07147027934996578
0.07034912127438053
0.07020247190584407
0.06950707006149372
0.06943611068962123
0.06938407381691475
0.06471021652291381
0.06415673342230843
0.06438853403709188
0.0643175746652194
0.0643364971643854
0.06449260778250486
0.06477644526999479
0.06467710214937332
0.06459668152791784
0.06455883652958584
0.0647575227708288
0.06465817965020731
0.06450679965687936
0.0634282172044176
0.06318222471525965
0.06280850535673124
0.06295988535005921
0.06279431348235674
0.06316330221609366
0.06302138347234869
0.06331468220942163
0.06505082150790173
0.06496567026165476
0.06483794339228428
0.06466764089979032
0.06445476278417286
0.06463925715104132
0.06513124212935721
0.0647811758947863
0.06508866650623372
0.06541034899205565
0.06529681399705968
0.06555699836059212
0.06547184711434513
0.06540088774247266
0.06541507961684714
0.06692414892533531
0.06668288706096887
0.06629970645285745
0.06655989081638988
0.06678223018159034
0.06665450331221986
0.0660631752132825
0.06568472522996259
0.06558065148454961
0.0651880096268552
0.06509812775581672
0.06515016462852322
0.06414254154793393
0.06501770713436124
0.06492782526332276
0.0652069321260212
0.06619563270744447
0.06633282082639794
0.06614832645952948
0.06620982458181897
0.06528735274747668
0.06530627524664268
0.06548603898871963
0.06583137459849905
0.06577933772579257
0.06567053335558809
0.06550969211267713
0.0656610721060051
0.0655995739837156
0.06527316087310218
0.06528262212268518
0.06625713082973396
0.06584556647287355
0.06569418647954559
0.06550496148788564
0.06536304274414066
0.06522112400039569
0.0651548952533147
0.06447368528333887
0.06479063714436929
0.0647811758947863
0.0647386002716628
0.06467237152458181
0.0647338696468713
0.06435068903875989
0.06447368528333887
0.06424188466855542
0.06402427592814647
0.06407631280085295
0.06414254154793393
0.06457302840396034
0.06455883652958584
0.0647054858981223
0.06420877029501493
0.06399589217939747
0.06426080716772141
0.06438380341230038
0.06445476278417286
0.0643459584139684
0.06411888842397645
0.06351336845066458
0.06264293348902877
0.0625577822427818
0.06246316974695182
0.06242532474861983
0.062349634751955846
0.0621083728875894
0.062179332259461886
0.062132026011546895
0.06215567913550439
0.061796151651350474
0.06171573102989499
0.061394048544073064
0.061195362302830104
0.06091625544013167
0.06083110419388469
0.0607601448220122
0.0612379379259536
0.06115278667970662
0.06109601918220863
0.06094463918888066
0.06074595294763771
0.06074595294763771
0.06056145858076925
0.06039588671306679
0.06044792358577328
0.06053307483202026
0.06041007858744128
0.06025396796932182
0.06015935547349184
0.060116779850368354
0.060050551103287365
0.059918093609125395
