0.0
0.0
0.0
0.0
0.0
0.0
0.00011353499499597422
0.00011353499499597422
0.00011353499499597422
0.00011353499499597422
0.00011353499499597422
0.00011353499499597422
0.00023180061478344737
0.00023180061478344737
0.00011826561978747315
0.00011826561978747315
0.00015611061811946457
0.00015611061811946457
0.0006007893485203636
0.0006007893485203636
0.0007710918410143249
0.0009745087070487788
0.00114481119954274
0.0012536155697472154
0.0012346930705812197
0.001272538068913211
0.001272538068913211
0.001225231820998222
0.0014523018109901702
0.001154272449125738
0.0011921174474577294
0.0012299624457897207
0.001343497440785695
0.0014475711861986714
0.002100397407425523
0.002795799251775865
0.002795799251775865
0.002866758623648349
0.00343443359862822
0.003453356097794216
0.003647311714245672
0.003647311714245672
0.003704079211743659
0.003916957327361111
0.004087259819855072
0.004077798570272074
0.005208417895440317
0.005127997273984836
0.0055301003812622445
0.006712756579136976
0.006883059071630938
0.010166112676931191
0.010237072048803676
0.008434704003242584
0.008524585874281065
0.008581353371779052
0.008245479011582627
0.013931690010964337
0.014158760000956285
0.014329062493450248
0.013950612510130333
0.014745357475102153
0.015076501210507078
0.015114346208839068
0.016022626168806862
0.016353769904211786
0.01694982862794065
0.018123023576232387
0.022934068989186793
0.023023950860225274
0.023161138979178743
0.02360581770957964
0.022943530238769792
0.03331779040652694
0.03362055039318287
0.03602843841205582
0.03633119839871175
0.04134566067770061
0.03837482830863929
0.038431595806137274
0.03857351454988224
0.038795853915082695
0.03910807515132162
0.039354067640479565
0.04232963063433239
0.042495202502034854
0.04270808061765231
0.04382923869323755
0.043838699942820546
0.044325954296344935
0.04247154937807736
0.04267496624411181
0.042864191235771766
0.04287365248535477
0.04357378495449661
0.042211365014544915
0.045839754229624594
0.045972211723786564
0.04604790172045055
0.05014462278988861
0.050929906505277435
0.051161707120060886
0.05136985461088684
0.05211256270315217
0.05387235512558977
0.05317695328123943
0.0559301769098918
0.0647338696468713
0.061597465410107514
0.06171100040510349
0.06643216394701942
0.06682007517992233
0.06316803284088517
0.0678371595100946
0.06704241454512277
0.06679642205596484
0.06686265080304582
0.06712756579136976
0.06708499016824628
0.06664977268742837
0.06704714516991428
0.0682345319925805
0.0682629157413295
0.06890155008818186
0.0691428119525483
0.06924215507316978
0.06950707006149372
0.0700132469141841
0.07013151253397158
0.07052888501645749
0.07515070543775194
0.07594545040272375
0.07595964227709825
0.07602587102417924
0.07696726535768753
0.07684899973790005
0.07723691097080297
0.08337726195016858
0.08345768257162406
0.08350498881953904
0.083732058809531
0.08357121756662003
0.08350025819474755
0.08386451630369296
0.08401589629702093
0.0841341619168084
0.08400170442264643
0.08424296628701287
0.08391655317639946
0.0837084056855735
0.08376990380786298
0.08330630257829609
0.08291839134539318
0.08344822132204105
0.083656368812867
0.08366109943765851
0.08125321141878555
0.081494473283152
0.08071392019255468
0.08031181708527727
0.08049631145214572
0.08054361770006072
0.08022193521423879
0.08160800827814797
0.08247844323978377
0.08238383074395379
0.08293258321976767
0.08291366072060168
0.07993336710195735
0.07939880650051798
0.07946503524759896
0.07949814962113945
0.07990025272841686
0.07935150025260299
0.07963533774009292
0.07958330086738644
0.0797346808607144
0.07939407587572647
0.07954545586905444
0.07817830530431125
0.07827764842493273
0.0823649082447878
0.08260143948436274
0.08318803695850861
0.08340564569891756
0.08182088639376542
0.08213783825479586
0.08913916294621427
0.08863771671831537
0.08842956922748943
0.08837753235478293
0.08781931862938606
0.08880801921080934
0.08887424795789033
0.08872286796456236
0.08884113358434984
0.08949395980557669
0.08978725854264961
0.0898960629128541
0.08872759858935386
0.08858567984560889
0.08886005608351583
0.08915335482058875
0.08991498541202009
0.08974468291952613
0.09131998097509526
0.0916322022113342
0.09221406906068856
0.09170316158320668
0.09178358220466216
0.08873705983893686
0.08843903047707243
0.08855729609685989
0.08836807110519994
0.08858094922081738
0.08858094922081738
0.08869448421581336
0.08855729609685989
0.08576622746987553
0.08573784372112654
0.08603114245819947
0.08773416738313908
0.08864717796789838
0.08889317045705632
0.08684954054712879
0.08706714928753774
0.08666977680505182
0.0867880424248393
0.08703876553878874
0.0872090680312827
0.08673127492734131
0.08692049991900126
0.08695834491733326
0.08713810865941021
0.08731314177669568
0.08734152552544468
0.08771524488397309
0.08784297175334356
0.08672181367775832
0.08560065560217307
0.0854208918600961
0.08403008817139543
0.08382194068056947
0.0823649082447878
0.08241221449270279
0.08266766823144374
0.08267712948102673
0.08324007383121511
0.0832826494543386
0.08098829643046161
0.08135255453940703
0.08140932203690501
0.08121536642045356
0.08091260643379763
0.08096464330650412
0.08098829643046161
0.08114440704858107
0.08131470954107504
0.07920012025927502
0.07960222336655243
0.08028816396131977
0.0806618833198482
0.08131470954107504
0.08123901954441105
0.08154177953106699
0.08203376450938288
0.07927581025593901
0.07945084337322446
0.07983402398133588
0.07978671773342089
0.07953599461947145
0.07914335276177703
0.07932311650385399
0.07938934525093498
0.07914335276177703
0.0792805408807305
0.07934203900301999
0.07950288024593095
0.07948868837155645
0.08093625955775513
0.08093625955775513
0.08086056956109114
0.08099302705525312
0.08086056956109114
0.0810734476767086
0.08177831077064193
0.08187292326647191
0.08183980889293142
0.08266766823144374
0.08403481879618692
0.0840773944193104
0.08403481879618692
0.08346714382120705
0.08168369827481195
0.08117279079733007
0.08140932203690501
0.0814424364104455
0.08209526263167236
0.08163166140210547
0.08159381640377347
0.08167423702522895
0.08212837700521286
0.08170262077397795
0.08197699701188489
0.08220406700187684
0.08196280513751039
0.08208107075729787
0.08074703456609517
0.08098829643046161
0.08089368393463163
0.0806334995710992
0.08065242207026518
0.08069972831818018
0.08025031896298779
0.0801273227184088
0.08028343333652828
0.07995702022591485
0.08022666583903029
0.08047738895297973
0.0801888208406983
0.08001378772341283
0.0801131308440343
0.08042535208027324
0.08046319707860523
0.08049158082735422
0.0801273227184088
0.08000905709862134
0.08019828209028129
0.07994755897633185
0.07990025272841686
0.07984348523091887
0.08027870271173677
0.08033547020923476
0.08043008270506474
0.0801557064671578
0.08009420834486831
0.08025031896298779
0.08035439270840075
0.08030235583569427
0.08019355146548979
0.08049631145214572
0.08052469520089472
0.08069972831818018
0.08071392019255468
0.08053888707526921
0.08085110831150814
0.08052469520089472
0.08023612708861329
0.08001378772341283
0.08019355146548979
0.08024558833819628
0.08020774333986429
0.0801273227184088
0.0796779133632164
0.07938934525093498
0.07921904275844102
0.07947922712197346
0.07694834285852153
0.07698618785685352
0.07687738348664905
0.07682534661394255
0.07624821038937969
0.07694834285852153
0.07683007723873406
0.07712810660059849
0.07719433534767947
0.07693415098414703
0.07696253473289602
0.07698145723206203
0.07670708099415509
0.07680169348998507
0.07013151253397158
0.07019301065626106
0.07033492940000603
0.06936042069295725
0.06937461256733175
0.06929419194587627
0.06930838382025077
0.06939353506649774
0.06900562383359483
0.06906712195588433
0.06892047258734785
0.06929892257066776
0.06932257569462526
0.06943611068962123
0.06946449443837023
0.06926107757233578
0.06926107757233578
0.06928473069629328
0.0691428119525483
0.0691759263260888
0.07106817624268837
0.07073703250728344
0.0695732988085747
0.0695874906829492
0.06996594066626911
0.07026397002813355
0.0700416306629331
0.06973414005148566
0.06936988194254025
0.06924215507316978
0.06938407381691475
0.06935569006816575
0.06925161632275278
0.06945976381357873
0.06963006630607269
0.0695732988085747
0.06926107757233578
0.06845687135778096
0.06841429573465747
0.06636593519993843
0.06628551457848295
0.06638958832389592
0.06617671020827848
0.06588814209599704
0.0665315070676409
0.06488524964019927
0.06498932338561225
0.06449260778250486
0.06451153028167085
0.06457775902875183
0.06471021652291381
0.06457775902875183
0.06405265967689545
0.06411888842397645
0.06404319842731246
0.06413781092314244
0.06419930904543192
0.06380666718773752
0.0638728959348185
0.0643128440404279
0.06405265967689545
0.0642986521660534
0.06468656339895631
0.06453518340562835
0.06424188466855542
0.06408577405043595
0.06409523530001895
0.063887087809193
0.06376882218940552
0.06374989969023953
0.06396750843064848
0.06418984779584892
0.06334306595817062
0.06349444595149858
0.06334779658296212
0.06338091095650261
0.06409050467522745
0.06285581160464623
0.06286527285422923
0.06283215848068874
0.06269023973694376
0.06272335411048426
0.06261454974027979
0.0625388597436158
0.0625293984940328
0.0625057453700753
0.06507920525665073
0.06512651150456572
0.06502716838394423
0.06500351525998674
0.0647386002716628
0.06444530153458987
0.06448787715771336
0.06425607654292992
0.06424661529334691
0.06406685155126995
0.06369786281753304
0.06372624656628204
0.06361744219607755
0.06364582594482655
0.06358432782253706
0.06366001781920105
0.06347079282754109
0.06367894031836704
0.06404319842731246
0.06409050467522745
0.06407158217606146
0.06392966343231649
0.06409523530001895
0.06414254154793393
0.06400535342898046
0.0634471397035836
0.06332414345900463
0.06325318408713214
0.06331468220942163
0.06316803284088517
0.06324372283754914
0.06317749409046816
0.06277066035839925
0.06287473410381222
0.06271389286090126
0.06277539098319075
0.06271862348569276
0.06259089661632229
0.06266185598819478
0.06329575971025563
0.0638350509364865
0.06374043844065654
0.06396277780585698
