0.0
0.0
0.0
0.0
0.0
0.0
0.0
0.0
0.0
0.0
0.0
0.0
0.0
0.0
0.0
0.0
0.0
0.0
0.0
0.0
9.461249582997852e-06
1.8922499165995704e-05
1.8922499165995704e-05
3.784499833199141e-05
3.784499833199141e-05
3.784499833199141e-05
3.784499833199141e-05
3.784499833199141e-05
6.622874708098497e-05
6.622874708098497e-05
0.0001088043702044753
0.00016557186770246242
0.0001844943668684581
0.0001844943668684581
0.0001844943668684581
0.00020341686603445383
0.00020341686603445383
0.00016557186770246242
0.00019395561645145596
0.00019395561645145596
0.00019395561645145596
0.00023180061478344737
0.00022233936520044953
0.00027910686269843666
0.00037371935852841513
0.0004021031072774087
0.0003642581089454173
0.0004872543535243894
0.000510907477481884
0.000510907477481884
0.0005818668493543679
0.0006480955964353528
0.0006480955964353528
0.0006055199733118625
0.0006812099699758453
0.0006812099699758453
0.0006812099699758453
0.0019963236620125467
0.0020247074107615404
0.0019963236620125467
0.002308544898251476
0.0025166923890774288
0.0024646555163709404
0.002549806762617921
0.0027390317542778783
0.0028052605013588632
0.0030228692417678137
0.003141134861555287
0.003335090478006743
0.0033634742267557366
0.0035621604679986914
0.003514854220083702
0.003514854220083702
0.0036946179621606613
0.0037324629604926526
0.0037986917075736376
0.003879112329029119
0.003926418576944109
0.004058876071106079
0.004725894166707427
0.004683318543583937
0.004910388533575886
0.0049529641566993755
0.004971886655865372
0.005028654153363358
0.005189495396274322
0.004896196659201388
0.005028654153363358
0.004796853538579911
0.004730624791498926
0.004867812910452395
0.004867812910452395
0.0051753035218998255
0.005487524758138755
0.005653096625841216
0.005005001029405863
0.0050239235285718595
0.005057037902112352
0.005407104136683273
0.005501716632513251
0.005700402873756206
0.005922742238956656
0.006130889729782608
0.006239694099987083
0.006168734728114599
0.006419457842064043
0.006566107210600509
0.006883059071630938
0.00686886719725644
0.006954018443503422
0.007233125306201858
0.007691995910977254
0.008056254019922672
0.008141405266169651
0.008264401510748623
0.008169789014918645
0.008245479011582627
0.008245479011582627
0.008212364638042136
0.008647582118860037
0.008628659619694041
0.008780039613022006
0.00894088085593297
0.009139567097175925
0.009054415850928945
0.008969264604681964
0.009167950845924918
0.00898345647905646
0.009172681470716417
0.00942340458466586
0.00995796518610524
0.010336415169425153
0.010539832035459606
0.010837861397324039
0.010842592022115538
0.011069662012107486
0.011362960749180421
0.011580569489589371
0.011268348253350442
0.011632606362295858
0.011438650745844403
0.011694104484585344
0.01167045136062785
0.010501987037127616
0.010402643916506138
0.01070540390316207
0.01075271015107706
0.01092301264357102
0.01096558826669451
0.011083853886481984
0.011173735757520464
0.01141026699709541
0.012786878811421596
0.012985565052664553
0.013685697521806393
0.014234449997620269
0.014556132483442195
0.014825778096557635
0.014797394347808641
0.015005541838634593
0.015313032450082023
0.015431298069869497
0.01638215365296078
0.016424729276084273
0.01691198362960866
0.017016057375021636
0.017299894862511572
0.017441813606256542
0.01696875112710665
0.01696875112710665
0.017257319239388082
0.017366123609592558
0.017465466730214034
0.01730462548730307
0.01740396860792455
0.017503311728546026
0.017474927979797033
0.01735666236000956
0.01743708298146504
0.017517503602920523
0.01756954047562701
0.017687806095414486
0.017678344845831487
0.017820263589576453
0.01814194607539838
0.018378477314973326
0.018468359186011807
0.019007650412242685
0.018870462293289217
0.01907387915932367
0.01912118540723866
0.01942867601868609
0.01943813726826909
0.019707782881384524
0.020105155363870437
0.020171384110951422
0.019475982266601077
0.01974089725492502
0.01991119974741898
0.01986389349950399
0.019930122246584976
0.01991593037221048
0.01999162036887446
0.020171384110951422
0.020143000362202425
0.019901738497835983
0.01968886038221853
0.019707782881384524
0.020114616613453432
0.019475982266601077
0.01972197475575902
0.018652853552880266
0.024111994562270027
0.02388019394748658
0.024211337682891503
0.024372178925802467
0.026363771963023516
0.026231314468861545
0.02651042133155998
0.02651042133155998
0.026396886336564007
0.026434731334896
0.02695510006196088
0.02700240630987587
0.02722001505028482
0.027768767526098696
0.026675993199262445
0.026851026316547903
0.027101749430497347
0.02709228818091435
0.02699767568508437
0.02700240630987587
0.026940908187586383
0.026983483810709873
0.02704971255779086
0.02611304884907407
0.026959830686752378
0.02716324755278683
0.027026059433833363
0.027030790058624864
0.027153786303203836
0.02708755755612285
0.027721461278183708
0.027943800643384156
0.028000568140882143
0.02805260501358863
0.028265483129206084
0.028639202487734498
0.028487822494406533
0.028577704365445013
0.028818966229811456
0.02885208060335195
0.028880464352100944
0.028908848100849937
0.028785851856270965
0.028918309350432936
0.02866758623648349
0.028724353733981477
0.028837888728977454
0.028752737482730474
0.02880950498022846
0.029367718705625333
0.029036574970220407
0.029225799961880364
0.029192685588339873
0.029192685588339873
0.02941502495354032
0.029315681832918845
0.02932987370729334
0.029410294328748823
0.02937244933041683
0.03168099422866831
0.03177087609970679
0.03194117859220075
0.03180399047324728
0.031813451722830274
0.03208782796073722
0.03210201983511171
0.03200267671449023
0.032262861078022675
0.0321398648334437
0.031841835471579275
0.03195063984178375
0.031709377977417304
0.03140188736596987
0.03118900925035242
0.030943016761194476
0.03183237422199627
0.0317235698517918
0.03167153297908531
0.03162422673117032
0.03139242611638687
0.03145392423867636
0.031695186103042804
0.031505961111382846
0.03133092799409739
0.03132619736930589
0.0312694298718079
0.030952478010777475
0.030687563022453533
0.03051726052995957
0.030115157422682164
0.02985970368394122
0.029689401191447258
0.029784013687277237
0.029646825568323768
0.029258914335420858
0.02932987370729334
0.029325143082501844
0.026004244478869596
0.026221853219278547
0.02616508572178056
0.02617454697136356
0.02611304884907407
0.02717270880236983
0.026841565066964907
0.026732760696760432
0.026439461959687497
0.02634484946385752
0.02634011883906602
0.026288081966359532
0.026264428842402036
0.02603262822761859
0.025923823857414114
0.02590490135824812
0.025578488247634694
0.0255501044988857
0.025389263255974737
0.025474414502221716
0.025313573259310752
0.02498242952390583
0.024954045775156836
0.024873625153701354
0.02472224516037339
0.024731706409956384
0.02472224516037339
0.024566134542253922
0.024424215798508956
0.024405293299342958
0.024324872677887476
0.024239721431640496
0.024145108935810518
0.023927500195401567
0.023894385821861076
0.02388019394748658
0.02391330832102707
0.023894385821861076
0.023492282714583666
0.023501743964166665
0.023842348949154588
0.023733544578950112
0.023927500195401567
0.0237808508268651
0.023813965200405594
0.0237903120764481
0.02353012771291566
0.023577433960830646
0.023473360215417672
0.023463898965834673
0.02347809084020917
0.02357270333603915
0.023534858337707156
0.023449707091460176
0.023378747719587693
0.0233456333460472
0.022829995243773816
0.022829995243773816
0.0237808508268651
0.023615278959162638
0.023411862093128184
0.02346862959062617
0.023430784592294182
0.023440245841877178
0.023497013339375164
0.023454437716251674
0.023449707091460176
0.023449707091460176
0.02348755208979217
0.023369286470004694
0.023326710846881205
0.02321790647667673
0.02325102085021722
0.023184792103136235
0.023170600228761738
0.023005028361059277
0.02307598773293176
0.023236828975842724
0.023246290225425723
0.02321317585188523
0.023359825220421696
0.02320844522709373
0.02329359647334071
0.023232098351051226
0.02351120521374966
0.02356797271124765
0.02351120521374966
0.02462763266454341
0.024561403917462424
0.024438407672883453
0.02470332266120739
0.024603979540585914
0.02462763266454341
0.02439110142496846
0.024381640175385466
0.02427283580518099
0.024187684558934008
0.024211337682891503
0.02457559579183692
0.02453775079350493
0.024424215798508956
0.024201876433308504
0.02431068080351298
0.024376909550593965
0.024078880188729532
0.02427283580518099
0.02400792081685705
0.02413091706143602
0.02366258520707763
0.023482821465000667
0.02343551521708568
0.023104371481680756
0.02308071835772326
0.021472305928613624
0.021481767178196623
0.02140134655674114
0.021354040308826153
0.021330387184868658
0.021656800295482084
0.021600032797984097
0.021779796540061055
0.021552726550069106
0.021666261545065083
0.021746682166520565
0.021770335290478057
0.02163787779631609
0.02153853467569461
0.021377693432783645
0.02123577468903868
0.021434460930281635
0.02145338342944763
0.021382424057575147
0.021221582814664183
0.021302003436119665
0.021604763422775595
0.02167099216985658
0.02166153092027358
0.021387154682366644
0.021212121565081184
0.0211411621932087
0.02118373781633219
0.021429730305490134
0.02132565656007716
0.02131619531049416
0.021297272811328163
0.021330387184868658
0.02127361968737067
0.021122239694042706
0.020980320950297737
0.020890439079259256
0.020824210332178274
0.02083840220655277
0.020734328461139793
0.0207154059619738
0.02078636533384628
0.020545103469479836
0.020597140342186324
0.020507258471147843
0.020232882233240906
0.020114616613453432
0.019835509750754998
0.019613170385554546
0.019665207258261035
0.01965574600867804
0.019665207258261035
0.019613170385554546
0.01959897851118005
0.019395561645145595
0.019177952904736645
0.019352986022022105
0.019300949149315617
0.01916849165515365
0.019135377281613155
0.01898399728828519
0.019083340408906666
0.01912118540723866
0.019229989777443134
0.019300949149315617
0.019466521017018082
0.01929621852452412
0.019452329142643585
0.019485443516184076
0.019490174140975574
0.01911645478244716
0.018832617294957225
0.01873327417433575
0.018553510432258787
0.01867650667683776
0.018572432931424784
0.0185062041843438
0.0184967429347608
