0.0
0.0
0.0
0.0
0.0
0.0
0.0
0.0
0.0
0.0
0.0
0.0
3.784499833199141e-05
0.00011353499499597422
0.00011353499499597422
0.00013245749416196994
0.0006433649716438539
0.0006859405947673443
0.0007237855930993357
0.0013387668159941962
0.0035526992184156934
0.0036851567125776633
0.003983186074442095
0.005927472863748154
0.006447841590813036
0.007767685907641236
0.007862298403471215
0.008628659619694041
0.009063877100511942
0.010246533298386673
0.010899359519613525
0.011027086388983996
0.013241018791405493
0.014092531253875301
0.01501973371300909
0.015871246175478897
0.01721001299147309
0.017692536720205983
0.019400292269937097
0.020072040990329942
0.0202707272315729
0.02404576581518904
0.02651988258114298
0.025119617642859297
0.026851026316547903
0.029528559948536297
0.030110426797890662
0.029698862441030257
0.0299448549301882
0.030337496787882612
0.030597681151415052
0.03104709050660745
0.03155326735929784
0.032031060463239225
0.03232435920031216
0.034732247219185115
0.028866272477726447
0.029107534342092893
0.028336442501078567
0.026936177562794886
0.027404509417153278
0.027622118157562228
0.027584273159230236
0.027948531268175654
0.02942448620312332
0.021770335290478057
0.023090179607306256
0.023317249597298206
0.023932230820193065
0.027499121912983256
0.0273146275461148
0.029277836834586853
0.028785851856270965
0.029873895558315718
0.03096193926036047
0.031207931749518414
0.02405522706477204
0.025393993880766234
0.026983483810709873
0.028033682514422637
0.03226759170281417
0.03320898603632246
0.02960424994520028
0.029452869951872313
0.03158638173283833
0.034954586584385564
0.03617035715580079
0.042192442515378924
0.044108345555935985
0.046525694824391936
0.05338983139685688
0.05444003010056964
0.05421296011057769
0.05600586690655578
0.05871178428729317
0.06005528172807886
0.05962479487205247
0.06170626978031199
0.06387762655961
0.0642986521660534
0.06424188466855542
0.06778039201259661
0.0665031233188919
0.06801219262738006
0.06767631826718364
0.06792704138113308
0.06900562383359483
0.06938407381691475
0.07213729744556713
0.07271916429492149
0.07446476484298459
0.0793089246294795
0.08136674641378153
0.08517016874614666
0.08614940807798695
0.08650420493734937
0.08964060917411315
0.09065296287949393
0.09067188537865992
0.0903549335176295
0.09036439476721249
0.09384140398896419
0.09674600761094454
0.09092733911740086
0.09191130907403264
0.09226610593339506
0.0942482377210331
0.09241748592672303
0.09362852587334675
0.09465507145310201
0.09389344086167069
0.09386978773771319
0.09620198575992216
0.09737991133300539
0.0982266931706837
0.09807058255256423
0.10170843301722692
0.10113602741745555
0.10646271093268334
0.10847322646907037
0.10839280584761489
0.11043170513275093
0.11110818447793527
0.11507244805321137
0.11950031285805437
0.11929689599201991
0.12163855526381188
0.12361595642665843
0.12401805953393584
0.12473238387745218
0.1246235795072477
0.12608534256782086
0.12616103256448485
0.12665774816759223
0.12705985127486966
0.12888587244438823
0.12925486117812515
0.12922647742937615
0.12783094311588397
0.12801543748275243
0.12793501686129696
0.1285878430825238
0.12930689805083165
0.12903725243771622
0.12966642553498556
0.12966642553498556
0.12919336305583567
0.12835131184294887
0.12885748869563923
0.1290277911881332
0.1290798280608397
0.1294913924177001
0.13240072666447195
0.13264671915362988
0.13181412919032606
0.13812951328697715
0.13852215514467156
0.13870664951154002
0.13886276012965948
0.12960492741269608
0.1294866617929086
0.12930689805083165
0.13033817425537841
0.13005906739267997
0.1307923142353623
0.13065985674120034
0.13142621795742315
0.13195131730927953
0.1313032217128442
0.13190874168615604
0.13230611416864196
0.13188981918699005
0.13026721488350593
0.12972319303248356
0.12973738490685804
0.13044224800079138
0.1303807498785019
0.13143094858221466
0.13240072666447195
0.13190874168615604
0.1317289779440791
0.12608061194302939
0.12521490760618506
0.12497837636661013
0.12142567714819444
0.11991187721491478
0.11909820975077696
0.11926851224327092
0.11977468909596131
0.11914551599869196
0.11960438660346735
0.11998283658678727
0.11990241596533179
0.12016260032886422
0.11948612098367987
0.1211323784111215
0.12095734529383603
0.12152502026881591
0.12124591340611747
0.12165747776297788
0.12143986902256892
0.12251372085023919
0.1220406583710893
0.1237957201687354
0.12458100388412421
0.1246377713816222
0.1246756163799542
0.12484591887244816
0.12439177889246426
0.12400859828435284
0.12410321078018283
0.125621741338254
0.12617049381406786
0.12411267202976582
0.12451004451225173
0.12388087141498237
0.12452896701141773
0.12441543201642176
0.1246898082543287
0.12529059760284905
0.1255980882142965
0.12537101822430455
0.11752291169520782
0.11722961295813489
0.11686535484918947
0.11796759042560871
0.11769794481249328
0.11942462286139038
0.11898467475578099
0.11862041664683556
0.121118186536747
0.11919755287139844
0.11900359725494698
0.11819466041560067
0.11791555355290223
0.11915024662348345
0.11942462286139038
0.11877652726495504
0.11796759042560871
0.11658624798649103
0.11694104484585345
0.11650109674024405
0.11649163549066105
0.11510083180196037
0.11447165870469102
0.11464196119718498
0.11380937123388116
0.11311396938953082
0.11316127563744581
0.11323696563410979
0.1150109499309219
0.11520490554737335
0.11486903118717692
0.11353026437118273
0.11303827939286684
0.11307139376640733
0.11287743814995588
0.11268348253350442
0.11119333572418226
0.1110324944812713
0.11150082633562969
0.1105215870037894
0.11078177136732185
0.10997756515276703
0.10916862831342071
0.10754602400993658
0.10759806088264308
0.10692631216225022
0.10649109468143232
0.10656678467809631
0.10654313155413882
0.10634444531289586
0.10442854227233879
0.1052705934852256
0.10339253544300053
0.10358176043466048
0.10297624046134862
0.10238491236241126
0.10215311174762781
0.10200646237909135
0.0775444015822504
0.0766077378735336
0.07685373036269155
0.07721798847163697
0.07669288911978059
0.07632863101083517
0.07585083790689379
0.07581299290856179
0.07565215166565083
0.07516962793691793
0.07417619673070316
0.07404846986133269
0.0739775104894602
0.07376463237384276
0.07350444801031031
0.07368894237717877
0.07319695739886288
0.07300300178241143
0.07349498676072731
0.07325372489636087
0.07311180615261591
0.07334833739219085
0.07272389491971298
0.07285635241387496
0.07282323804033447
0.07274281741887899
0.07254413117763603
0.07271916429492149
0.07211837494640112
0.07231233056285258
0.07034912127438053
0.0695969519325322
0.07082691437832192
0.07110129061622886
0.07122428686080783
0.07154123872183826
0.07020720253063556
0.07010785941001409
0.07031600690084004
0.07070391813374295
0.07061403626270447
0.07175411683745571
0.07184399870849419
0.07162165934329374
0.07160746746891924
0.07157435309537875
0.0713614749797613
0.0713141687318463
0.07270497242054699
0.0727002417957555
0.07258197617596802
0.07204268494973715
0.07216568119431611
0.0735612155078083
0.0735801380069743
0.07331522301865036
0.07318749614927988
0.07325372489636087
0.07389235924321322
0.07386397549446423
0.07458303046277207
0.07440326672069511
0.07428027047611614
0.07420458047945215
0.0696111438069067
0.07005582253730759
0.06998959379022661
0.07064715063624497
0.07038223564792102
0.07033966002479754
0.07015516565792908
0.06998486316543512
0.07175411683745571
0.0709546412476924
0.07117698061289283
0.07066607313541096
0.07074649375686644
0.07039642752229552
0.07027816190250805
0.07023558627938456
0.06875963134443688
0.06919484882525478
0.0687454394700624
0.06787973513321809
0.06804057637612905
0.06800746200258856
0.06937461256733175
0.06955910693420021
0.0696158744316982
0.06947868631274473
0.06945976381357873
0.06928000007150177
0.06975306255065167
0.07001797753897561
0.06989498129439663
0.07058565251395547
0.07068972625936845
0.07039169689750402
0.06863663509985791
0.06857986760235993
0.06821560949341451
0.06812572762237604
0.06799800075300556
0.06821087886862301
0.068248723866955
0.06819668699424852
0.06763847326885164
0.06729786828386372
0.06672546268409235
0.06658354394034738
0.06593071771912053
0.06581245209933306
0.06530154462185117
0.06488524964019927
0.0647196777724968
0.06468183277416481
0.06445476278417286
0.06463452652624983
0.0647811758947863
0.0647480615212458
0.06450679965687936
0.06441691778584088
0.06417565592147444
0.06267604786256926
0.06282742785589723
0.06240640224945383
0.062264483505708866
0.062202985383419375
0.062098911638006404
0.06220771600821088
0.0625152066196583
0.062098911638006404
0.062302328504040855
0.06214148726112989
0.0616636941571885
0.06157381228615002
0.06145081604157105
0.06120482355241311
0.058905739903744626
0.05932203488539653
0.05882058865749765
0.05879693553354015
0.05861717179146319
0.05847525304771822
0.05836644867751375
0.0607790673211782
0.060755414197220706
0.06154069791260953
0.06190968664634645
0.06046211546014777
0.060499960458479767
0.060774336696386703
0.060821642944301695
0.06065134045180773
0.060689185450139724
0.06047630733452227
0.06093517793929767
0.06087841044179968
0.0607601448220122
0.06041480921223279
0.06032965796598581
0.05950652925226499
0.05993701610829139
0.06054253608160325
0.06015462484870034
0.05968156236955045
0.06096829231283816
0.060689185450139724
0.06030127421723681
0.0607837979459697
0.06086421856742518
0.0607837979459697
0.0607601448220122
0.060405347962649784
0.060287082342862314
0.060925716689714665
0.06086894919221668
0.06056618920556075
0.06050942170806276
0.06064660982701623
0.06083110419388469
0.06085948794263368
0.060537805456811755
0.060551997331186255
0.06052361358243726
0.06045738483535627
0.06051888295764576
0.060585111704726746
0.06089733294096567
0.060102587975993854
0.060235045470155825
0.060017436729746874
0.06001270610495538
0.059761982991005935
0.05954910487538848
0.05995593860745739
0.059795097364546426
0.05963898674642696
0.06032965796598581
0.0603438498403603
