0.0
0.0
0.0
0.0
0.0
0.0
0.0
0.0
0.0
0.0
1.4191874374496777e-05
0.00035006623457092053
0.0004210256064434044
0.0014759549349476649
0.0017692536720205984
0.007531154668066291
0.00788595152742871
0.00828332400991462
0.008510393999906569
0.009546400829244833
0.009674127698615304
0.010303300795884662
0.010601330157749092
0.011306193251682433
0.011807639479581319
0.01303760192537104
0.01325994129057149
0.013908036887006843
0.012980834427873053
0.010823669522949542
0.011433920121052904
0.012181358838109734
0.01194009697374329
0.012119860715820248
0.012167166963735238
0.012498310699140163
0.013132214421201018
0.014083070004292302
0.014504095610735707
0.014873084344472624
0.01528464870133303
0.016022626168806862
0.01616927553734333
0.017413429857507545
0.017990566082070416
0.01888938479245521
0.01832170981747534
0.01955167226326506
0.020407915350526367
0.020630254715726815
0.021415538431115638
0.022579272129824374
0.019352986022022105
0.020299110980321892
0.021240505313830177
0.020507258471147843
0.02142026905590714
0.020450490973649857
0.031354581118054885
0.0343727197350312
0.03505392970500704
0.03550333906019944
0.03629808402517126
0.03167153297908531
0.03244262482009964
0.033440786651105905
0.03184656609637077
0.04548022674547068
0.04655407857314093
0.047150137296869794
0.0444867955392559
0.04520585050756374
0.04611886109232303
0.047381937911653245
0.04848890411286399
0.04925053470429532
0.04968102156032172
0.05413253948912221
0.05512124007054549
0.05603898128009628
0.05578825816614683
0.05529154256303945
0.05644581501216518
0.05742032371921396
0.057633201834831414
0.05632754939237771
0.05634647189154371
0.05645054563695669
0.056587733755910155
0.057093910608600536
0.06329575971025563
0.0656610721060051
0.0652258546251872
0.06596856271745252
0.06548130836392814
0.0647054858981223
0.06464871840062432
0.06593071771912053
0.062084719763631904
0.061143325430123616
0.060987214812004156
0.060991945436795654
0.061644771658022506
0.06320587783921715
0.06599694646620152
0.06617197958348697
0.06362690344566055
0.06371678531669904
0.05875435991041666
0.05876855178479116
0.05861244116667169
0.059445031129975505
0.059530182376222485
0.05975725236621443
0.058655016789795185
0.05908077302103009
0.05918484676644306
0.06012624109995135
0.06009312672641086
0.05938826363247752
0.060149894223908845
0.06069391607493122
0.061176439803664114
0.06240640224945383
0.061677886031562996
0.0621225647619639
0.061952262269469933
0.06265712536340327
0.061744114778643985
0.06248209224611782
0.06383978156127801
0.06357013594816256
0.06358905844732857
0.06358905844732857
0.06374043844065654
0.06503662963352723
0.06561849648288161
0.06559484335892411
0.06158800416052452
0.0621225647619639
0.062368557251121844
0.062264483505708866
0.06278485223277375
0.06373570781586503
0.06439326466188339
0.06524950774914469
0.0647433308964543
0.06558538210934112
0.06490417213936527
0.06667815643617736
0.0669714551732503
0.0669714551732503
0.06829603011487
0.06821560949341451
0.06047630733452227
0.06131362792261758
0.06096356168804666
0.06113859480533212
0.06188603352238895
0.06144608541677955
0.06120482355241311
0.06110074980700013
0.05953491300101398
0.059468684253933
0.05917065489206857
0.059932285483499895
0.06052361358243726
0.06039115608827529
0.06047630733452227
0.060537805456811755
0.0616731554067715
0.06195699289426143
0.06224083038175137
0.06193807039509544
0.06379247531336302
0.06331468220942163
0.05527735068866495
0.05488943945576204
0.0546292550922296
0.05440218510223765
0.05456775696994011
0.054643446966604094
0.053768281380176794
0.05317695328123943
0.05321006765477992
0.05309180203499245
0.05472859821285107
0.05492255382930253
0.05521585256637546
0.05517327694325198
0.05533411818616294
0.05422242136016069
0.05433122573036517
0.054288650107241675
0.05447787509890163
0.055258428189498957
0.055480767554699405
0.055466575680324905
0.055442922556367416
0.05535304068532893
0.05689995499214908
0.05660192563028465
0.056270781894879725
0.05633228001716921
0.056147785650300756
0.0541798457370372
0.05427918885765868
0.054775904460766064
0.05437853197828015
0.05448733634848463
0.05470494508889358
0.05444476072536114
0.054761712586391564
0.05471440633847658
0.05488943945576204
0.056540427507995164
0.05673911374923812
0.05700402873756206
0.05620455314779874
0.05533411818616294
0.05803057431731733
0.05880166615833165
0.05894831552686812
0.05934095738456253
0.05968156236955045
0.059478145503515996
0.06051888295764576
0.06064187920222473
0.06029654359244531
0.060840565443467685
0.06082637356909319
0.06051888295764576
0.06059457295430974
0.060282351718070816
0.06024450671973882
0.06051888295764576
0.060670262950973726
0.060708107949305715
0.060887871691382676
0.059965399857040386
0.05975725236621443
0.05587340941239381
0.05622820627175623
0.057817696201699874
0.05806368869085782
0.05871178428729317
0.05488470883097054
0.0555233431778229
0.055447653181158914
0.05554699630178039
0.05566053129677637
0.05680061187152761
0.058640824915420685
0.0585604042939652
0.05904765864748959
0.05879220490874865
0.05893885427728512
0.05911861801936208
0.05911388739457058
0.05930311238623054
0.05923215301435805
0.05845633054855223
0.058437408049386234
0.05832387305439026
0.0585745961683397
0.057179061854847515
0.0554854981794909
0.055447653181158914
0.056138324400717754
0.05611467127676026
0.056086287528011265
0.05563214754802737
0.05517327694325198
0.05533884881095444
0.056100479402385765
0.05634174126675221
0.05553753505219739
0.05618090002384125
0.05923215301435805
0.05935514925893703
0.058905739903744626
0.05889154802937013
0.05876382115999966
0.05879220490874865
0.05951125987705649
0.05905238927228109
0.05879220490874865
0.059005083024366106
0.05886316428062114
0.058569865543548205
0.0585604042939652
0.058437408049386234
0.05824818305772628
0.05801638244294283
0.05786027182482337
0.0581441093123133
0.05806368869085782
0.05775146745461889
0.057581164962124926
0.0576946999571209
0.05707025748464304
0.05713175560693253
0.056975644988813065
0.05570783754469135
0.055225313815958466
0.054761712586391564
0.05444003010056964
0.05454883447077412
0.05434068697994816
0.05451098947244212
0.05448733634848463
0.054189306986620195
0.0541798457370372
0.0541751151122457
0.05311545515894994
0.052973536415204976
0.052964075165621974
0.05258562518230206
0.05320533702998842
0.05365001576038932
0.053380370147273884
0.05339456202164838
0.05331887202498439
0.05312491640853294
0.05273700517563003
0.05256670268313607
0.05205579520565418
0.051682075847125766
0.05142189148359332
0.05115697649526939
0.05070283651528549
0.05138877711005283
0.051431352733176325
0.050759604012783476
0.050996135252358424
0.0506649915169535
0.050679183391327993
0.05072175901445149
0.04992701404947966
0.04959587031407474
0.049501257818244764
0.04867339847973245
0.04848890411286399
0.048209797250165554
0.04759008540247919
0.04706971667541431
0.046861569184588364
0.04674330356480089
0.046308086083982986
0.046237126712110506
0.04628916358481699
0.04925053470429532
0.04882004784826892
0.04879639472431142
0.048909929719307396
0.04871597410285594
0.04938772282324879
0.04927418782825281
0.04925053470429532
0.0493262247009593
0.04917484470763134
0.04891939096889039
0.04855040223515348
0.04806314788162909
0.04762793040081119
0.0475758935281047
0.04726367229186577
0.04729205604061476
0.04729205604061476
0.0467007279416774
0.04691833668208635
0.044728057403622346
0.04461925303341787
0.044411105542591915
0.04407996180718699
0.043403482462002645
0.0436163605776201
0.0436163605776201
0.04372516494782457
0.043635283076786095
0.043266294343049176
0.04364947495116059
0.043602168703245604
0.04344132746033464
0.043687319949492584
0.044042116808855
0.04398534931135702
0.04366366682553509
0.04390965931469303
0.04384343056761204
0.04399954118573151
0.0435927074536626
0.043218988095134185
0.04352647870658162
0.04415092117905948
0.04429757054759594
0.044070500557603996
0.04411780680551899
0.04433541554592794
0.04467602053091586
0.04420295805176597
0.044543563036753886
0.04485578427299282
0.04473278802841384
0.044543563036753886
0.04440164429300892
0.04438745241863442
0.04469967365487335
0.044477334289672904
0.04443475866654941
0.04460033053425187
0.044780094276328834
0.04457194678550288
0.04410361493114449
0.04430230117238744
0.044259725549263954
0.04444421991613241
0.04399481056094001
0.04399481056094001
0.044051578058438
0.04376300994615656
0.043706242448658575
0.043502825582624124
0.04345551933470913
0.043148028723261705
0.042845268736605775
0.04265604374494582
0.04255670062432434
0.04254723937474134
0.04232016938474939
0.042211365014544915
0.04222082626412792
0.04150177129582008
0.04133146880332612
0.04004473886003841
0.03984605261879545
0.0396284438783865
0.04023869447648987
0.04018665760378338
0.0405272625887713
0.04028127009961335
0.03999743261212342
0.03991701199066794
0.039940665114625434
0.039794015746088963
0.039841321994003955
0.03989808949150194
0.03978455449650597
0.03928783889339858
0.03908915265215562
0.038999270781117146
0.039018193280283144
0.03927837764381558
0.039453410761101045
0.039401373888394556
0.03900400140590864
0.03928783889339858
0.0387769314159167
0.03858297579946524
0.03866812704571222
0.03863028204738023
0.03854513080113325
0.03853566955155025
0.03854513080113325
0.038445787680511774
0.03819979519135383
0.038176142067396335
0.03823764018968582
0.03827548518801781
0.038261293313643314
0.03807206832198336
0.0382991383119753
0.038143027693855844
0.0382991383119753
0.038176142067396335
0.038346444559890294
0.038038953948442866
0.03805787644760886
0.03784026770719991
0.03759427521804196
0.03737666647763301
0.03720636398513905
0.03709282899014308
0.03736247460325852
0.03722055585951355
0.03689414274890013
0.03645419464329072
0.03643527214412473
0.03660557463661869
0.03638323527141824
0.03680899150265314
0.03665761150932518
0.03662449713578469
0.03626970027642227
0.0360993977839283
0.03596694028976633
0.03590071154268535
0.035744600924565884
0.03572094780060839
0.035744600924565884
