0.0
0.0
0.0
0.0
0.0
1.8922499165995704e-05
1.8922499165995704e-05
1.8922499165995704e-05
1.8922499165995704e-05
1.8922499165995704e-05
0.00018922499165995705
0.00028383748748993557
0.00028383748748993557
0.00028383748748993557
0.00044940935519239796
0.0005392912262308776
0.0005392912262308776
0.0009839699566317765
0.0009839699566317765
0.0009839699566317765
0.0009839699566317765
0.0009839699566317765
0.0010549293285042605
0.001083313077253254
0.001480685559739164
0.001650988052233125
0.001736139298480106
0.001736139298480106
0.0018070986703525897
0.0018070986703525897
0.0019395561645145596
0.0021477036553405123
0.002237585526378992
0.002284891774293981
0.0023369286470004695
0.002417349268455951
0.002493039265119934
0.002493039265119934
0.0026775336319883923
0.0029046036219803405
0.0033445517275897405
0.003505392970500704
0.0035385073440411968
0.003713540461326657
0.004035222947148584
0.004200794814851046
0.0045272079254644725
0.004735355416290425
0.004792122913788412
0.003997377948816593
0.003968994200067599
0.004091990444646571
0.0039500717009016036
0.004016300447982588
0.003997377948816593
0.004252831687557535
0.0045177466758814745
0.004498824176715478
0.004555591674213466
0.0038223448315311322
0.0038034223323651366
0.003912226702569611
0.004167680441310554
0.004300137935472524
0.004574514173379462
0.004716432917124429
0.004716432917124429
0.004702241042749932
0.004777931039413915
0.004792122913788412
0.0048015841633714095
0.004740086041081924
0.004721163541915928
0.004806314788162909
0.004863082285660896
0.0048914660344098896
0.0048914660344098896
0.004986078530239868
0.005203687270648819
0.007289892803699845
0.007346660301197832
0.007559538416815284
0.007597383415147275
0.007767685907641236
0.0077960696563902305
0.007748763408475241
0.007777147157224234
0.007819722780347725
0.007814992155556226
0.007881220902637211
0.007616305914313271
0.007762955282849738
0.007867029028262714
0.007777147157224234
0.007682534661394256
0.007360852175572329
0.007351390925989331
0.0075737302911897805
0.007876490277845712
0.007876490277845712
0.007994755897633186
0.008131944016586654
0.0057240559977137
0.006007893485203636
0.006140350979365606
0.006140350979365606
0.006069391607493122
0.006178195977697597
0.006509339713102523
0.0066228747080984965
0.00682629157413295
0.00612142848019961
0.0061876572272805954
0.0064714947147705305
0.006362690344566055
0.0065424540866430144
0.006878328446839438
0.007010785941001408
0.0072094721822443635
0.007436542172236312
0.007876490277845712
0.008131944016586654
0.008292785259497617
0.00850093275032357
0.00850566337511507
0.008477279626366076
0.00849620212553207
0.008699618991566524
0.008784770237813506
0.008936150231141471
0.008406320254493591
0.008567161497404555
0.00889830523280948
0.009096991474052435
0.00946598020778935
0.009711972696947294
0.009882275189441257
0.00974035644569629
0.010151920802556695
0.010360068293382648
0.010993972015443504
0.011897521350619798
0.01272538068913211
0.012763225687464103
0.012749033813089606
0.012663882566842624
0.012853107558502582
0.01295245067912406
0.013122753171618021
0.013099100047660526
0.013676236272223394
0.013822885640759862
0.014144568126581788
0.014414213739697227
0.014546671233859198
0.01457978560739969
0.014679128728021167
0.01470751247677016
0.015010272463426092
0.01545495119382699
0.015568486188822965
0.01572459680694243
0.016226043034841316
0.01648149677358226
0.016590301143786734
0.016987673626272643
0.016940367378357656
0.017441813606256542
0.01731408673688607
0.01775876546728697
0.01784391671353395
0.01809937045227489
0.018827886670165727
0.019542211013682063
0.018160868574564375
0.01809937045227489
0.01826967294476885
0.018520396058718296
0.01916849165515365
0.019305679774107118
0.019826048501172
0.019792934127631508
0.019934852871376474
0.022801611495024823
0.023227367726259728
0.02329832709813221
0.023407131468336687
0.02391330832102707
0.024036304565606043
0.02405522706477204
0.02487835577849285
0.024769551408288376
0.025166923890774285
0.02550279825097071
0.025351418257642745
0.02540818575514073
0.025781905113669148
0.02629281259115103
0.026538805080308973
0.026888871314879895
0.027286243797365807
0.027584273159230236
0.02647257633322799
0.026988214435501374
0.027229476299867817
0.027248398799033815
0.027489660663400257
0.027948531268175654
0.02809991126150362
0.028402671248159553
0.02839794062336805
0.028781121231479467
0.030228692417678137
0.031108588628896938
0.03139242611638687
0.03178033734928978
0.0321587873326097
0.032381126697810146
0.03246154731926563
0.03292987917362403
0.03289203417529203
0.032381126697810146
0.033024491669454
0.033085989791743486
0.032986646671122014
0.03322790853548846
0.03318060228757347
0.03374827726255334
0.03400373100129428
0.03409834349712426
0.034363258485448196
0.0343727197350312
0.034297029738367214
0.03427337661440972
0.03450990785398467
0.03497823970834306
0.03517692594958601
0.035337767192496976
0.0357020253014424
0.03623185527809027
0.03629808402517126
0.03672857088119766
0.03672384025640616
0.037017138993479096
0.03722055585951355
0.03721109460993055
0.037272592732220035
0.03732936022971803
0.03761319771720796
0.03808626019635785
0.04048941759043931
0.04104290069104468
0.04123212568270464
0.04166261253873104
0.04213567501788094
0.04213094439308943
0.041856568155182496
0.04191333565268048
0.04203633189725946
0.041941719401429475
0.04205052377163395
0.04216878939142143
0.04257089249869884
0.042481010627660354
0.03945814138589254
0.03941556576276905
0.039637905127969504
0.0396284438783865
0.03971359512463348
0.03979874637088046
0.040058930734412905
0.03990755074108494
0.039973779488165925
0.0400636613592044
0.0400873144831619
0.04024815572607286
0.04060295258543528
0.03894723390841066
0.03897561765715965
0.037958533326987384
0.03796799457657038
0.038161950193021835
0.03863028204738023
0.03880531516466569
0.03907969140257263
0.03939664326360306
0.03945814138589254
0.03927364701902408
0.03909388327694713
0.039216879521526096
0.03914592014965361
0.03907023015298963
0.03914592014965361
0.03937772076443706
0.039306761392564574
0.03944394951151804
0.03954329263213952
0.03989335886671044
0.03986497511796145
0.03998324073774892
0.039718325749424986
0.03977509324692297
0.03968048075109299
0.039623713253595004
0.03955748450651402
0.03951017825859903
0.03977509324692297
0.03978455449650597
0.04062660570939278
0.04065972008293327
0.040730679454805754
0.04075433257876325
0.04061714445980978
0.04082529195063573
0.0409766719439637
0.04117535818520665
0.04127943193061963
0.04113751318687466
0.04161530629081605
0.04145919567269659
0.04169572691227153
0.041724110661020525
0.04179507003289301
0.04159165316685856
0.04173357191060353
0.04164369003956504
0.041785608783310016
0.041568000042901065
0.04163422878998205
0.04188968252872299
0.042074176895591446
0.042443165629328365
0.042481010627660354
0.04223028751371091
0.042731733741609795
0.04258981499786483
0.042760117490358796
0.0427033499928608
0.04281215436306528
0.042760117490358796
0.042745925615984295
0.04290203623410376
0.04268442749369481
0.04275538686556729
0.04281215436306528
0.042613468121822325
0.04242424313016237
0.0422775937616259
0.04222082626412792
0.04211675251871494
0.04282634623743978
0.04305814685222323
0.04306760810180622
0.04305814685222323
0.04398534931135702
0.043890736815527034
0.04380085494448856
0.043857622441986543
0.043753548696573566
0.04387654494115254
0.04394750431302502
0.04367785869990958
0.04357851557928811
0.04372989557261607
0.04391912056427603
0.044155651803850976
0.044141459929476476
0.04395223493781652
0.043904928689901535
0.0440279249344805
0.043975888061774014
0.04280269311348228
0.042613468121822325
0.04267023561932031
0.04255670062432434
0.04260873749703083
0.042679696868903313
0.042745925615984295
0.0427222724920268
0.04260873749703083
0.04259927624744783
0.04255670062432434
0.042660774369737316
0.04258508437307333
0.04265604374494582
0.04258981499786483
0.04260400687223933
0.04260873749703083
0.0427033499928608
0.042797962488690784
0.04282161561264828
0.042566161873907334
0.042566161873907334
0.04250466375161785
0.042395859381413374
0.04241951250537087
0.04218771189058742
0.042107291269131944
0.04202687064767646
0.04203160127246796
0.04203160127246796
0.042055254396425455
0.04223028751371091
0.042561431249115836
0.042698619368069304
0.042731733741609795
0.04240532063099637
0.04236274500787288
0.04231543875995789
0.0423012468855834
0.04236747563266438
0.04214513626746393
0.042140405642672435
0.04205998502121695
0.041993756274135964
0.04194645002622098
0.042490471877243356
0.04258981499786483
0.04265604374494582
0.04259454562265633
0.04276484811515029
0.04268442749369481
0.04265131312015432
0.042646582495362816
0.04275065624077579
0.042760117490358796
0.04278850123910779
0.042864191235771766
0.04285472998618877
0.04270808061765231
0.04302976310347423
0.04312910622409571
0.04305341622743172
0.04292095873326975
0.04289257498452076
0.04280742373827378
0.0427175418672353
0.042745925615984295
0.042930419982852755
0.042495202502034854
0.04257089249869884
0.04244789625411986
0.042495202502034854
0.04246208812849436
0.04251885562599235
0.04253304750036684
0.04243370437974537
0.042481010627660354
0.042343822508706885
0.04233909188391539
0.04238639813183038
0.04241478188057937
0.04240532063099637
0.041738302535395025
0.04179980065768451
0.041771416908935516
0.0423059775103749
0.0422634018872514
0.04225394063766841
0.042272863136834406
0.0422634018872514
0.042490471877243356
0.042575623123490336
0.042660774369737316
0.04258508437307333
0.042646582495362816
0.04241478188057937
0.042272863136834406
0.04237220625745588
0.042410051255787874
0.04240532063099637
0.04236274500787288
0.042192442515378924
0.04220663438975342
0.04223501813850241
0.04220663438975342
0.04218298126579592
0.04220663438975342
0.042395859381413374
0.04201267877330196
0.04197010315017847
0.04241951250537087
0.04284053811181428
0.04282161561264828
0.042897305609312264
0.042897305609312264
0.042783770614316284
0.04260873749703083
0.04285946061098027
0.042793231863899286
0.04240059000620487
0.04238639813183038
0.04210256064434044
0.04223028751371091
0.04222082626412792
0.04206944627079995
0.04204579314684245
0.04214986689225543
0.042140405642672435
0.042358014383081385
