0.0
0.0
0.0
0.0
0.0
0.0
0.0
0.0
3.784499833199141e-05
3.784499833199141e-05
3.784499833199141e-05
3.784499833199141e-05
3.784499833199141e-05
3.784499833199141e-05
3.784499833199141e-05
3.784499833199141e-05
3.784499833199141e-05
5.676749749798711e-05
7.568999666398282e-05
7.568999666398282e-05
0.00011353499499597422
0.0006433649716438539
0.00017030249249396133
0.0004919849783158883
0.0004919849783158883
0.0004919849783158883
0.0004919849783158883
0.0005298299766478798
0.0005487524758138754
0.0005298299766478798
0.0005960587237288647
0.0006528262212268517
0.0007190549683078368
0.0007190549683078368
0.0007190549683078368
0.0007285162178908346
0.0007285162178908346
0.0008515124624698067
0.0007994755897633185
0.0008278593385123121
0.001092774326836252
0.001092774326836252
0.0011495418243342391
0.0022092017776299986
0.0026680723824053943
0.002762684878235373
0.002762684878235373
0.002828913625316358
0.0028478361244823535
0.0028478361244823535
0.0030370611161423104
0.0036047360911221817
0.0036047360911221817
0.0036189279654966783
0.0037371935852841516
0.0049529641566993755
0.005066499151695349
0.0044373260544259925
0.0044373260544259925
0.005123266649193337
0.0053976428871002746
0.006329575971025563
0.006457302840396034
0.006532992837060016
0.006769524076634963
0.006537723461851516
0.008349552756995605
0.008349552756995605
0.008349552756995605
0.008784770237813506
0.011159543883145967
0.01127307887814194
0.013070716298911532
0.013733003769721383
0.015488065567367483
0.015256264952584036
0.015667829309444443
0.01606993241672185
0.01622131241004982
0.017337739860843564
0.019272565400566623
0.01929148789973262
0.01943813726826909
0.019986889744082963
0.020497797221564848
0.020327494729070885
0.02105128032217022
0.022120401525048978
0.02221028339608746
0.01705390237335363
0.016964020502315148
0.01739923798313305
0.01754115672687802
0.01749858110375453
0.01831697919268384
0.01921106727827714
0.023374017094796192
0.02413091706143602
0.025077042019735808
0.025218960763480774
0.02540818575514073
0.025696753867422165
0.02674695257113493
0.02678479756946692
0.027380856293195782
0.02242789213649641
0.022669154000862852
0.022886762741271806
0.023336172096464203
0.02351120521374966
0.023709891454992617
0.023970075818525057
0.02364366270791163
0.024504636419964438
0.024523558919130432
0.025289920135353257
0.026505690706768482
0.026936177562794886
0.026974022561126878
0.02725786004861681
0.027806612524430688
0.027853918772345675
0.02779715127484769
0.02770253877901771
0.02726259067340831
0.02956167432207679
0.02955694369728529
0.03003946742601818
0.03013881054663966
0.030148271796222655
0.030072581799558674
0.02977455243769424
0.02998743055331169
0.030067851174767173
0.030630795524955547
0.03146811611305086
0.031789798598872786
0.031813451722830274
0.03211621170948621
0.030862596139738994
0.029755629938528243
0.029192685588339873
0.02523315263785527
0.02488781702807585
0.024977698899114328
0.023884924572278077
0.024902008902450347
0.025379802006391738
0.025043927646195313
0.026094126349908077
0.02668545444884544
0.030555105528291562
0.030980861759526468
0.0326081966878021
0.03211621170948621
0.03326102290902895
0.033724624138595845
0.03388546538150681
0.03277849918029606
0.03292514854883252
0.03296299354716452
0.033067067292577496
0.033577974770059374
0.034330144111907705
0.03462344284898064
0.03509650532813053
0.035437110313118456
0.03729624585617753
0.03601424653768132
0.03603316903684732
0.03716378836201556
0.035356689691662974
0.03541818781395246
0.03489781908688758
0.03546549406186745
0.03714486586284957
0.03763212021637396
0.03900873203070014
0.03848363267884376
0.042140405642672435
0.03939664326360306
0.041132782562083164
0.041586922542067056
0.041672073788314036
0.04210256064434044
0.0431669512224277
0.04510177676215076
0.04634593108231498
0.046795340437507375
0.0471170229233293
0.048559863484736475
0.048961966592013885
0.05125158899109936
0.05113805399610339
0.05188076208836872
0.05295461391603898
0.05317222265644793
0.05538615505886942
0.05635120251633521
0.05841848555022024
0.05841848555022024
0.060939908564089165
0.06105344355908514
0.061677886031562996
0.06175357602822698
0.06282742785589723
0.06363636469524356
0.06556645961017511
0.06594017896870354
0.06613413458515499
0.06611521208598899
0.0665125845684749
0.06718906391365925
0.06700930017158228
0.06803584575133756
0.05137458523567834
0.051417160858801825
0.05204160333127968
0.05039534590383806
0.05116643774485238
0.04949179656866176
0.049009272839928876
0.0493309553257508
0.05003108779489264
0.05009258591718213
0.05063660776820451
0.05158746335129579
0.051866570213994226
0.05176249646858125
0.05182399459087073
0.051852378339619726
0.05228759582043763
0.052259212071688634
0.053281027026652404
0.054468413849318636
0.05532465693657994
0.05554226567698889
0.056587733755910155
0.056535696883203666
0.057765659328993385
0.05793123119669585
0.05995593860745739
0.06024450671973882
0.06241586349903683
0.06322006971359165
0.06529681399705968
0.06526843024831068
0.06506028275748472
0.06529208337226818
0.06583610522329056
0.06592125646953753
0.06655516019159839
0.0665220458180579
0.06688630392700332
0.06709445141782927
0.06892520321213935
0.06928473069629328
0.06998013254064361
0.0708789512510284
0.07097829437164989
0.07084583687748791
0.0709546412476924
0.07435596047278012
0.07435122984798861
0.0744363810942356
0.07447895671735909
0.0735659461325998
0.07374570987467675
0.07378828549780025
0.07363217487968078
0.07361798300530628
0.07362271363009779
0.07371732612592777
0.07381193862175774
0.08437069315638335
0.08577095809466703
0.08616833057715294
0.08766320801126659
0.0876726692608496
0.088055849868961
0.08826872798457847
0.08824980548541246
0.0885762185960259
0.08844376110186392
0.08799435174667153
0.08848633672498742
0.08881748046039234
0.08891682358101381
0.0889735910785118
0.08865190859268987
0.08900670545205229
0.08916754669496325
0.0894135391841212
0.08928108168995923
0.09009474915409704
0.08469237564220528
0.08704349616358024
0.08845322235144693
0.09006163478055655
0.09135309534863575
0.09153758971550421
0.09126321347759728
0.09295677715295389
0.09403062898062416
0.09436177271602908
0.09452734458373153
0.09484902706955346
0.09398332273270917
0.09406847397895614
0.094702377701017
0.09430027459373959
0.09486794956871947
0.09510921143308591
0.0951896320545414
0.09533155079828635
0.09626821450700314
0.0951517870562094
0.09872340877379109
0.10239437361199426
0.10429135415338532
0.10551658597438354
0.10566796596771151
0.105701080341252
0.10625929406664887
0.10700200215891421
0.10718176590099117
0.10737572151744262
0.10888952145072228
0.11021409639234198
0.11025667201546546
0.1118603538197836
0.11162382258020866
0.11253683316496794
0.11459938557406148
0.11458046307489549
0.1136911056140937
0.11338834562743776
0.11134944634230172
0.11113656822668427
0.1127875562789174
0.11342619062576975
0.11372421998763418
0.11386613873137914
0.11391344497929413
0.1158151561454767
0.11656259486253354
0.11610372425775814
0.11623618175192012
0.11663355423440602
0.1166855911071125
0.11815208479247717
0.1180290885478982
0.11767902231332729
0.11810004791977069
0.11829873416101365
0.11737626232667135
0.11813316229331118
0.1215912490158969
0.12315708582188303
0.12315235519709154
0.12306720395084456
0.12478442075015866
0.12554605134159
0.12491214761952914
0.12566431696137748
0.12537101822430455
0.12550820634325802
0.1326088741552979
0.13256629853217441
0.1325615679073829
0.13271294790071086
0.13288325039320484
0.13319074100465225
0.1343781278273185
0.13456735281897844
0.1343213603298205
0.13415105783732653
0.1342645928323225
0.13404225346712206
0.1339618328456666
0.1348086146833449
0.13469981031314043
0.13454843031981245
0.13467142656439143
0.1347518471858469
0.13467615718918294
0.13441124220085898
0.13573581714247868
0.13578785401518517
0.13704146958493238
0.13776052455324023
0.13771321830532524
0.13760441393512077
0.1378456757994872
0.13893845012632347
0.13944935760380534
0.1401021838250322
0.13995553445649572
0.1405042869323096
0.1413463381451964
0.14116657440311944
0.1409868106610425
0.13992242008295525
0.13977577071441877
0.1377747164276147
0.13756656893678876
0.13752872393845678
0.13776998580282324
0.1379734026688577
0.13732057644763082
0.13839915890009258
0.1391276751179834
0.13924594073777088
0.1399981100796192
0.13995553445649572
0.1400264938283682
0.1400028407044107
0.13993188133253823
0.13998864883003623
0.14015895132253017
0.14032452319023264
0.1401447594481557
0.13976630946483576
0.13985619133587424
0.13931216948485187
0.13952977822526083
0.14025356381836016
0.13990822820858073
0.13987984445983173
0.13941624323026486
0.14019206569607068
0.14062728317688858
0.14170113500455883
0.1418288618739293
0.14310613056763402
0.1432149349378385
0.14303990182055304
0.14239180622411768
0.1413605300195709
0.1404285969356456
0.13982780758712526
0.1395912763475503
0.13971900321692077
0.14127064814853244
0.1417626331268483
0.1422640793547472
0.1423066549778707
0.1423255774770367
0.14248641871994766
0.14197551124246577
0.1423255774770367
0.1422688099795387
0.14123280315020043
0.1413321462708219
0.14080704691896553
0.1400832613258662
0.13994134258212124
0.13984673008629125
0.13933109198401786
0.13948247197734584
0.13854580826862906
0.1382998157794711
0.13801124766718967
0.13819574203405813
0.13837550577613508
0.13765645080782724
0.1373394989467968
0.13723069457659234
0.13805855391510466
0.1379260964209427
0.13745303394179278
0.1378456757994872
0.1378267533003212
0.13762806705907826
0.13748141769054179
0.13769429580615924
0.1370367389601409
0.13683332209410642
0.13629876149266706
0.1361852264976711
0.1357500090168532
0.13631768399183306
0.136554215231408
0.13724488645096683
0.1373631520707543
0.13723069457659234
0.13733476832200534
0.13752399331366527
0.13748141769054179
0.13755710768720578
0.13758549143595478
0.13857419201737803
0.1388154538817445
0.138687727012374
0.13747668706575028
0.13712189020638788
0.13766118143261874
0.13728273144929884
0.1370367389601409
0.1369515877138939
