0.0
0.0
0.0
5.676749749798711e-05
5.676749749798711e-05
5.676749749798711e-05
5.676749749798711e-05
9.461249582997852e-05
0.00013245749416196994
0.010984510765860506
0.012451004451225173
0.021647339045899085
0.021987944030887007
0.023180061478344737
0.023577433960830646
0.02397480644331656
0.024821588280994865
0.02871962310918998
0.028080988762337625
0.028468899995240538
0.031122780503271434
0.025086503269318806
0.017981104832487417
0.019457059767435083
0.01070540390316207
0.025048658270986814
0.02678952819425842
0.032920417924041025
0.03476063096793411
0.038043684573234364
0.036846836500985136
0.03752331584616948
0.03998797136254042
0.033171141037990466
0.03858297579946524
0.039940665114625434
0.04836117724349352
0.04864028410619196
0.05274646642521302
0.05784607995044887
0.06172046165468649
0.06356540532337107
0.05951599050184799
0.06094936981367216
0.05926526738789854
0.06180561290093347
0.06174884540343548
0.06270916223610977
0.07058565251395547
0.07055253814041498
0.07393020424154521
0.07822561155222624
0.07876017215366563
0.058995621774783104
0.062349634751955846
0.06393912468189948
0.05738720934567347
0.06007420422724486
0.0647291390220798
0.06749655452510668
0.06919484882525478
0.06893466446172235
0.07058565251395547
0.06286527285422923
0.06590706459516303
0.06381612843732051
0.06881639884193488
0.07097829437164989
0.07111548249060336
0.07147500997475727
0.07385924486967273
0.07665504412144859
0.07941299837489248
0.08878436608685185
0.0876537467616836
0.08845322235144693
0.09175992908070467
0.09184034970216015
0.07873651902970813
0.08034493145881776
0.08317384508413411
0.08602168120861647
0.09591814827243222
0.09851999190775663
0.09864771877712711
0.10032709057810922
0.09813681129964522
0.09530789767432886
0.09365690962209573
0.08429500315971936
0.08482956376115874
0.08330630257829609
0.08621090620027642
0.08182561701855692
0.08416254566555739
0.08331576382787909
0.088103156116876
0.08947503730641068
0.0898061810418156
0.08693469179337576
0.07934676962781148
0.0802030127150728
0.08171208202356095
0.08008001647049381
0.08154651015585848
0.08220879762666834
0.0806145770719332
0.08083218581234215
0.08345768257162406
0.08294204446935068
0.08398751254827193
0.08493836813136321
0.0854066999857216
0.0880416579945865
0.09004271228139056
0.0739727798646687
0.07511759106421145
0.06511705025498271
0.06689103455179482
0.06725056203594873
0.06676330768242435
0.06769524076634963
0.0687312475956879
0.07016935753230356
0.0709026043749859
0.06936988194254025
0.06509812775581672
0.0647669840204118
0.06676330768242435
0.07394439611591971
0.07158854496975325
0.06655989081638988
0.06807842137446105
0.06805003762571205
0.06852310010486194
0.06776146951343062
0.06926580819712727
0.07176830871183021
0.07405793111091569
0.07384505299529824
0.07447895671735909
0.07604952414813673
0.07640432100749915
0.07713283722539
0.0757751479102298
0.07632390038604367
0.07867975153221014
0.0793089246294795
0.07982929335654437
0.07671181161894658
0.07701930223039402
0.07226502431493759
0.07285635241387496
0.07248263305534655
0.07666450537103159
0.07741667471287993
0.07920485088406652
0.07936569212697749
0.07950288024593095
0.08042062145548175
0.08023139646382178
0.08093625955775513
0.07667869724540609
0.0775680547062079
0.07962587649050992
0.07918119776010903
0.08145662828482
0.08126267266836855
0.08031654771006877
0.08075649581567816
0.08212837700521286
0.08403481879618692
0.08296569759330817
0.08568107622362856
0.0863007880713149
0.07971102773675691
0.08031181708527727
0.08178777202022493
0.0797441421102974
0.08196280513751039
0.08315965320975963
0.08439907690513233
0.08257778636040525
0.08357594819141152
0.08434230940763435
0.08578041934425003
0.060637148577433235
0.05767577745795491
0.060050551103287365
0.0634092947052516
0.06574622335225207
0.0696111438069067
0.07151285497308926
0.07095937187248388
0.07228867743889508
0.07368894237717877
0.0784053752943032
0.0823365244960388
0.08335833945100257
0.08640013119193639
0.08663666243151133
0.08961222542536415
0.09182615782778565
0.09357648900064025
0.08771051425918158
0.08642851494068537
0.08663666243151133
0.08703403491399724
0.06702822267074829
0.06729786828386372
0.06756278327218766
0.07192914995474117
0.07352337050947631
0.07423296422820115
0.07633809226041817
0.07874124965449962
0.0801131308440343
0.08072338144213767
0.08187292326647191
0.08169315952439496
0.083732058809531
0.08477279626366076
0.08554388810467507
0.08466872251824778
0.08701511241483124
0.08696307554212476
0.08800381299625452
0.08891682358101381
0.0889972442024693
0.08973995229473462
0.08982510354098161
0.08908712607350777
0.08910604857267378
0.09047319913741696
0.09368529337084473
0.09324061464044384
0.09259251904400848
0.09306558152315837
0.09411578022687113
0.0942955439689481
0.09415362522520312
0.09473549207455749
0.09492471706621745
0.09623983075825415
0.09708661259593246
0.09717176384217945
0.09725218446363493
0.09854837565650562
0.09761644257258034
0.09750290757758437
0.0959843770195132
0.0960600670161772
0.09667031761428055
0.0977725531906998
0.0973515275842564
0.09787189631132127
0.0977772838154913
0.09747452382883537
0.09751709945195886
0.09830711379213918
0.0986524494019186
0.10062038931518216
0.10110291304391504
0.09995337121958081
0.101329983033907
0.10119752553974502
0.10207269112617233
0.10123537053807702
0.10053050744414367
0.10081434493163362
0.10144824865369446
0.101292138035575
0.10140567303057098
0.10195442550638485
0.10266401922510969
0.10170370239243541
0.10212945862367032
0.10235652861366226
0.10207269112617233
0.1021862261211683
0.10211999737408732
0.10310869795551059
0.10291947296385064
0.10106979867037455
0.10122117866370252
0.10066769556309714
0.09976414622792085
0.09999121621791279
0.09398332273270917
0.09332103526189932
0.0933588802602313
0.09364744837251274
0.09325953713960983
0.09373259961875972
0.09373259961875972
0.09396913085833467
0.09437123396561208
0.09515651768100089
0.09752656070154186
0.09665139511511456
0.09606952826576019
0.09672708511177854
0.09715284134301344
0.09660881949199107
0.09705349822239197
0.09689738760427251
0.09764482632132933
0.09901197688607252
0.09914443438023449
0.10020409433353025
0.09937150437022645
0.09920120187773247
0.09982091372541883
0.09935258187106044
0.09935258187106044
0.09924850812564746
0.09895047876378303
0.09944719436689042
0.09848687753421614
0.0990876668827365
0.09831657504172218
0.09785770443694679
0.09800908443027474
0.09830238316734768
0.09843957128630115
0.09864771877712711
0.09851053065817364
0.09851053065817364
0.09899778501169802
0.09904982188440452
0.0999581018443723
0.10007636746415978
0.09841118753755215
0.09855310628129713
0.0982172319211007
0.09761644257258034
0.09677912198448503
0.09682642823240002
0.09705822884718346
0.09751709945195886
0.09638648012679062
0.09618779388554766
0.09617833263596466
0.09594653202118122
0.09532682017349486
0.09279120528525144
0.09289054840587291
0.0934109171329378
0.09345822338085279
0.09389344086167069
0.09409212710291363
0.09325007589002683
0.09350079900397627
0.09353864400230827
0.09331157401231631
0.09397859210791766
0.0938603264881302
0.0933825333841888
0.09343457025689529
0.09353391337751676
0.09354337462709976
0.09342983963210379
0.09365217899730424
0.09360014212459775
0.09389344086167069
0.09377517524188321
0.09456992020685503
0.09453207520852304
0.09451788333414854
0.09400224523187516
0.09234652655485054
0.09194442344757313
0.09216676281277357
0.09179777407903666
0.09222826093506306
0.09219041593673107
0.09166531658487469
0.09211945656485859
0.09002378978222456
0.08976833604348362
0.08965953167327914
0.08953180480390867
0.08959330292619816
0.08936623293620621
0.090331280393672
0.09004271228139056
0.08993390791118608
0.08979198916744112
0.08953180480390867
0.09048739101179146
0.09005217353097356
0.08972102979556863
0.09023193727305051
0.09103141286281384
0.09085637974552838
0.09041170101512748
0.0907664978744899
0.09062457913074493
0.09042116226471048
0.09079961224803039
0.0911875234809333
0.09128213597676328
0.0911591397321843
0.09100775973885634
0.08958857230140665
0.08936623293620621
0.08977779729306662
0.08924796731641874
0.08947976793120219
0.08921485294287824
0.08918646919412926
0.0889593992041373
0.08888370920747332
0.08919119981892075
0.08970683792119413
0.08954599667828317
0.08948449855599369
0.08921958356766975
0.08951288230474268
0.08894047670497131
0.08824980548541246
0.08725164365440619
0.08695834491733326
0.08699618991566525
0.08703876553878874
0.08640013119193639
0.08681642617358828
0.0867975036744223
0.08645689868943437
0.0867643893008818
0.08666504618026033
0.08693942241816727
0.08716176178336771
0.08684007929754578
0.08643324556547688
0.0862913268217319
0.08546346748321959
0.0850329806271932
0.08461668564554128
0.08464033876949878
0.08430446440930237
0.08473968189012027
0.08482483313636724
0.08480118001240974
0.08295623634372516
0.08315965320975963
0.08258251698519675
0.08266766823144374
0.08258724760998826
0.08112548454941508
0.08076595706526117
0.08090787580900613
0.08086056956109114
0.08053415645047772
0.08039696833152425
0.08079434081401016
0.08092206768338063
0.08128159516753455
0.08115386829816408
0.08095991268171263
0.08038277645714975
0.08019355146548979
0.08124848079399405
0.08128632579232604
0.08139986078732202
0.08113021517420659
0.08120117454607907
0.08094572080733813
0.08070918956776317
0.08051996457610322
0.08091733705858913
0.08067607519422268
0.08037331520756676
0.08044900520423073
0.08008474709528532
0.08071392019255468
0.07941299837489248
0.0796779133632164
0.07955018649384595
0.07936569212697749
0.07916227526094302
0.07935150025260299
0.07912443026261104
0.0788358621503296
0.0783959140447202
0.07875071090408262
0.07862298403471216
0.07865609840825265
0.07779512469619984
0.07759170783016539
0.07790392906640431
0.07765320595245487
0.07809315405806427
0.0779701578134853
0.07668815849498908
0.07633336163562666
0.07632863101083517
0.07649420287853763
0.07628605538771169
0.07568053541439981
