0.0
0.0
0.0
0.0
0.0
0.0
0.0
0.0
0.0
0.0
0.0
0.0
0.0
9.461249582997852e-06
9.461249582997852e-06
9.461249582997852e-06
9.461249582997852e-06
9.461249582997852e-06
0.00010407374541297637
0.00010407374541297637
0.0001986862412429549
0.00035006623457092053
0.0018023680455610909
0.0018023680455610909
0.0018023680455610909
0.0022943530238769792
0.002616035509698906
0.0027863380021928676
0.0028383748748993555
0.002932987370729334
0.002989754868227321
0.003576352342373188
0.003647311714245672
0.003647311714245672
0.0036898873373691623
0.0037986917075736376
0.005293569141687298
0.005359797888768283
0.005482794133347255
0.003888573578612117
0.003888573578612117
0.0040210310727740875
0.0040210310727740875
0.004399481056094001
0.005161111647525328
0.005269916017729803
0.005426026635849268
0.005520639131679246
0.005634174126675221
0.005558484130011238
0.0055395616308452425
0.0055395616308452425
0.005809207243960681
0.005686210999381709
0.005780823495211688
0.006258616599153079
0.0063390372206085606
0.006405265967689546
0.006391074093315049
0.008160327765335647
0.008344822132204105
0.008600275870945048
0.008666504618026032
0.008623928994902542
0.008832076485728495
0.008955072730307467
0.009409212710291364
0.0096883195729898
0.01745600548063104
0.01771618984416348
0.01773984296812097
0.02150542030215412
0.021699375918605573
0.022276512143168444
0.022347471515040927
0.022498851508368892
0.022607655878573368
0.02286310961731431
0.017025518624604635
0.0171863598675156
0.017460736105422536
0.017635769222707997
0.01765469172187399
0.01766415297145699
0.017692536720205983
0.017787149216035962
0.01822709732164536
0.018397399814139324
0.017205282366681594
0.017200551741890096
0.01325994129057149
0.013278863789737486
0.013293055664111982
0.01352012565410393
0.01378977126721937
0.013912767511798341
0.014083070004292302
0.014371638116573738
0.014347984992616242
0.014617630605731681
0.014773741223851146
0.01515219120717106
0.015341416198831018
0.015521179940907976
0.015521179940907976
0.015615792436737955
0.016226043034841316
0.0163064636562968
0.016632876766910224
0.01670856676357421
0.0167322198875317
0.017550617976461017
0.017564809850835514
0.0176121160987505
0.017640499847499495
0.01783918608874245
0.017820263589576453
0.01756954047562701
0.01735193173521806
0.017484389229380032
0.017862839212699946
0.017470197355005535
0.01740396860792455
0.01775403484249547
0.01780134109041046
0.017895953586240437
0.018264942319977353
0.01853931855788429
0.018558241057050288
0.018397399814139324
0.01859608605538228
0.01890830729162121
0.01924418165181763
0.018132484825815382
0.017938529209363927
0.01809937045227489
0.01822709732164536
0.018350093566224333
0.018719082299961252
0.019229989777443134
0.019220528527860138
0.019494904765767075
0.02043629909927536
0.020776904084263283
0.021292542186536666
0.02135877093361765
0.021566918424443603
0.02170410654339707
0.022238667144836452
0.022356932764623923
0.022669154000862852
0.03680426087786164
0.036931987747232116
0.03713067398847507
0.03771727146262094
0.03807206832198336
0.03820452581614533
0.0453572305008917
0.04549914924463667
0.05224975082210564
0.0528647320450005
0.052642392679800046
0.052694429552506535
0.05292149954249849
0.05294988329124748
0.05321952890436292
0.053399292646439875
0.05341821514560587
0.05339456202164838
0.053631093261223325
0.05378247325455129
0.0541798457370372
0.05467183071535309
0.05468129196493609
0.055211121941583965
0.05582610316447883
0.05563214754802737
0.05560376379927837
0.04566472111233913
0.045825562355250093
0.04620874296336151
0.04646419670210245
0.04660611544584742
0.04767523664872618
0.047769849144556155
0.04785026976601164
0.04796380476100761
0.04771308164705817
0.04805841725683759
0.048507826612029986
0.048522018486404486
0.049401914697623284
0.05011623904113962
0.05008312466759913
0.05008312466759913
0.05038588465425506
0.05040007652862956
0.05038588465425506
0.05053726464758303
0.05011150841634812
0.04970940530907071
0.049737789057819705
0.050239235285718595
0.049870246551981676
0.050225043411344095
0.049751980932194205
0.05013043091551412
0.050324386531965574
0.05046157465091904
0.05055145652195752
0.05053253402279153
0.05055145652195752
0.050669722141745
0.05051834214841703
0.05073122026403448
0.05054672589716602
0.05053726464758303
0.05244843706334859
0.05251939643522108
0.05263293143021705
0.05185710896441123
0.051918607086700715
0.05273227455083853
0.05283161767146
0.05305395703666046
0.053025573287911465
0.053129647033324436
0.05352228889101885
0.05378720387934279
0.05371151388267881
0.05288365454416649
0.053110724534158445
0.05292149954249849
0.05321952890436292
0.053143838907698936
0.05337090889769088
0.053266835152277904
0.053366178272899384
0.053678399509138316
0.054387993227863154
0.0546197938426466
0.05498405195159202
0.05245789831293159
0.0524105920650166
0.05235855519231011
0.05231124894439512
0.052708621426881035
0.052860001420208996
0.05321479827957142
0.053195875780405424
0.05340402327123137
0.05355067263976784
0.05453464259639962
0.0546103325930636
0.055078664447421995
0.05568891504552536
0.05585921753801932
0.05561795567365287
0.05560849442406988
0.0554949594290739
0.06557592085975811
0.06555699836059212
0.06559484335892411
0.06571310897871158
0.06630916770244044
0.06644635582139391
0.06752966889864717
0.06779458388697111
0.06808315199925255
0.06806896012487805
0.06805476825050355
0.06806422950008655
0.06809261324883555
0.06813045824716753
0.06865082697423242
0.06912388945338231
0.06936988194254025
0.06979563817377515
0.06990444254397964
0.06993755691752013
0.070486309393334
0.07030654565125703
0.06806896012487805
0.0682345319925805
0.06836225886195098
0.06793177200592458
0.06817776449508252
0.06806422950008655
0.0682723769909125
0.06847106323215546
0.06866501884860692
0.06865082697423242
0.06880220696756038
0.06886843571464137
0.06902454633276082
0.06932730631941676
0.0696016825573237
0.06894885633609685
0.0691380813277568
0.06933676756899976
0.06955910693420021
0.06932730631941676
0.06661665831388788
0.06690049580137782
0.06659773581472188
0.06655989081638988
0.06659773581472188
0.06496093963686325
0.06505082150790173
0.06492782526332276
0.06480955964353528
0.06367894031836704
0.06302138347234869
0.06287946472860373
0.06285581160464623
0.06350863782587308
0.06364109532003505
0.06394858593148248
0.06415200279751694
0.06461087340229234
0.06459195090312633
0.06453518340562835
0.06454937528000285
0.06462506527666682
0.06418511717105743
0.06451626090646236
0.06480009839395229
0.06496093963686325
0.06500351525998674
0.06503662963352723
0.0647149471477053
0.06472440839728831
0.06609155896203149
0.06625240020494245
0.06627132270410846
0.06669707893534335
0.06671600143450936
0.06717014141449325
0.06763374264406015
0.06767158764239213
0.06801692325217155
0.06810207449841854
0.06851363885527895
0.06927526944671027
0.06931311444504226
0.07016935753230356
0.07035385189917202
0.07055726876520649
0.07129524623268031
0.06852310010486194
0.0696158744316982
0.06997540191585211
0.07033019877521453
0.0691428119525483
0.0691144282037993
0.06901981570796933
0.06910969757900781
0.0686839413477729
0.06822507074299751
0.06807842137446105
0.06808315199925255
0.06812099699758453
0.06805949887529505
0.06776620013822211
0.06810207449841854
0.06812099699758453
0.06854202260402793
0.06862717385027492
0.06885424384026687
0.06801219262738006
0.06806896012487805
0.06809261324883555
0.0687217863461049
0.06892993383693086
0.06911915882859081
0.06909550570463331
0.06922796319879529
0.06918538757567179
0.06908131383025881
0.06905293008150983
0.06893939508651385
0.06898197070963734
0.06891574196255636
0.06945976381357873
0.06956856818378321
0.0696064131821152
0.06997067129106062
0.0708694900014454
0.06914754257733981
0.0695732988085747
0.06977671567460916
0.06978617692419216
0.07043900314541901
0.07042954189583601
0.07056673001478948
0.07073230188249194
0.07074176313207493
0.07065661188582796
0.07068499563457695
0.07070391813374295
0.07056199938999798
0.070486309393334
0.07038223564792102
0.07015989628272057
0.06985240567127314
0.06884005196589237
0.06881166821714338
0.06888735821380736
0.06920904069962928
0.06923269382358678
0.0692043100748378
0.06944084131441274
0.06954491505982571
0.07017881878188657
0.0700747450364736
0.07030181502646554
0.06993755691752013
0.0699990550398096
0.07014097378355458
0.06990444254397964
0.06994228754231162
0.06964425818044719
0.07051469314208299
0.07051942376687449
0.07057619126437248
0.07121482561122483
0.07166423496641723
0.07164531246725124
0.07171627183912371
0.07248263305534655
0.072648204923049
0.07278066241721097
0.07277120116762797
0.0726623967974235
0.07276647054283648
0.0726434742982575
0.07236436743555907
0.07200483995140515
0.07212783619598412
0.0722224486918141
0.07252047805367853
0.07255832305201053
0.07246371055618055
0.07257724555117652
0.07287527491304095
0.07291311991137295
0.07349498676072731
0.07394912674071122
0.07393966549112821
0.07379301612259175
0.07423296422820115
0.07630970851166917
0.07655570100082712
0.07651785600249512
0.07648001100416314
0.07666923599582309
0.07668342787019759
0.07668342787019759
0.07781877782015734
0.07785662281848932
0.0779559659391108
0.07789919844161282
0.07786608406807233
0.07780931657057434
0.07768632032599536
0.07777147157224235
0.07785662281848932
0.0775396709574589
0.07762955282849737
0.07772416532432735
0.07762955282849737
0.07759643845495688
0.0775065565839184
0.07823980342660074
0.07849998779013317
0.07857567778679717
0.07865609840825265
0.07910550776344503
0.07899197276844906
0.07893520527095108
0.07894939714532558
0.07961168461613542
0.07964479898967591
0.0797252196111314
0.07976306460946339
0.0797252196111314
0.07957383961780344
0.07948868837155645
0.07971102773675691
0.07983402398133588
0.07982456273175288
0.07951234149551395
0.07944138212364146
0.07926161838156451
0.07891628277178508
0.07892101339657659
0.07902035651719806
0.07902508714198955
0.07905347089073855
0.07937515337656048
