0.0
0.0
0.0
0.0
0.0
0.0
0.0
0.0
0.0
0.0
0.0
0.0
5.676749749798711e-05
0.0001797637420769592
0.0001797637420769592
0.0001986862412429549
0.0001986862412429549
0.00045413997998389687
0.0004967156031073873
0.000638634346852355
0.0008089368393463163
0.0008278593385123121
0.000960316832674282
0.0009887005814232755
0.0010738518276702561
0.0011968480722492282
0.0013009218176622047
0.0014523018109901702
0.0012488849449557166
0.001395534313492183
0.0015469143068201489
0.001665179926607622
0.001920633665348564
0.0022139324024214972
0.0022281242767959943
0.002791068626984366
0.0028005298765673642
0.0030370611161423104
0.00325940048134276
0.003335090478006743
0.0035621604679986914
0.003879112329029119
0.0060646609827016236
0.006447841590813036
0.0065519153362260125
0.003912226702569611
0.004025761697565586
0.004607628546919954
0.0048441597864949
0.005487524758138755
0.005927472863748154
0.006244424724778582
0.006282269723110574
0.006812099699758454
0.007171627183912372
0.007436542172236312
0.007559538416815284
0.008098829643046162
0.010322223295050656
0.010128267678599201
0.011353499499597422
0.011826561978747315
0.01215770571415224
0.012484118824765666
0.013089638798077528
0.013207904417865
0.013032871300579542
0.01303760192537104
0.013813424391176865
0.014546671233859198
0.013586354401184915
0.014499364985944209
0.01488727621884712
0.01519949745508605
0.015436028694660996
0.01562998431111245
0.015478604317784486
0.015823939927563906
0.016311194281088296
0.017191090492307097
0.014243911247203266
0.01466966747843817
0.014769010599059646
0.015000811213843094
0.015511718691324979
0.01537453057237151
0.01683156300815318
0.016902522380025663
0.017276241738554077
0.01827913419435185
0.018510934809135297
0.02048360534719035
0.020970859700714738
0.0215763796740266
0.021997405280470006
0.022035250278801998
0.022082556526716986
0.02321790647667673
0.023227367726259728
0.023052334608974268
0.023596356459996644
0.024779012657871375
0.025006082647863324
0.024944584525573837
0.025573757622843193
0.027584273159230236
0.027830265648388183
0.028558781866279016
0.028752737482730474
0.027759306276515697
0.025923823857414114
0.02523315263785527
0.024689130786832894
0.025441300128681225
0.025559565748468696
0.026046820101993086
0.02576298261450315
0.02581501948720964
0.026983483810709873
0.028431054996908546
0.025739329490545658
0.026444192584478995
0.02708755755612285
0.027328819420489297
0.027021328809041865
0.02749439128819176
0.026884140690088397
0.02630227384073403
0.026742221946343427
0.02749439128819176
0.027589003784021737
0.02849728374398953
0.028114103135878116
0.028161409383793107
0.028554051241487518
0.028596626864611008
0.02866758623648349
0.02845943874565754
0.027674155030268717
0.027641040656728226
0.027811343149222185
0.02809518063671212
0.028175601258167603
0.023681507706243624
0.0237855814516566
0.02397480644331656
0.020601870966977822
0.020862055330510262
0.02039372347615187
0.02046941347281585
0.021022896573421226
0.021259427812996175
0.021117509069251205
0.021065472196544716
0.0211458928180002
0.021424999680698636
0.021737220916937566
0.02189333153505703
0.022413700262121913
0.02268807650002885
0.023629470833537135
0.02515746264119129
0.02405049643998054
0.02387073269790358
0.024121455811853022
0.024447868922466448
0.024996621398280326
0.025129078892442296
0.02405049643998054
0.024906739527241845
0.024868894528909852
0.02527572826097876
0.026548266329891972
0.026212391969695548
0.026288081966359532
0.026004244478869596
0.025838672611167134
0.02656245820426647
0.02747546878902576
0.027768767526098696
0.02769307752943471
0.02757481190964724
0.027995837516090645
0.0281992543821251
0.028639202487734498
0.028993999347096917
0.029140648715633384
0.02929202870896135
0.029273106209795355
0.029679939941864263
0.029925932431022206
0.029840781184775227
0.02660503382738996
0.02692198568842039
0.02735720316923829
0.027186900676744327
0.027948531268175654
0.02841686312253405
0.02890411747605844
0.028871003102517945
0.02939137182958283
0.029760360563319745
0.030294921164759122
0.030663909898496038
0.03211621170948621
0.032083097335945714
0.03183710484678777
0.03264131106134259
0.030233423042469638
0.030848404265364497
0.030995053633900965
0.033284676032986446
0.03329413728256944
0.033672587265889356
0.03361581976839137
0.033894926631089804
0.03470859409522762
0.034500446604401665
0.035186387199169014
0.035167464700003016
0.03544184093790995
0.03564525780394441
0.03586759716914486
0.03594801779060034
0.03548441656103345
0.03533303656770548
0.03549387781061644
0.03546549406186745
0.03639269652100124
0.03580136842206387
0.035640527179152906
0.035304652818956485
0.03537561219082897
0.03529992219416499
0.035153272825628516
0.03427337661440972
0.034013192250877275
0.03351174602297839
0.03368204851547235
0.03292987917362403
0.033185332912364966
0.033237369785071455
0.03336036602965042
0.03329413728256944
0.03352593789735289
0.03376719976171933
0.034647095972938136
0.034632904098563635
0.03441056473336319
0.034784284091891604
0.03460452034981464
0.034415295358154685
0.03538507344041197
0.03508231345375604
0.03463763472335513
0.03516273407521152
0.03473697784397661
0.03467547972168713
0.03432068286232471
0.03410307412191576
0.03336036602965042
0.033507015398186894
0.03344551727589741
0.032849458552168545
0.033138026664449975
0.033171141037990466
0.03327994540819494
0.03319952478673946
0.03309545104132649
0.029788744312068738
0.029798205561651737
0.029656286817906767
0.02880950498022846
0.02898926872230542
0.028823696854602957
0.028752737482730474
0.029012921846262914
0.02898926872230542
0.02929202870896135
0.02923999183625486
0.029656286817906767
0.029571135571659787
0.029585327446034284
0.029358257456042335
0.029765091188111242
0.030058389925184177
0.030176655544971648
0.029358257456042335
0.030063120549975675
0.03020503929372064
0.030001622427686187
0.029892818057481712
0.030280729290384625
0.03008677367393317
0.02986916493352422
0.029883356807898716
0.02968467056665576
0.029836050559983725
0.029410294328748823
0.029713054315404754
0.03043210928371259
0.030153002421014156
0.030332766163091114
0.030228692417678137
0.03021450054330364
0.0303942642853806
0.030148271796222655
0.029897548682273213
0.0299637774293542
0.02998743055331169
0.030105696173099165
0.029679939941864263
0.029807666811234732
0.029760360563319745
0.030285459915176123
0.02998743055331169
0.030053659300392676
0.029788744312068738
0.029793474936860236
0.029722515564987752
0.028913578725641435
0.028402671248159553
0.028388479373785056
0.028336442501078567
0.026808450693424413
0.026491498832393986
0.026354310713440517
0.026434731334896
0.02564471699471568
0.025403455130349233
0.025351418257642745
0.02453302016871343
0.02487835577849285
0.02479793515703737
0.02470332266120739
0.0246654776628754
0.024977698899114328
0.024826318905786363
0.02524261388743827
0.024935123275990838
0.024977698899114328
0.025029735771820816
0.024892547652867348
0.024689130786832894
0.024589787666211418
0.024178223309351012
0.023336172096464203
0.023137485855221247
0.023326710846881205
0.02329832709813221
0.023284135223757715
0.02357270333603915
0.023638932083120134
0.02397480644331656
0.024111994562270027
0.02370516083020112
0.024026843316023044
0.023894385821861076
0.023842348949154588
0.02351120521374966
0.023430784592294182
0.022796880870233325
0.022891493366063304
0.022759035871901333
0.022834725868565317
0.022588733379407373
0.021822372163184545
0.021907523409431525
0.022054172777967992
0.022125132149840476
0.02197375215651251
0.02168045341943958
0.02170410654339707
0.02163787779631609
0.02101343532383823
0.020885708454467758
0.02101816594862973
0.020601870966977822
0.020336955978653884
0.02046941347281585
0.020559295343854332
0.02078636533384628
0.02100870469904673
0.021046549697378722
0.021160084692374695
0.021287811561745168
0.0211506234427917
0.0211458928180002
0.02092355345279975
0.020951937201548743
0.02087624720488476
0.020649177214892813
0.020890439079259256
0.02091409220321675
0.020843132831344268
0.0207059447123908
0.020559295343854332
0.020578217843020326
0.02078163470905478
0.020379531601777374
0.02017611473574292
0.020223420983657907
0.020171384110951422
0.01977874225325701
0.020336955978653884
0.020322764104279387
0.02018557598532592
0.020237612858032404
0.02016665348615992
0.020020004117623454
0.020015273492831956
0.02118373781633219
0.02106074157175322
0.021022896573421226
0.020970859700714738
0.0207059447123908
0.020668099714058807
0.02056402596864583
0.020767442834680284
0.020729597836348295
0.020545103469479836
0.020644446590101312
0.020545103469479836
0.020549834094271333
0.020597140342186324
0.020422107224900864
0.020289649730738893
0.02035587847781988
0.02021869035886641
0.020067310365538445
0.019920660997001977
0.019878085373878487
0.019807126002006004
0.01965574600867804
0.019684129757427032
0.01929148789973262
0.019220528527860138
0.0189508829147447
0.018529857308301294
0.01826967294476885
0.01814667670018988
0.01832644044226684
0.018208174822479366
0.01784391671353395
0.017877031087074443
0.017763496092078467
0.01740396860792455
0.017257319239388082
0.017460736105422536
0.017422891107090544
0.017536426102086517
0.017238396740222088
0.017039710498979132
0.016973481751898147
0.016812640508987182
0.016628146142118726
0.01638215365296078
0.01641999865129277
0.016278079907547805
0.016216581785258317
0.01607466304151335
0.016041548667972857
0.016088854915887848
0.016131430539011338
0.016453113024833266
0.01639634552733528
0.016765334261072195
0.01668964426440821
0.01669910551399121
0.016595031768578232
0.016803179259404184
0.016727489262740203
0.01686467738169367
0.016798448634612686
0.016760603636280694
0.016665991140450715
0.016467304899207762
0.01648149677358226
0.01634430865462879
0.01624496553400731
0.01626388803317331
0.0163064636562968
0.016353769904211786
0.016315924905879797
0.016448382400041765
0.01607466304151335
0.0158570543011044
0.015762441805274422
0.015653637435069947
0.01550698806653348
0.016136161163802835
0.016145622413385834
0.016197659286092323
0.01607466304151335
0.01639634552733528
0.016192928661300825
0.016150353038177332
0.01616927553734333
0.016112508039845343
0.01602735679359836
