0.0
0.0
0.0
0.0
0.0
0.0
0.0
0.0
0.0
0.0
1.8922499165995704e-05
0.0
0.0
0.0
0.0
0.0
9.461249582997852e-06
9.461249582997852e-06
2.365312395749463e-05
2.365312395749463e-05
2.365312395749463e-05
4.257562312349033e-05
0.00023180061478344737
0.00023180061478344737
0.00023180061478344737
0.00029802936186443236
0.00029802936186443236
0.00037371935852841513
0.0005061768526903851
0.0005156381022733829
0.0005487524758138754
0.0006291730972693572
0.0009082799599677937
0.0011211580755852454
0.001272538068913211
0.0018780580422250736
0.0020672830338850307
0.0021997405280470006
0.0022565080255449875
0.0027201092551118826
0.003055983615308306
0.003273592355717257
0.003500662345709205
0.003713540461326657
0.00436163605776201
0.005203687270648819
0.005217879145023315
0.005643635376258219
0.0077251102845177465
0.008183980889293141
0.008567161497404555
0.005960587237288647
0.0060646609827016236
0.006225502225612587
0.006745870952677468
0.005766631620837191
0.006816830324549952
0.008037331520756676
0.008623928994902542
0.009054415850928945
0.00947071083258085
0.010185035176097187
0.010837861397324039
0.010624983281706588
0.01096558826669451
0.011566377615214875
0.012096207591862754
0.012550347571846652
0.012498310699140163
0.013155867545158514
0.0136525831482659
0.015081231835298576
0.015469143068201487
0.015052848086549582
0.013997918758045323
0.014466250612403716
0.01664706864128472
0.012881491307251575
0.01132038512605693
0.01153799386646588
0.011159543883145967
0.011684643235002347
0.012091476967071255
0.012678074441217121
0.012848376933711082
0.014546671233859198
0.014958235590719604
0.015866515550687396
0.016046279292764358
0.015885438049853394
0.015847593051521402
0.016746411761906197
0.016888330505651167
0.019518557889724567
0.020067310365538445
0.020365339727402877
0.021126970318834204
0.021264158437787672
0.021448652804656132
0.02180344966401855
0.02210620965067448
0.022569810880241375
0.02268807650002885
0.02304287335939127
0.023544319587290155
0.023851810198737586
0.023728813954158615
0.023984267692899554
0.024041035190397544
0.02427756642997249
0.02484051078016086
0.025602141371592186
0.02641580883573
0.026657070700096448
0.02682737319259041
0.02739031754277878
0.027589003784021737
0.028047874388797134
0.027896494395469165
0.028128295010252616
0.028473630620032036
0.02836955687461906
0.028658124986900495
0.02868650873564949
0.02885208060335195
0.029003460596679916
0.0290744199685524
0.028960884973556426
0.028856811228143448
0.029850242434358222
0.030148271796222655
0.03109912737931394
0.03131673611972289
0.03152961423534034
0.03157692048325533
0.03129781362055689
0.03196483171615824
0.032144595458235205
0.03193171734261775
0.0321493260830267
0.03222501607969069
0.03237166544822715
0.03244262482009964
0.035252615946249996
0.035522261559365435
0.03583448279560437
0.03608993653434531
0.03640688839537574
0.03651096214078871
0.03739085835200751
0.03778350020970192
0.038176142067396335
0.038748547667167704
0.038795853915082695
0.03818087269218783
0.03800110895011087
0.03808152957156635
0.038464710179677765
0.038696510794461215
0.03951490888339053
0.039618982628803506
0.03601897716247282
0.035673641552693404
0.03466128784731263
0.034850512838972586
0.03419295599295424
0.034949855959594066
0.03545130218749295
0.036160895906217794
0.03652515401516321
0.03694144899681511
0.037272592732220035
0.037239478358679544
0.03741451147596501
0.03749966272221199
0.0383369833103073
0.0387627395415422
0.038076798946774855
0.03818087269218783
0.03871543329362721
0.03795380270219589
0.03910334452653012
0.03938245138922856
0.039652097002344
0.04021977197732387
0.040361690721068835
0.040645528208558775
0.041080745689376676
0.041435542548739095
0.04169572691227153
0.0418660294047655
0.04170991878664603
0.04192752752705498
0.04218771189058742
0.04245262687891136
0.04283580748702277
0.04291149748368676
0.04298718748035074
0.043318331215755665
0.04325210246867468
0.0435974380784541
0.043857622441986543
0.044278648048429944
0.04334198433971316
0.0431669512224277
0.043469711209083634
0.04366366682553509
0.04414619055426798
0.04414619055426798
0.04418876617739147
0.04421241930134896
0.045163274884440247
0.045347769251308706
0.04553699424296866
0.04569310486108813
0.04618035921461251
0.046274971710442495
0.04638850670543847
0.04643108232856196
0.04648784982605995
0.04595328922462057
0.04584921547920759
0.045920174851080076
0.046625037945013416
0.04692306730687785
0.04695618168041834
0.046828454811047866
0.046861569184588364
0.04652096419960044
0.04633646983273198
0.04621820421294451
0.046525694824391936
0.046525694824391936
0.04697037355479284
0.04748601165706622
0.04776511851976466
0.04778877164372215
0.04655880919793243
0.046530425449183434
0.04656827044751543
0.04662030732022192
0.046762226063966884
0.04653515607397494
0.0466676135681369
0.04737720728686175
0.047381937911653245
0.04726840291665727
0.04706025542583132
0.047017679802707824
0.04680007106229887
0.04716905979603579
0.047367746037278745
0.04767523664872618
0.04797326601059061
0.04806314788162909
0.04853621036077898
0.04860243910785997
0.04806787850642059
0.04841794474099151
0.0493356859505423
0.049264726578669815
0.04942083719678928
0.04959587031407474
0.04943029844637228
0.04947760469428727
0.048895737844932896
0.049047117838260865
0.049870246551981676
0.04967629093553022
0.04954383344136825
0.04974251968261121
0.04937826157366579
0.04947287406949577
0.04983240155364969
0.04982294030406669
0.049666829685947225
0.04953910281657675
0.049785095305734696
0.049870246551981676
0.04990809155031367
0.05001689592051815
0.04952964156699376
0.04873962722681344
0.048914660344098894
0.04880585597389442
0.04870178222848144
0.048947774717639385
0.04912280783492485
0.04878693347472842
0.04881531722347742
0.04858824723348547
0.04883423972264341
0.04925053470429532
0.04919376720679733
0.049312032826584806
0.04930730220179331
0.04894304409284789
0.04875854972597943
0.04885789284660091
0.04891939096889039
0.04940664532241478
0.0497945565553177
0.049922283424688164
0.05005001029405864
0.05005947154364163
0.049870246551981676
0.049614792813240736
0.04954383344136825
0.04950598844303626
0.04956275594053425
0.04885789284660091
0.048692320978898446
0.04872070472764744
0.048947774717639385
0.048914660344098894
0.04897142784159688
0.048995080965554376
0.04893358284326489
0.04833752411953603
0.04857878598390247
0.04854094098557048
0.04856459410952797
0.04866866785494095
0.04955802531574275
0.04915592220846534
0.04916065283325684
0.049614792813240736
0.04958640906449174
0.04948706594387026
0.048961966592013885
0.04876328035077093
0.04878693347472842
0.0484652509889065
0.04860243910785997
0.04869705160368994
0.048791664099519926
0.04896669721680538
0.04918903658200583
0.048876815345766905
0.04875854972597943
0.04970940530907071
0.04968102156032172
0.04980874842969219
0.04993174467427117
0.04968575218511322
0.04962425406282373
0.04962425406282373
0.04876801097556243
0.04828548724682954
0.048105723504752576
0.04813410725350157
0.04829967912120404
0.04816722162704207
0.04811518475433558
0.047618469151228186
0.04729205604061476
0.047017679802707824
0.046941989806043846
0.046828454811047866
0.04672911169042639
0.04665815231855391
0.04651623357480894
0.046809532311881875
0.046629768569804914
0.04687103043417136
0.04770835102226667
0.04752385665539821
0.047315709164572256
0.04729205604061476
0.04750493415623221
0.047235288543116774
0.0471406760472868
0.04697037355479284
0.04690887543250335
0.04678587918792438
0.04532884675214271
0.04505447051423577
0.04515381363485725
0.04508758488777626
0.045030817390278276
0.04523896488110423
0.04506393176381877
0.045702566110671125
0.045702566110671125
0.04568364361150513
0.04621820421294451
0.04595328922462057
0.04618035921461251
0.04620401233857001
0.04634593108231498
0.04631281670877448
0.04652096419960044
0.046724381065634896
0.046762226063966884
0.0467054585664689
0.0466676135681369
0.04620401233857001
0.046090477343574035
0.04613305296669753
0.04639796795502146
0.046445274202936454
0.04639796795502146
0.04620874296336151
0.04619928171377851
0.04630335545919149
0.046104669217948535
0.046156706090655024
0.04589179110233108
0.04576879485775211
0.0457924479817096
0.045740411109003114
0.04563160673879864
0.045470765495887674
0.04547549612067918
0.046156706090655024
0.046038440470867546
0.04768942852310067
0.04764212227518568
0.0475758935281047
0.047566432278521704
0.047452897283525725
0.047400860410819236
0.04725894166707427
0.04724001916790828
0.04706025542583132
0.046913606057294846
0.046927797931669346
0.0466865360673029
0.046643960444179414
0.04641215982939596
0.04611413046753153
0.046090477343574035
0.045972211723786564
0.04572621923462862
0.045820831730458596
0.045920174851080076
0.04597694234857806
0.04546603487109618
0.045300463003393715
0.045115968636525255
0.045267348629853224
0.04512542988610826
0.04502135614069528
0.04421241930134896
0.04421241930134896
0.044023194309689005
0.04384816119240355
0.044032655559272
0.044075231182395494
0.04399481056094001
0.044742249277996846
0.043200065595968194
0.04346024995950063
0.043450788709917636
0.04337982933804515
0.04312910622409571
0.0431716818472192
0.04321425747034269
0.043195334971176697
0.043332523090130165
0.044122537430310485
0.04411307618072748
0.04388127556594404
0.04379139369490556
0.0435927074536626
0.04354067058095611
0.0436116299528286
0.044307031797178945
0.044254994924472456
0.04442056679217492
0.04444421991613241
0.04457194678550288
0.04431649304676194
0.04434487679551093
0.04424553367488945
0.04411307618072748
0.04394750431302502
0.04371097307345008
0.043635283076786095
0.04352174808179012
0.04346498058429213
0.043318331215755665
0.04345551933470913
0.04310545310013821
0.042977726230767746
0.04281215436306528
0.04280742373827378
0.04285472998618877
0.042897305609312264
0.04285946061098027
0.04267496624411181
0.0427270031168183
0.04291149748368676
0.04280742373827378
0.042660774369737316
0.04252358625078385
0.04255196999953284
0.04258508437307333
0.042376936882247376
0.04216878939142143
