0.0
0.0
0.0
0.0010785824524617552
0.0010785824524617552
0.0
0.0
0.0
0.0008515124624698067
0.000894088085593297
0.000894088085593297
0.0009697780822572798
0.0005061768526903851
0.0005061768526903851
0.0008278593385123121
0.0008278593385123121
0.001206309321832226
0.0012583461945387144
0.0012867299432877078
0.0013009218176622047
0.001471224310156166
0.0015942205547351382
0.001726678048897108
0.0007710918410143249
0.0030417917409338094
0.0031837104846787773
0.003576352342373188
0.004276484811515029
0.005766631620837191
0.006088314106659118
0.005776092870420189
0.010781093899826052
0.009915389562981748
0.009981618310062734
0.010421566415672134
0.0063390372206085606
0.006575568460183507
0.006689103455179481
0.00947071083258085
0.009442327083831857
0.009664666449032307
0.009305138964878388
0.009456518958206353
0.015005541838634593
0.01550225744174198
0.013803963141593866
0.01462236123052318
0.014636553104897677
0.014740626850310653
0.015350877448414015
0.015379261197163008
0.02194063778297202
0.02219136089692146
0.02219136089692146
0.024873625153701354
0.02506758077015281
0.026486768207602488
0.027111210680080346
0.028530398117530022
0.028748006857938973
0.02876692935710497
0.03132619736930589
0.03222501607969069
0.03241897169614214
0.03266969481009158
0.03292987917362403
0.03320898603632246
0.03373881601297034
0.03379085288567683
0.03381450600963432
0.03408415162274976
0.034448409731695176
0.035659449678318904
0.03578244592289788
0.03572567842539989
0.03581556029643837
0.035995324038515325
0.0361230509078858
0.0347984759662661
0.035337767192496976
0.032499392317597624
0.032664964185300085
0.03309545104132649
0.03255142919030411
0.03281161355383655
0.03285418917696004
0.03245681669447413
0.032617657937385094
0.03143500173951037
0.031520152985757346
0.031557997984089335
0.032045252337613725
0.03218717108135869
0.028341173125870065
0.02612251009865707
0.024022112691231546
0.02498242952390583
0.01890830729162121
0.01797164358290442
0.018156137949772878
0.020232882233240906
0.02078163470905478
0.020497797221564848
0.020985051575089234
0.021737220916937566
0.022659692751279856
0.022801611495024823
0.023113832731263752
0.025933285106997113
0.026619225701764455
0.026377963837398013
0.026680723824053943
0.026638148200930453
0.026940908187586383
0.02721528442549332
0.027508583162566255
0.027551158785689745
0.027768767526098696
0.028161409383793107
0.028516206243155526
0.029807666811234732
0.029571135571659787
0.030403725534963597
0.02884261935376895
0.02919741621313137
0.030413186784546596
0.03007731242435017
0.03035641928704861
0.030706485521619527
0.03179452922366428
0.03442002598294618
0.03499243158271756
0.03511069720250503
0.035621604679986915
0.03730570710576053
0.03651096214078871
0.035437110313118456
0.035692564051859395
0.03628862277558826
0.03623658590288177
0.036615035886201686
0.03669072588286567
0.03713067398847507
0.038611359548214236
0.03934460639089657
0.03952910075776503
0.039652097002344
0.04036642134586033
0.04044211134252432
0.0422870550112089
0.043583246204079606
0.04366366682553509
0.04618508983940402
0.046539886698766436
0.04673384231521789
0.046913606057294846
0.04706025542583132
0.04720690479436778
0.04746235853310873
0.04768942852310067
0.04783134726684564
0.04686629980937986
0.0466865360673029
0.046591923571472925
0.04772727352143266
0.04804895600725459
0.04829494849641253
0.048451059114532
0.048441597864949004
0.048342254744327524
0.047296786665406265
0.047632661025602686
0.04805841725683759
0.04829494849641253
0.04878693347472842
0.04767523664872618
0.050792718386323966
0.05105763337464791
0.0515448877281723
0.05179088021733024
0.05145973648192532
0.0519706439594072
0.0528647320450005
0.05240113081543361
0.05221663644856515
0.052476820812097584
0.052926230167289985
0.05311545515894994
0.05299245891437097
0.050594032145081014
0.05227813457085463
0.05056091777154052
0.05088733088215395
0.051431352733176325
0.05246262893772309
0.051029249625898915
0.05047103590050204
0.0510670946242309
0.055111778820962486
0.05597275253301529
0.055736221293440344
0.05598221378259829
0.057127024982141034
0.03634065964829475
0.0361041284087198
0.03622239402850728
0.036359582147460746
0.03647784776724822
0.036496770266414215
0.03682791400181914
0.037688887713871945
0.037958533326987384
0.038109913320315346
0.03825183206406032
0.03999743261212342
0.04014881260545138
0.04018665760378338
0.0400825838583704
0.04004473886003841
0.04012042885670239
0.04126997068103663
0.04105236194062768
0.041369313801658106
0.0413976975504071
0.0414071587999901
0.04167680441310554
0.04164842066435655
0.04199848689892746
0.042140405642672435
0.042797962488690784
0.042797962488690784
0.041941719401429475
0.04211675251871494
0.041832915031225
0.04171938003622903
0.04187549065434849
0.04196537252538697
0.042088368769965946
0.04222082626412792
0.04294461185722725
0.04295880373160175
0.043819777443654555
0.04413199867989348
0.043971157436982516
0.043971157436982516
0.044174574303016974
0.04432122367155344
0.04461925303341787
0.04443948929134091
0.04458140803508588
0.04460033053425187
0.04468548178049885
0.04469021240529036
0.04463344490779237
0.039940665114625434
0.04029546197398785
0.04168153503789704
0.04175249440976952
0.04168153503789704
0.041856568155182496
0.04232016938474939
0.0427175418672353
0.04286892186056327
0.04297299560597624
0.041908605027888984
0.04078744695230374
0.04085840632417623
0.038090990821149355
0.038530938926758754
0.03872016391841871
0.04004946948482991
0.040229233226906864
0.040375882595443335
0.040915173821674214
0.04091044319688271
0.040986133193546694
0.04094355757042321
0.041019247567087185
0.041151705061249155
0.04126524005624513
0.041790339408101514
0.04179507003289301
0.04247154937807736
0.04250939437640935
0.04268442749369481
0.04291149748368676
0.042883113734937764
0.0444678730400899
0.04443002804175791
0.044742249277996846
0.044742249277996846
0.043838699942820546
0.04387654494115254
0.04388600619073554
0.0440279249344805
0.043772471195739564
0.044075231182395494
0.04421714992614046
0.04478955552591183
0.04479428615070333
0.04482266989945232
0.044780094276328834
0.04489362927132481
0.044780094276328834
0.0449220130200738
0.04514908301006575
0.04531938550255971
0.04567891298671363
0.04565999048754763
0.04549441861984517
0.04568364361150513
0.045839754229624594
0.04548022674547068
0.04524369550589573
0.0449267436448653
0.04488889864653331
0.0444867955392559
0.04435433804509393
0.04444421991613241
0.044510448663213395
0.04501189489111228
0.04511123801173376
0.045168005509231744
0.04540926737359819
0.045518071743802666
0.04631754733356599
0.04650204170043444
0.04659665419626442
0.046979834804375835
0.046710189191260396
0.0471170229233293
0.047415052285193736
0.04733936228852975
0.04848890411286399
0.048924121593681896
0.048995080965554376
0.04874908847639643
0.048692320978898446
0.048744357851604934
0.04897142784159688
0.049264726578669815
0.05030073340800808
0.05031019465759108
0.05076433463757497
0.05086840838298795
0.05093463713006894
0.050641338392996005
0.05202741145690519
0.052254481446897136
0.052557241433553066
0.052476820812097584
0.05187603146357722
0.052273403946063134
0.05232544081876962
0.05357905638851684
0.05371151388267881
0.053702052633095805
0.053749358881010796
0.05387235512558977
0.05383924075204928
0.053900738874338765
0.054033196368500735
0.053716244507470305
0.0537257057570533
0.054066310742041226
0.05414673136349671
0.05393858387267075
0.05426499698328418
0.054387993227863154
0.05427445823286718
0.053631093261223325
0.053716244507470305
0.05377301200496829
0.054406915727029145
0.05435960947911416
0.054775904460766064
0.054960398827634524
0.054624524467438096
0.05492728445409403
0.05487051695659604
0.05487051695659604
0.054723867588059576
0.05469548383931058
0.05479955758472356
0.055144893194502984
0.055144893194502984
0.05537669380928643
0.05547130630511641
0.05564160879761037
0.05564160879761037
0.05580718066531283
0.0559301769098918
0.05578825816614683
0.055920715660308803
0.058707053662501674
0.058943584902076615
0.05956802737455447
0.05954910487538848
0.06022558422057283
0.06037223358910929
0.06038169483869229
0.060684454825348226
0.06283215848068874
0.06292677097651872
0.06305922847068068
0.06276119910881625
0.06293623222610172
0.06311599596817867
0.06282742785589723
0.061677886031562996
0.061526506038235035
0.061512314163860535
0.06197118476863593
0.061900225396763445
0.06189076414718045
0.061900225396763445
0.061815074150516465
0.06131362792261758
0.061985376643010424
0.06217460163467038
0.06195699289426143
0.061881302897597454
0.061862380398431456
0.06182453540009947
0.061966454143844434
0.06155488978698403
0.0616731554067715
0.061644771658022506
0.06158800416052452
0.061829266024890965
0.06185764977363996
0.06203741351571691
0.062184062884253384
0.06229759787924936
0.06173465352906098
0.06163531040843951
0.06091152481534017
0.06085948794263368
0.06095883106325516
0.0616920779059375
0.06174884540343548
0.06155488978698403
0.06150758353906904
0.0621131035123809
0.062217177257793875
0.06215567913550439
0.06222663850737687
0.06230705912883235
0.062472630996534814
0.06228340600487486
0.06230705912883235
0.062250291631334366
0.06219352413383638
0.0621225647619639
0.06207525851404891
0.06336198845733662
0.06325318408713214
0.06339037220608561
0.06334779658296212
0.0634518703283751
0.0634234865796261
0.06378774468857151
0.06404319842731246
0.06403846780252097
0.06418984779584892
0.06445476278417286
0.06445476278417286
0.06449260778250486
0.06444057090979836
0.06496093963686325
0.06526369962351919
0.06523531587477019
0.06528262212268518
0.06555226773580061
0.0655995739837156
0.06568945585475408
0.0656421496068391
0.06571310897871158
0.06577933772579257
0.06585029709766504
0.06589760334558004
0.06570837835392009
0.0656421496068391
0.06630916770244044
0.06654096831722389
0.06660719706430487
0.06666396456180286
0.06657408269076438
0.06665923393701137
0.0664842008197259
0.06659773581472188
0.0665031233188919
0.0665315070676409
0.06686265080304582
0.06698564704762479
0.06736882765573621
0.06688630392700332
0.06715121891532726
0.06769051014155814
0.06765266514322614
