0.0
0.0
0.0
2.8383748748993554e-05
2.8383748748993554e-05
2.8383748748993554e-05
7.095937187248389e-05
7.095937187248389e-05
7.095937187248389e-05
7.095937187248389e-05
7.095937187248389e-05
4.257562312349033e-05
4.257562312349033e-05
4.257562312349033e-05
4.257562312349033e-05
4.257562312349033e-05
4.257562312349033e-05
4.257562312349033e-05
4.257562312349033e-05
4.257562312349033e-05
4.257562312349033e-05
4.257562312349033e-05
4.257562312349033e-05
4.257562312349033e-05
4.257562312349033e-05
4.257562312349033e-05
6.149812228948603e-05
6.149812228948603e-05
1.8922499165995704e-05
1.8922499165995704e-05
1.8922499165995704e-05
0.0012488849449557166
0.0012488849449557166
0.0012678074441217122
0.0013103830672452025
0.001348228065577194
0.001348228065577194
0.001348228065577194
0.001348228065577194
0.001348228065577194
0.0013671505647431896
0.0013671505647431896
0.0014854161845306627
0.0015137999332796564
0.0015137999332796564
0.0015421836820286498
0.0015421836820286498
0.0016557186770246241
0.0016557186770246241
0.0016935636753566156
0.0016935636753566156
0.002109858657008521
0.0021524342801320113
0.0022281242767959943
0.0022565080255449875
0.002426810518038949
0.0025214230138689278
0.0025214230138689278
0.002616035509698906
0.003467547972168713
0.003505392970500704
0.003500662345709205
0.0034628173473772138
0.003335090478006743
0.0033634742267557366
0.0034580867225857148
0.0034580867225857148
0.0035337767192496978
0.0037939610827821386
0.004257562312349033
0.004120374193395565
0.004148757942144558
0.004148757942144558
0.004262292937140533
0.00449409355192398
0.00449409355192398
0.004513016051089975
0.0045272079254644725
0.005828129743126677
0.0058943584902076615
0.005875435991041666
0.006007893485203636
0.006793177200592458
0.006726948453511473
0.006726948453511473
0.006802638450175456
0.0027153786303203836
0.002876219873231347
0.002876219873231347
0.002932987370729334
0.0029046036219803405
0.0029046036219803405
0.002828913625316358
0.002871489248439848
0.0029140648715633385
0.0030181386169763147
0.0030370611161423104
0.003065444864891304
0.0031553267359297837
0.0032120942334277706
0.003193171734261775
0.0032404779821767643
0.003505392970500704
0.003406049849879227
0.00343443359862822
0.003453356097794216
0.0025261536386604264
0.0026586111328223963
0.0028005298765673642
0.0028052605013588632
0.002885681122814345
0.002966101744269827
0.003008677367393317
0.003443894848211218
0.003850728580280126
0.0039216879521526095
0.004106182319021068
0.004565052923796464
0.004583975422962459
0.00466912666920944
0.004773200414622416
0.0048914660344098896
0.004948233531907877
0.005005001029405863
0.005165842272316827
0.005345606014393787
0.005402373511891773
0.005563214754802737
0.006528262212268518
0.006812099699758454
0.007696726535768752
0.007682534661394256
0.007758224658058238
0.00806098464471417
0.008127213391795155
0.008155597140544148
0.011064931387315988
0.011571108240006373
0.011883329476245302
0.011921174474577294
0.012119860715820248
0.012058362593530762
0.012517233198306159
0.01246046570080817
0.012715919439549113
0.01343970503264845
0.013728273144929883
0.01378977126721937
0.01378977126721937
0.014163490625747784
0.014740626850310653
0.015937474922559883
0.015918552423393885
0.01606993241672185
0.016268618657964806
0.016278079907547805
0.017243127365013586
0.017422891107090544
0.018037872329985404
0.018969805413910693
0.019229989777443134
0.018520396058718296
0.01884680916933172
0.018875192918080715
0.019083340408906666
0.019802395377214503
0.020511989095939345
0.02061606284135232
0.021126970318834204
0.02110804781966821
0.02021869035886641
0.020360609102611376
0.020138269737410928
0.02018557598532592
0.020294380355530394
0.020431568474483863
0.02057348721822883
0.021472305928613624
0.02161895529715009
0.021789257789644054
0.021770335290478057
0.022725921498360842
0.0237903120764481
0.023057065233765765
0.024012651441648547
0.024769551408288376
0.025318303884102254
0.024447868922466448
0.02501554389744632
0.025706215117005164
0.027238937549450816
0.02749439128819176
0.02753223628652375
0.02760792628318773
0.027764036901307198
0.027806612524430688
0.028445246871283043
0.028648663737317497
0.02859189623981951
0.028610818738985504
0.029235261211463363
0.029012921846262914
0.02898453809751392
0.028975076847930922
0.029145379340424882
0.02943394745270632
0.031160625501603426
0.0325940048134276
0.03272646230758957
0.032787960429879054
0.03281161355383655
0.033185332912364966
0.03329886790736094
0.03534722844207998
0.03460452034981464
0.03460925097460614
0.03501135408188355
0.03554591468332293
0.035640527179152906
0.03625077777725627
0.036397427145792735
0.03643527214412473
0.036581921512661195
0.03665761150932518
0.03661976651099318
0.0365393458895377
0.03664815025974218
0.036667072758908174
0.03667653400849118
0.03625550840204777
0.037774038960118925
0.03791122707907239
0.037958533326987384
0.038195064566562326
0.038512016427592756
0.03865393517133772
0.03882423766383169
0.03959059888005451
0.04016773510461738
0.040144081980659885
0.040508340089605306
0.0405225319639798
0.04063606695897577
0.04103817006625318
0.04109020693895967
0.04136458317686661
0.041586922542067056
0.041705188161854534
0.04145919567269659
0.041856568155182496
0.04055091571272879
0.04082529195063573
0.040508340089605306
0.04082529195063573
0.04092936569604871
0.04117062756041515
0.04105709256541918
0.04151123254540308
0.04231543875995789
0.04276957873994179
0.04351228683220712
0.04396642681219102
0.04426445617405545
0.04501189489111228
0.04633646983273198
0.0462560492112765
0.04607628546919954
0.04607628546919954
0.04607155484440804
0.04615197546586352
0.046440543578144956
0.046440543578144956
0.046610846070638916
0.04530992425297671
0.04527207925464472
0.04525788738027023
0.04517746675881475
0.04523423425631273
0.045801909231292605
0.046019517971701555
0.04617089796502952
0.04631754733356599
0.04682372418625637
0.045248426130687226
0.04540926737359819
0.04567418236192213
0.04598167297336956
0.04783134726684564
0.04772727352143266
0.049903360925522174
0.04993174467427117
0.04996012842302016
0.050423729652587054
0.05035277028071457
0.050456844026127545
0.050631877143413
0.05069810589049399
0.05053253402279153
0.05095829025402643
0.05059876276987251
0.04937353094887429
0.04957221719011724
0.04945395157032977
0.05145973648192532
0.05189022333795172
0.05194699083544971
0.051549618352963796
0.05149285085546581
0.05172465147024926
0.051748304594206755
0.052793772673128014
0.05272754392604703
0.05258562518230206
0.052538318934387075
0.05273227455083853
0.05264712330459155
0.05244843706334859
0.052826887046668505
0.05282215642187701
0.052779580798753514
0.05354121139018485
0.05371151388267881
0.05356959513893384
0.054894170080553535
0.05481374945909805
0.05481848008388956
0.055059741948256
0.055225313815958466
0.05525369756470746
0.05523950569033296
0.05531992631178844
0.05538615505886942
0.055428730681992916
0.054255535733701184
0.05464817759139559
0.055092856321796495
0.05515908506887748
0.05510231757137949
0.05456302634514861
0.05471913696326808
0.05485159445743005
0.054875247581387544
0.05470494508889358
0.05483267195826405
0.054993513201175015
0.05502189694992401
0.055125970695336986
0.054979321326800515
0.05490363133013654
0.054894170080553535
0.055178007568043475
0.055092856321796495
0.05537669380928643
0.05641270063862469
0.05653096625841217
0.05678641999715311
0.056720191250072126
0.05670126875090613
0.058035304942108824
0.058082611190023815
0.05824345243293478
0.05940245550685201
0.05950652925226499
0.05954910487538848
0.059449761754767
0.059563296749762976
0.05936461050852002
0.05931730426060503
0.059312573635813534
0.059189577391234566
0.05945922300435
0.059596411123303474
0.05963425612163546
0.05962479487205247
0.059411916756435014
0.059378802382894516
0.05937407175810302
0.05915646301769407
0.059430839255601005
0.05951599050184799
0.059979591731414886
0.059307843011022036
0.06006947360245336
0.0599133629843339
0.05993701610829139
0.06008839610161936
0.060097857351202356
0.06046211546014777
0.06072703044847171
0.06052834420722876
0.06054726670639476
0.06056618920556075
0.060887871691382676
0.06087841044179968
0.06067972420055672
0.061796151651350474
0.06197591539342743
0.06149339166469454
0.06148393041511154
0.061630579783648005
0.06178669040176747
0.06173465352906098
0.06158800416052452
0.06148393041511154
0.061465007915945544
0.061465007915945544
0.061512314163860535
0.06143189354240505
0.061209554177204605
0.06073176107326321
0.060722299823680215
0.06053307483202026
0.06082637356909319
0.06090206356575718
0.06116224792928961
0.06102979043512764
0.06154069791260953
0.061427162917613555
0.06182453540009947
0.062434785998202826
0.06207525851404891
0.062316520378415355
0.06252466786924131
0.06259089661632229
0.06278012160798224
0.06260035786590529
0.06278485223277375
0.06287473410381222
0.0630166528475572
0.06304503659630618
0.06322480033838315
0.0634140253300431
0.06330522095983863
0.06337144970691962
0.0634092947052516
0.06398643092981447
0.06377828343898852
0.06359378907212006
0.06355594407378808
0.06364109532003505
0.06372624656628204
0.06263347223944578
0.06275646848402475
0.06275173785923326
0.06279431348235674
0.06272335411048426
0.06333833533337913
0.0634471397035836
0.06330995158463013
0.06467237152458181
0.06513597275414872
0.06549550023830263
0.06518327900206371
0.06533465899539166
0.06326737596150664
0.06322480033838315
0.06299773034839119
0.06293150160131021
0.06281796660631424
0.0629693465996422
0.06306395909547219
0.06313018784255317
0.06321060846400865
0.06316803284088517
0.06304976722109769
0.06323426158796615
0.06310653471859567
0.0629788078492252
0.0629882690988082
0.06338564158129412
0.06352756032503908
0.06355594407378808
0.06361271157128606
0.06363163407045205
0.06420403967022342
0.06425134591813841
0.06441691778584088
0.06435068903875989
0.06405265967689545
0.06395804718106549
0.06403846780252097
0.06412361904876794
0.06392020218273349
0.063858704060444
0.06361271157128606
0.06347079282754109
0.06354175219941358
0.06345660095316659
0.06379720593815452
0.06392966343231649
0.06382085906211202
0.063896549058776
0.06488524964019927
0.06485213526665878
0.06486159651624178
0.06480009839395229
0.06493255588811425
0.06523058524997868
0.06480482901874379
0.06482375151790978
