0.0
0.0
0.0
0.0
0.0
0.0
0.0
0.0
0.0
0.0
0.0
3.784499833199141e-05
0.00033114373540492483
0.00033114373540492483
0.0012394236953727185
0.001466493685364667
0.001466493685364667
0.001466493685364667
0.0015469143068201489
0.0017645230472290994
0.0017645230472290994
0.0017645230472290994
0.0017645230472290994
0.0022943530238769792
0.002313275523042975
0.0026444192584478996
0.0026728030071968933
0.0026728030071968933
0.003448625473002717
0.003448625473002717
0.0036189279654966783
0.0036189279654966783
0.005038115402946356
0.005057037902112352
0.005075960401278347
0.005085421650861345
0.005705133498547705
0.005837590992709675
0.005837590992709675
0.006022085359578133
0.006041007858744129
0.006277539098319075
0.006206579726446591
0.006206579726446591
0.006249155349570081
0.006268077848736077
0.006466764089979032
0.006466764089979032
0.006485686589145028
0.006495147838728025
0.006514070337894021
0.006514070337894021
0.0065424540866430144
0.006816830324549952
0.006816830324549952
0.007143243435163378
0.007143243435163378
0.00713378218558038
0.007777147157224234
0.006807369074966954
0.006220771600821088
0.006438380341230039
0.006613413458515498
0.005572676004385735
0.006424188466855541
0.006443110966021537
0.0066039522089325
0.007540615917649288
0.008098829643046162
0.00898345647905646
0.009565323328410829
0.010412105166089137
0.010544562660251106
0.011840753853121812
0.00951801708049584
0.00956059270361933
0.010071500181101213
0.01079055514940905
0.012086746342279756
0.012048901343947765
0.014120915002624294
0.014262833746369262
0.015246803703001039
0.015341416198831018
0.016859946756902174
0.017139053619600608
0.017484389229380032
0.017139053619600608
0.0176215773483335
0.017602654849167503
0.017678344845831487
0.018520396058718296
0.019575325387222557
0.022276512143168444
0.02325575147500872
0.023941692069776064
0.02400319019206555
0.025848133860750133
0.029836050559983725
0.03011988804747366
0.030011083677269186
0.029670478692281264
0.02964209494353227
0.029613711194783277
0.02963263369394927
0.029670478692281264
0.030294921164759122
0.030063120549975675
0.030697024272036532
0.031288352370973896
0.0347890147166831
0.023180061478344737
0.02365312395749463
0.02493039265119934
0.024996621398280326
0.02519057701473178
0.025621063870758184
0.02585759511033313
0.026008975103661094
0.023714622079784115
0.0246702082876669
0.02436271767621947
0.02439110142496846
0.02514800139160829
0.024854702654535356
0.025204768889106277
0.02515746264119129
0.026226583844070044
0.02788230252109467
0.028336442501078567
0.028781121231479467
0.029348796206459336
0.030408456159755095
0.032499392317597624
0.0326034660630106
0.03298191604633051
0.032835266677794045
0.03291095667445803
0.025072311394944306
0.025256805761812766
0.025540643249302702
0.02681791194300741
0.02801949064004814
0.02911226496688439
0.028956154348764924
0.029131187466050385
0.027480199413817262
0.027555889410481243
0.029008191221471413
0.030408456159755095
0.03123158487347591
0.03173303110137479
0.03192225609303475
0.03232435920031216
0.03235274294906115
0.03408415162274976
0.03538507344041197
0.03713067398847507
0.03724420898347104
0.03781188395845091
0.03685629775056813
0.036832644626610636
0.0374665483486715
0.03800583957490237
0.038161950193021835
0.038696510794461215
0.038781662040708195
0.03905603827861513
0.04030492322357085
0.04085367569938472
0.04167680441310554
0.04286892186056327
0.0445009874136304
0.04457667741029438
0.046090477343574035
0.04634593108231498
0.0466865360673029
0.0471359454224953
0.047817155392471146
0.047670506023934675
0.04760427727685369
0.047183251670410285
0.04760900790164519
0.04816249100225056
0.04964317656198973
0.05073595088882598
0.050811640885489964
0.05309180203499245
0.05546184505553341
0.054823210708681056
0.05575514379260634
0.05575514379260634
0.05620455314779874
0.05678168937236161
0.05718852310443052
0.05711756373255803
0.05775146745461889
0.05804476619169182
0.058252913682517775
0.05910442614498758
0.05987078736121041
0.05974306049183994
0.05994174673308289
0.060504691083271264
0.06037223358910929
0.06144608541677955
0.06229759787924936
0.06404792905210396
0.063896549058776
0.0639107409331505
0.060031628604121375
0.05971940736788244
0.060334388590777305
0.05987551798600191
0.06066553232618223
0.06126159104991109
0.06214148726112989
0.06194280101988694
0.06190495602155495
0.06183872727447396
0.06224556100654287
0.062434785998202826
0.06278485223277375
0.06268550911215227
0.06276119910881625
0.06275173785923326
0.06280850535673124
0.06459195090312633
0.06597329334224403
0.06615305708432098
0.06616251833390398
0.06619563270744447
0.066058444588491
0.0665125845684749
0.06671600143450936
0.06584083584808205
0.06544819399038763
0.06559484335892411
0.06597802396703552
0.06626659207931695
0.06704241454512277
0.06753439952343866
0.0673640970309447
0.06764793451843464
0.06774727763905612
0.06859405947673443
0.06815884199591653
0.06803111512654605
0.068258185116538
0.06845214073298946
0.06974360130106867
0.0691522732021313
0.06890628071297336
0.06990444254397964
0.06954018443503421
0.06989971191918813
0.06934622881858275
0.06965371943003018
0.06985713629606465
0.07016462690751207
0.07070864875853444
0.07103033124435637
0.07120063373685033
0.07149393247392327
0.0713141687318463
0.07128105435830581
0.07112967436497786
0.07203322370015415
0.07204268494973715
0.07189603558120068
0.07146081810038278
0.07085056750227942
0.07055253814041498
0.0709309881237349
0.07051469314208299
0.07016462690751207
0.07009839816043109
0.06985713629606465
0.07076541625603243
0.07069918750895145
0.07116751936330984
0.07109182936664586
0.07189130495640918
0.07165477371683424
0.07055253814041498
0.07078906937998992
0.07058092188916397
0.07078906937998992
0.07075595500644943
0.07064242001145346
0.07206633807369464
0.07378355487300875
0.07424715610257564
0.07455464671402308
0.07448841796694208
0.0744363810942356
0.07419511922986916
0.07437488297194611
0.07463506733547856
0.07439380547111211
0.07451207109089958
0.07441745859506961
0.07551496354669736
0.07534939167899489
0.07590760540439177
0.07681115473956807
0.07649893350332913
0.07635701475958416
0.07628132476292018
0.07625767163896269
0.07657935412478462
0.07650839475291213
0.07682061598915106
0.07700984098081101
0.07730787034267544
0.0766266603726996
0.07626240226375419
0.07540142855170139
0.07509866856504545
0.07507974606587946
0.07458776108756357
0.07450260984131658
0.0753020854310799
0.07503717044275597
0.07468237358339355
0.07513178293858594
0.07481010045276401
0.0753683141781609
0.07522166480962442
0.07389235924321322
0.07393493486633672
0.07347606426156132
0.07333887614260785
0.07345241113760383
0.0735375623838508
0.07340983551448034
0.07340983551448034
0.07436069109757162
0.07424242547778415
0.07450734046610809
0.07494255794692599
0.07470602670735103
0.07586029915647678
0.07600221790022174
0.07622928789021369
0.07635228413479267
0.0761914428918817
0.0762103653910477
0.0762245572654222
0.07522639543441592
0.07526424043274792
0.07518381981129243
0.07475333295526602
0.07510339918983695
0.07522639543441592
0.0753541223037864
0.0753541223037864
0.07514124418816893
0.07516016668733494
0.07428027047611614
0.07477225545443203
0.0744316504694441
0.07446949546777609
0.07425661735215865
0.07388762861842173
0.07454045483964858
0.07404373923654119
0.07392074299196222
0.07380720799696625
0.07321587989802888
0.07308815302865841
0.07321114927323738
0.07326318614594386
0.07349971738551882
0.0735706767573913
0.0744458423438186
0.0736037911309318
0.07293677303533044
0.07276647054283648
0.07254413117763603
0.07258197617596802
0.07245424930659755
0.07252993930326153
0.0722744855645206
0.07238802055951657
0.07236909806035056
0.07229340806368659
0.07162165934329374
0.07140878122767629
0.07114859686414385
0.0713803974789273
0.07125740123434832
0.07124793998476532
0.07018828003146957
0.0700463612877246
0.06932730631941676
0.06944084131441274
0.06900089320880333
0.06831495261403599
0.06900089320880333
0.06878328446839438
0.0686792107229814
0.06857986760235993
0.06851363885527895
0.06758170577135365
0.06728367640948922
0.06729786828386372
0.06712756579136976
0.0669714551732503
0.06702822267074829
0.06720798641282524
0.06728367640948922
0.06731206015823822
0.0673972114044852
0.06931784506983377
0.06986659754564764
0.06968210317877918
0.06939353506649774
0.06972467880190267
0.0696111438069067
0.06970102567794517
0.06968210317877918
0.0696158744316982
0.0696064131821152
0.0695638375589917
0.06983348317210715
0.06907185258067582
0.06895831758567984
0.06881639884193488
0.06877855384360289
0.06781823701092861
0.06762901201926864
0.06769051014155814
0.06780404513655411
0.06759589764572815
0.06751547702427267
0.06679169143117333
0.06642743332222792
0.06583610522329056
0.06579826022495856
0.06454937528000285
0.06489944151457376
0.06461087340229234
0.06446895465854736
0.06393439405710799
0.06381612843732051
0.06310653471859567
0.06319641658963415
0.06328156783588114
0.0634613315779581
0.06341875595483461
0.06359851969691156
0.06365528719440955
0.06277066035839925
0.06302138347234869
0.06284635035506324
0.06266185598819478
0.06262874161465429
0.06261454974027979
0.06271389286090126
0.06270916223610977
0.06276592973360776
0.06353229094983058
0.06350390720108158
0.0634376784540006
0.06339037220608561
0.0629740772244337
0.06337618033171111
0.0629551547252677
0.06290784847735272
0.0629693465996422
0.06279904410714825
0.0625577822427818
0.06264293348902877
0.06270916223610977
0.0625388597436158
0.061829266024890965
0.06091625544013167
0.06061349545347574
0.06066080170139073
0.060689185450139724
0.06070337732451422
0.060769606071595206
0.06142243229282206
0.06131835854740908
0.0612379379259536
0.06069864669972272
0.06060876482868424
0.06073649169805471
0.06057565045514375
0.060708107949305715
0.06098248418721266
0.060689185450139724
0.06067972420055672
0.06052361358243726
0.06052361358243726
0.060466846084939276
0.06023977609494732
0.06016881672307484
0.06022558422057283
