0.0
0.0
0.0
0.0
0.0
5.676749749798711e-05
5.676749749798711e-05
5.676749749798711e-05
5.676749749798711e-05
0.00017030249249396133
0.00030275998665593127
0.0006149812228948604
0.0006149812228948604
0.0005676749749798711
0.0005676749749798711
0.0005676749749798711
0.0005487524758138754
0.0006055199733118625
0.0006433649716438539
0.0006433649716438539
0.0006433649716438539
0.0007143243435163378
0.0008562430872613056
0.0009130105847592928
0.0009697780822572798
0.0009981618310062734
0.0011116968260022476
0.0011306193251682433
0.001206309321832226
0.001206309321832226
0.0011779255730832326
0.0011779255730832326
0.0012536155697472154
0.0013860730639091853
0.001466493685364667
0.0022706998999194846
0.0018685967926420758
0.0018685967926420758
0.002109858657008521
0.002109858657008521
0.002109858657008521
0.002242316151170491
0.002280161149502482
0.0022233936520044953
0.003264131106134259
0.00330197610446625
0.003377666101130233
0.003472278596960212
0.004475171052757984
0.005265185392938305
0.00546387163418126
0.006149812228948604
0.00612142848019961
0.0069161734451714295
0.008179250264501644
0.008746925239481514
0.008969264604681964
0.009376098336750871
0.009281485840920893
0.009281485840920893
0.008524585874281065
0.00921052646904841
0.01047833391317012
0.009371367711959372
0.009768740194445283
0.009920120187773248
0.009820777067151771
0.009820777067151771
0.010104614554641705
0.011263617628558943
0.011992133846449777
0.012001595096032776
0.012134052590194745
0.012304355082688706
0.013004487551830547
0.01141026699709541
0.011041278263358493
0.010951396392320014
0.010199227050471684
0.010785824524617552
0.010932473893154018
0.011902251975411298
0.01299029567745605
0.013160598169950011
0.013359284411192968
0.01299029567745605
0.013028140675788042
0.007942719024926697
0.008131944016586654
0.008103560267837661
0.008160327765335647
0.008780039613022006
0.00832589963303811
0.008434704003242584
0.008510393999906569
0.008586083996570551
0.008756386489064513
0.008869921484060486
0.009021301477388452
0.009371367711959372
0.009409212710291364
0.009617360201117317
0.010695942653579071
0.011651528861461855
0.01167518198541935
0.012536155697472153
0.012536155697472153
0.01079055514940905
0.011131160134396974
0.01127307887814194
0.011883329476245302
0.012753764437881105
0.012791609436213096
0.012938258804749563
0.013165328794741511
0.014915659967596114
0.015128538083213565
0.016140891788594337
0.016273349282756304
0.016973481751898147
0.01730462548730307
0.01736139298480106
0.01745600548063104
0.02312329398084675
0.02445259954725795
0.029041305595011908
0.02929202870896135
0.03149649986179985
0.03190333359386876
0.03206417483677972
0.03315694916361597
0.03327994540819494
0.03366785664109786
0.03179452922366428
0.033289406657777944
0.033757738512136336
0.03462344284898064
0.03498297033313456
0.033994269751711284
0.033710432264221345
0.034259184740035226
0.03432068286232471
0.03441056473336319
0.034684940971270124
0.03484105158938959
0.03673803213078066
0.03689414274890013
0.037334090854509526
0.037759847085744425
0.03961425200401201
0.039642635752761
0.040314384473153844
0.04033330697231984
0.04126997068103663
0.04110912943812567
0.042211365014544915
0.04307233872659772
0.042731733741609795
0.04266550499452881
0.04288784435972926
0.0436068993280371
0.04371097307345008
0.04499297239194629
0.04499297239194629
0.04577825610733511
0.04614724484107202
0.04636485358148097
0.04645000482772795
0.047367746037278745
0.04778877164372215
0.048356446618702024
0.05083056338465596
0.05172465147024926
0.05213148520231817
0.05219771394939915
0.05229705707002063
0.05229705707002063
0.052391669565850604
0.05279850329791951
0.05293096079208148
0.053058687661451956
0.0532857576514439
0.05368786075872131
0.053801395753717285
0.05498405195159202
0.05547603692990791
0.055580110675320885
0.05564160879761037
0.05591125441072581
0.05647892938570568
0.05647419876091418
0.056521505008829166
0.05752912808941844
0.05716960060526452
0.05792650057190435
0.05809680306439831
0.05883478053187214
0.05892939302770212
0.059128079268945075
0.058655016789795185
0.058787474283957156
0.058787474283957156
0.05962006424726096
0.06085948794263368
0.06111494168137462
0.06119063167803861
0.061379856669698564
0.061379856669698564
0.06207998913884041
0.06239221037507933
0.06241586349903683
0.06245370849736882
0.06241113287424533
0.06241113287424533
0.06329575971025563
0.06290784847735272
0.06351809907545608
0.06363163407045205
0.06363636469524356
0.06436488091313439
0.06441218716104938
0.06456356715437735
0.06528735274747668
0.06437434216271738
0.06545292461517914
0.06611994271078049
0.0665125845684749
0.06598748521661851
0.06599694646620152
0.06566580273079659
0.06624293895535946
0.06717487203928475
0.06720798641282524
0.06630443707764895
0.06590233397037154
0.06596856271745252
0.0661010202116145
0.06642743332222792
0.07110602124102036
0.07142770372684229
0.07081272250394742
0.07097356374685838
0.07169734933995772
0.07173992496308121
0.0722744855645206
0.07225556306535459
0.0721987955678566
0.07175884746224721
0.07307396115428391
0.07349971738551882
0.07289892803699845
0.07380720799696625
0.07345241113760383
0.07426607860174164
0.07426607860174164
0.07432284609923963
0.07437961359673761
0.07469183483297655
0.074866867950262
0.07508447669067095
0.07559065354336134
0.07572311103752331
0.07566634354002533
0.07571838041273181
0.07592652790355776
0.07434649922319712
0.07500878669400697
0.07535885292857789
0.07539669792690988
0.0753399304294119
0.07545819604919937
0.07568526603919132
0.07570891916314881
0.07563322916648484
0.07568053541439981
0.07493782732213448
0.07493782732213448
0.07523112605920743
0.07573257228710631
0.0762150960158392
0.07610629164563472
0.07658408474957612
0.07772889594911886
0.07801273343660879
0.07854729403804817
0.07921431213364952
0.08095991268171263
0.08092679830817212
0.08130051766670054
0.08141878328648802
0.08157016327981598
0.08141405266169652
0.08214729950437885
0.08243113699186878
0.08311707758663613
0.08267239885623523
0.08247844323978377
0.08313600008580213
0.08322588195684061
0.0836989444359905
0.08399697379785492
0.08393547567556545
0.08386924692848446
0.08403008817139543
0.08527424249155964
0.08467345314303927
0.08464506939429028
0.08434230940763435
0.0845741100224178
0.08489579250823973
0.0846024937711668
0.08490525375782272
0.0850140581280272
0.08477752688845225
0.0841152394176424
0.0850235193776102
0.08479171876282675
0.08469710626699677
0.08490525375782272
0.08490525375782272
0.08488160063386523
0.0850235193776102
0.08514651562218917
0.08507082562552519
0.08561957810133906
0.08565742309967106
0.08646162931422587
0.08653731931088986
0.08649947431255786
0.08426188878617887
0.08426188878617887
0.08439434628034084
0.08526005061718514
0.08537358561218111
0.08531681811468313
0.08616359995236143
0.08564323122529656
0.08556281060384108
0.08578041934425003
0.08574257434591803
0.08573784372112654
0.08662247055713683
0.08605952620694846
0.08665558493067732
0.08610683245486345
0.08587503184008001
0.08585137871612251
0.08568580684842005
0.08580880309299901
0.085903415588829
0.08514178499739768
0.08552023498071759
0.08570945997237754
0.08556281060384108
0.08553915747988358
0.085856109340914
0.08585137871612251
0.08572838247154353
0.08521274436927015
0.08486267813469923
0.08421458253826389
0.08464033876949878
0.08489579250823973
0.08518909124531265
0.08521747499406165
0.08496675188011221
0.08511813187344018
0.08655151118526436
0.08645689868943437
0.08694888366775026
0.08909658732309077
0.08886951733309882
0.08832549548207645
0.08817411548874848
0.08813627049041649
0.08823088298624647
0.08737463989898517
0.0871996067816997
0.08786189425250955
0.08790920050042454
0.08819303798791447
0.08870867609018786
0.08867556171664737
0.08855729609685989
0.08849579797457041
0.08863771671831537
0.0893946166849552
0.08972576042036012
0.08986294853931359
0.08991971603681159
0.0898061810418156
0.08962641729973865
0.0898960629128541
0.08983929541535611
0.08981564229139861
0.08929054293954222
0.08976833604348362
0.08956491917744917
0.08915335482058875
0.08921012231808674
0.0898818710384796
0.09000486728305856
0.09004271228139056
0.08979671979223261
0.09047319913741696
0.09035020289283799
0.09045900726304246
0.09061038725637043
0.09055835038366394
0.08968318479723664
0.08928108168995923
0.08871340671497936
0.08951288230474268
0.08925742856600173
0.08933784918745721
0.0893946166849552
0.08909658732309077
0.08894520732976281
0.08913443232142276
0.08841064672832342
0.08850525922415341
0.08841537735311493
0.08752601989231312
0.08766320801126659
0.08741248489731715
0.08714283928420172
0.08780985737980307
0.08808423361771
0.08758278738981112
0.08783351050376056
0.08816465423916549
0.08806058049375251
0.0885762185960259
0.08832076485728495
0.08832549548207645
0.08822615236145497
0.0880984254920845
0.08825926673499546
0.08891209295622231
0.08889317045705632
0.08903508920080129
0.08904928107517579
0.08880328858601784
0.08670289117859231
0.0867501974265073
0.08740775427252566
0.08761590176335161
0.0876726692608496
0.0876348242625176
0.08752601989231312
0.08733206427586167
0.08739829302294266
0.08770578363439009
0.08736990927419366
0.08754494239147913
0.08775782050709657
0.08772943675834759
0.0876348242625176
0.0876206323881431
0.08719014553211671
0.08728948865273818
0.08746925239481514
0.08750709739314713
0.08740302364773415
0.08754967301627062
0.08729421927752969
0.08731314177669568
0.08792812299959053
0.08824980548541246
0.08839645485394892
0.08882221108518383
0.08877017421247735
0.08875598233810285
0.08869921484060486
0.08841064672832342
0.08840591610353193
0.08843903047707243
0.08853364297290241
0.08888370920747332
0.08857148797123439
0.08889317045705632
0.08862352484394088
0.08865190859268987
0.0885762185960259
0.0885525654720684
0.08839172422915743
0.08840118547874043
0.088131539865625
0.08777201238147107
0.08756386489064512
0.08761117113856011
0.08828291985895295
0.08840118547874043
0.08835387923082544
0.08844376110186392
0.08904928107517579
0.08977306666827511
0.08960276417578115
0.08970683792119413
0.08998594478389257
