0.0
0.0
0.0
0.0
0.0
0.0
0.0
0.00015137999332796563
0.00015137999332796563
0.00015137999332796563
0.00015137999332796563
0.0002932987370729334
0.0002932987370729334
0.0002932987370729334
0.0002932987370729334
0.0002932987370729334
0.0002932987370729334
0.0002932987370729334
0.0002932987370729334
0.0002932987370729334
5.676749749798711e-05
5.676749749798711e-05
5.676749749798711e-05
5.676749749798711e-05
5.676749749798711e-05
5.676749749798711e-05
5.676749749798711e-05
8.515124624698066e-05
8.515124624698066e-05
8.515124624698066e-05
8.515124624698066e-05
8.515124624698066e-05
0.00010407374541297637
0.00010407374541297637
0.00010407374541297637
0.00010407374541297637
0.00010407374541297637
0.00010407374541297637
0.00010407374541297637
0.00012299624457897206
0.00015137999332796563
0.00015137999332796563
0.00015137999332796563
0.00022706998999194844
0.00022706998999194844
0.00022706998999194844
0.00022706998999194844
0.00022706998999194844
0.0002743762379069377
0.00031222123623892914
0.00031222123623892914
0.00031222123623892914
0.0005487524758138754
0.0006244424724778583
0.0007001324691418411
0.0009272024591337895
0.0009272024591337895
0.0009272024591337895
0.0009272024591337895
0.001021814954963768
0.00114481119954274
0.0011258887003767445
0.0011258887003767445
0.0012205011962067229
0.001466493685364667
0.0015043386836966586
0.0016178736786926326
0.0016557186770246241
0.0016557186770246241
0.0015611061811946455
0.0016746411761906198
0.001788176171186594
0.0018260211695185855
0.0020814749082595273
0.002284891774293981
0.0021618955297150093
0.0021335117809660156
0.0022612386503364865
0.0022139324024214972
0.0021950099032555016
0.0029140648715633385
0.0030181386169763147
0.0030890979888487987
0.003008677367393317
0.0031647879855127817
0.0032404779821767643
0.0032877842300917536
0.0031553267359297837
0.003197902359053274
0.0032357473573852652
0.003193171734261775
0.003330359853215244
0.0034249723490452225
0.0034249723490452225
0.004219717314017042
0.004820506662537406
0.004792122913788412
0.004995539779822866
0.004938772282324879
0.00457924479817096
0.004636012295668948
0.004636012295668948
0.004768469789830918
0.0050144622789888614
0.005260454768146806
0.004825237287328904
0.004957694781490874
0.004986078530239868
0.005075960401278347
0.005165842272316827
0.005298299766478797
0.00546387163418126
0.005747709121671195
0.0061166978554081115
0.0061166978554081115
0.0061166978554081115
0.006069391607493122
0.005979509736454642
0.00621131035123809
0.006173465352906099
0.006305922847068069
0.006320114721442565
0.006182926602489096
0.006381612843732051
0.006381612843732051
0.00647622533956203
0.0065424540866430144
0.006495147838728025
0.006665450331221987
0.007531154668066291
0.008108290892629159
0.0071385128103718795
0.007762955282849738
0.008302246509080615
0.008387397755327595
0.008444165252825583
0.008524585874281065
0.008519855249489566
0.007914335276177704
0.008742194614690016
0.00877057836343901
0.009125375222801428
0.009891736439024254
0.010095153305058708
0.010274917047135667
0.011244695129392947
0.0114481119954274
0.010899359519613525
0.011826561978747315
0.011949558223326287
0.012966642553498556
0.012980834427873053
0.013155867545158514
0.013217365667448
0.013368745660775965
0.013643121898682904
0.0136525831482659
0.014253372496786263
0.01427229499595226
0.015483334942575986
0.015667829309444443
0.015393453071537505
0.015658368059861445
0.015729327431733928
0.015601600562363458
0.02272119087356934
0.022967183362727284
0.02299083648668478
0.023061795858557263
0.023052334608974268
0.022787419620650326
0.02286310961731431
0.02286310961731431
0.022134593399423474
0.022172438397755467
0.021864947786308035
0.024438407672883453
0.024466791421632446
0.024334333927470475
0.02436271767621947
0.02470332266120739
0.025611602621175185
0.02585286448554163
0.02602316697803559
0.026444192584478995
0.026586111328223964
0.02664287882572195
0.02735247254444679
0.02744235441548527
0.026940908187586383
0.02699767568508437
0.02713959442882934
0.027376125668404284
0.027385586917987283
0.026675993199262445
0.026628686951347454
0.02673749132155193
0.026917255063628888
0.026813181318215914
0.027688346904643214
0.028090450011920624
0.028166140008584604
0.028331711876287066
0.028379018124202057
0.028133025635044114
0.028043143764005633
0.028601357489402505
0.028483091869615035
0.02858243499023651
0.028695969985232484
0.028781121231479467
0.028913578725641435
0.028871003102517945
0.028889925601683943
0.029315681832918845
0.029741438064153747
0.03034695803746561
0.03008204304914167
0.029594788695617283
0.029471792451038308
0.029623172444366276
0.03003473680122668
0.030252345541635632
0.0303895336605891
0.030857865514947496
0.030824751141407
0.030682832397662035
0.030881518638904988
0.03096666988515197
0.03124104612305891
0.03105182113139895
0.031174817375977923
0.031203201124726916
0.03141607924034437
0.032579812939053106
0.03237639607301865
0.03282580542821105
0.03290622604966653
0.03321844728590546
0.03450517722919317
0.03458086722585715
0.03450990785398467
0.03453356097794216
0.034916741586053575
0.03545130218749295
0.03560268218082092
0.03594801779060034
0.031193739875143917
0.031132241752854433
0.031203201124726916
0.03141134861555287
0.029698862441030257
0.026709107572802936
0.026917255063628888
0.027158516927995334
0.02735247254444679
0.027636310031936725
0.027896494395469165
0.028298597502746575
0.028341173125870065
0.028951423723973427
0.0290744199685524
0.029131187466050385
0.02924472246104636
0.030176655544971648
0.030318574288716617
0.031018706757858457
0.031510691736174344
0.03139715674117837
0.03177087609970679
0.03181818234762178
0.031813451722830274
0.03195537046657525
0.03210201983511171
0.030857865514947496
0.0308294817661985
0.031080204880147944
0.03134985049326338
0.031307274870139894
0.031165356126394924
0.03101397613306696
0.031505961111382846
0.03144919361388486
0.030900441138070986
0.03109912737931394
0.031132241752854433
0.031245776747850406
0.03109912737931394
0.031151164252020427
0.03143500173951037
0.03156272860888083
0.03175195360054079
0.03179925984845578
0.03177087609970679
0.031997946089698734
0.033809775384842825
0.033322521031318435
0.03330832915694394
0.03308125916695199
0.03336509665444193
0.0334691703998549
0.033374557904024924
0.033223177910696955
0.036108859033511305
0.03615143465663479
0.03640215777058423
0.03642108026975023
0.03647311714245672
0.03690833462327462
0.03707863711576858
0.03726786210742854
0.03681845275223614
0.03697929399514711
0.03690360399848312
0.036969832745564105
0.036714379006823165
0.03702186961827059
0.036936718372023614
0.03677114650432115
0.037239478358679544
0.037286784606594535
0.03721582523472205
0.03725840085784554
0.03766050396512295
0.03766996521470595
0.03778350020970192
0.037187441485973055
0.03723001710909655
0.03738139710242451
0.03728205398180304
0.03659138276224419
0.037542238345335474
0.038445787680511774
0.03806260707240036
0.03783553708240841
0.03784026770719991
0.038209256440936826
0.03815248894343884
0.0383227914359328
0.03842213455655428
0.039098613901738626
0.0392026876471516
0.03916011202402811
0.039306761392564574
0.03925945514464959
0.039221610146317594
0.03948179450985004
0.04026707822523886
0.04024815572607286
0.04026234760044736
0.04028127009961335
0.04029546197398785
0.04067391195730777
0.04038061322023483
0.040631336334184275
0.040915173821674214
0.04105709256541918
0.040995594443129696
0.04101451694229569
0.041066553815002176
0.041099668188542667
0.04114224381166616
0.04087732882334222
0.04102870881667019
0.04123212568270464
0.04088679007292522
0.04100505569271269
0.040981402568755196
0.0409577494447977
0.04101451694229569
0.04104290069104468
0.0414166200495731
0.04126524005624513
0.04135512192728361
0.04129362380499413
0.04157746129248406
0.04168153503789704
0.04065025883335027
0.04039007446981783
0.040314384473153844
0.040361690721068835
0.040494148215230806
0.04047049509127331
0.0405367238383543
0.04061714445980978
0.040863136948967725
0.0409766719439637
0.0413929669256156
0.04196537252538697
0.041856568155182496
0.04202687064767646
0.04211675251871494
0.04223028751371091
0.04240059000620487
0.04236747563266438
0.04242424313016237
0.04262292937140532
0.04285946061098027
0.043195334971176697
0.04299664872993374
0.04269388874327781
0.042731733741609795
0.0431574899728447
0.04306760810180622
0.042443165629328365
0.04238639813183038
0.04242424313016237
0.042528316875575345
0.04245262687891136
0.0422681325120429
0.04241951250537087
0.04191333565268048
0.04196064190059547
0.04199848689892746
0.042646582495362816
0.042831076862231275
0.042211365014544915
0.042779039989524786
0.04263239062098832
0.0427411949911928
0.042731733741609795
0.04300610997951674
0.042963534356393246
0.043062877477014726
0.04324264121909168
0.04322844934471719
0.043133836848887205
0.04295880373160175
0.042428973754953865
0.042296516260791894
0.04216405876662993
0.042178250641004424
0.042272863136834406
0.042490471877243356
0.04247154937807736
0.04242424313016237
0.042192442515378924
0.042088368769965946
0.04211675251871494
0.04260873749703083
0.04266550499452881
0.0427270031168183
0.04280269311348228
0.04268442749369481
0.04303449372826573
0.04307233872659772
0.04300610997951674
0.04298718748035074
0.04307706935138922
0.043001379354725235
0.04302030185389123
0.042977726230767746
0.042968264981184744
0.04306760810180622
0.04293515060764425
0.0427175418672353
0.04266550499452881
0.04302503247868273
0.04330413934138117
0.04324737184388318
0.043200065595968194
0.04321425747034269
0.04333725371492166
0.04337982933804515
0.04347444183387513
0.043502825582624124
0.04364001370157759
0.043535939956164615
0.043403482462002645
0.04329467809179817
0.04333725371492166
0.04307233872659772
0.043100722475346714
0.043062877477014726
0.043185873721593694
0.04321425747034269
0.0431764124720107
0.04281688498785678
0.04263239062098832
0.04254723937474134
0.04263712124577982
0.04267496624411181
0.042566161873907334
0.04238639813183038
0.042428973754953865
0.0422634018872514
0.04201267877330196
0.042041062522050955
0.041823453781642005
0.042041062522050955
0.04218298126579592
0.04209783001954894
0.04208363814517445
0.04197483377496997
0.04255196999953284
0.042712811242443804
0.042395859381413374
0.04284053811181428
0.04289257498452076
0.04334198433971316
