0.0
0.0
0.0
0.0
1.8922499165995704e-05
0.00013245749416196994
0.00011353499499597422
0.00034060498498792265
0.0003973724824859098
0.0006812099699758453
0.0010501987037127615
0.0011826561978747316
0.0014523018109901702
0.0014854161845306627
0.0019442867893060586
0.0026538805080308977
0.0011826561978747316
0.0013293055664111981
0.0017645230472290994
0.0019395561645145596
0.0020720136586765297
0.0024457330172049448
0.0025308842634519254
0.0028005298765673642
0.0035243154696666997
0.006750601577468968
0.007611575289521772
0.008108290892629159
0.008576622746987552
0.008690157741983527
0.009044954601345946
0.008893574608017981
0.009044954601345946
0.009149028346758924
0.007578460915981279
0.007890682152220208
0.008202903388459137
0.008354283381787104
0.008884113358434984
0.009361906462376375
0.009872813939858258
0.01154272449125738
0.01167518198541935
0.012053631968739263
0.012375314454561191
0.013146406295575515
0.016098316165470847
0.01665179926607622
0.016859946756902174
0.01889884604203821
0.018965074789119196
0.020284919105947395
0.020843132831344268
0.02273065212315234
0.026671262574470944
0.027201092551118824
0.027636310031936725
0.02813775625983561
0.028350634375453064
0.02892777060001593
0.0290744199685524
0.029689401191447258
0.027891763770677667
0.028511475618364028
0.028568243115862015
0.029627903069157774
0.03043683990850409
0.029310951208127347
0.03012934929705666
0.03047941553162758
0.030999784258692462
0.03124104612305891
0.031165356126394924
0.03185129672116227
0.03221082420531619
0.032532506691138115
0.03228651420198017
0.03422133974170323
0.03353539914693589
0.03409361287233276
0.0347984759662661
0.035205309698335005
0.03547022468665895
0.035754062174148886
0.0356689109279019
0.035640527179152906
0.036194010279758285
0.03686575900015113
0.03607574465997081
0.036458925268082226
0.03539926531478646
0.03600005466330683
0.03848363267884376
0.0405272625887713
0.04072594883001426
0.041033439441461685
0.041506501920611574
0.042126213768297935
0.040058930734412905
0.038043684573234364
0.03771727146262094
0.03785445958157441
0.03895669515799365
0.04102870881667019
0.04112332131250016
0.041350391302492115
0.04223501813850241
0.04251885562599235
0.04280269311348228
0.043720434323033075
0.04619928171377851
0.04599586484774406
0.04556064736692616
0.04588232985274809
0.0471170229233293
0.04742924415956823
0.04814829912787607
0.007200010932661365
0.007578460915981279
0.007744032783683742
0.008605006495736546
0.00894088085593297
0.009328792088835882
0.009764009569653783
0.019802395377214503
0.02075798158509729
0.021027627198212728
0.021467575303822126
0.021784527164852553
0.022919877114812297
0.023094910232097757
0.024414754548925957
0.024812127031411866
0.0251101563932763
0.025602141371592186
0.02593801573178861
0.026756413820717924
0.027253129423825313
0.02805260501358863
0.02806206626317163
0.028643933112525995
0.0290649587189694
0.02959005807082578
0.029481253700621306
0.030592950526623554
0.031643149230336315
0.03188441109470276
0.03380504476005133
0.03466128784731263
0.034935664085219566
0.03602370778726432
0.0356878334270679
0.03809572144594085
0.03824237081447732
0.038828968288623186
0.03894250328361916
0.03909388327694713
0.03951017825859903
0.039794015746088963
0.04055091571272879
0.04082056132584423
0.040796908201886736
0.04108547631416817
0.04196537252538697
0.03900400140590864
0.03978455449650597
0.040584030086269283
0.040446841967315815
0.0400683919839959
0.040191388228574876
0.040361690721068835
0.04035222947148584
0.04092463507125721
0.04108547631416817
0.0409766719439637
0.04124631755707914
0.040110967607119394
0.04162949816519055
0.041776147533727014
0.041653151289148045
0.038914119534870166
0.03882423766383169
0.0387674701663337
0.039420296387560554
0.03996904886337443
0.040560376962311795
0.040995594443129696
0.041383505676032606
0.04240532063099637
0.043001379354725235
0.04389546744031853
0.04371570369824158
0.04483213114903532
0.04681899356146487
0.04665342169376241
0.046880491683754355
0.047112292298537806
0.04744816665873423
0.047817155392471146
0.04841794474099151
0.04319060434638519
0.043218988095134185
0.04319060434638519
0.04427391742363845
0.04552753299338566
0.04663449919459641
0.04645000482772795
0.04677168731354988
0.046913606057294846
0.04686629980937986
0.046407429204604465
0.04665815231855391
0.0467054585664689
0.04677641793834138
0.046643960444179414
0.047632661025602686
0.04727313354144877
0.04703660230187382
0.046662882943345405
0.04796380476100761
0.048290217871621036
0.04764685289997718
0.04784553914122014
0.047921229137884123
0.048138837878293074
0.04809153163037808
0.047802963518096646
0.048427405990574504
0.04834698536911902
0.04944449032074678
0.05006420216843313
0.050650799642579
0.0506555302673705
0.050679183391327993
0.05169153709670876
0.05194226021065821
0.05203214208169669
0.0515259652290063
0.05140769960921883
0.051294164614222856
0.051771957718164244
0.0515306958537978
0.052850540170626
0.05300665078874547
0.052912038292915485
0.05061768526903851
0.05043792152696155
0.05054672589716602
0.050759604012783476
0.05075487338799198
0.05229705707002063
0.052538318934387075
0.052590355807093564
0.05313910828290744
0.05315330015728193
0.053011381413536965
0.05316276140686493
0.05341821514560587
0.05303976516228596
0.052561972058344564
0.052221367073356645
0.052268673321271636
0.05192333771149221
0.05187603146357722
0.05204633395607118
0.0524342451889741
0.051298895239014354
0.05190914583711771
0.05186183958920273
0.05176249646858125
0.05059876276987251
0.051332009612554845
0.05093936775486044
0.050726489639242985
0.050442652151753045
0.05030546403279958
0.0532857576514439
0.05303503453749446
0.0532999495258184
0.05433122573036517
0.05495093757805152
0.05514016256971148
0.05521585256637546
0.0546150632178551
0.0550739338226305
0.05435960947911416
0.05349390514226986
0.05324791265311191
0.053110724534158445
0.05335198639852489
0.0532904882762354
0.05318641453082242
0.05344186826956337
0.05362636263643183
0.05315330015728193
0.05325737390269491
0.05277485017396202
0.05274646642521302
0.05240113081543361
0.052793772673128014
0.05305395703666046
0.05289784641854099
0.05231124894439512
0.047717812271849666
0.048205066625374056
0.048304409745995536
0.048460520364114995
0.04841794474099151
0.04883423972264341
0.04880585597389442
0.049014003464720374
0.049534372191785254
0.05038588465425506
0.050579840270706514
0.050627146518621505
0.05077852651194947
0.05081637151028146
0.05236328581710161
0.05487997820617904
0.05492728445409403
0.05496986007721752
0.054676561340144585
0.05568891504552536
0.05567945379594236
0.05748182184150345
0.057278404975468995
0.056923608116106576
0.05751966683983544
0.0581583011866878
0.05909969552019608
0.05938353300768602
0.059326765510188034
0.05942137800601801
0.05959168049851197
0.05915173239290257
0.05926999801269004
0.057902847447946854
0.05751966683983544
0.05757170371254193
0.058655016789795185
0.0590287361483236
0.05864555554021218
0.05841848555022024
0.05822926055856028
0.05805422744127482
0.05840429367584574
0.0581393786875218
0.05823872180814328
0.05831914242959876
0.05844213867417773
0.06002216735453837
0.05970521549350795
0.059478145503515996
0.05944030050518401
0.05952072112663949
0.059468684253933
0.06047157670973077
0.06045738483535627
0.05900035239957461
0.059175385516860066
0.05974306049183994
0.05963425612163546
0.06071283857409722
0.060490499208896764
0.06201849101655092
0.06173465352906098
0.0620941810132149
0.06377355281419703
0.06443110966021537
0.06456356715437735
0.0643128440404279
0.0652116627508127
0.06551915336226012
0.0652069321260212
0.06540561836726415
0.06549076961351114
0.06552861461184312
0.0656374189820476
0.06617671020827848
0.06589760334558004
0.06548603898871963
0.06545765523997064
0.06441691778584088
0.0642939215412619
0.06594490959349503
0.0652022015012297
0.06498932338561225
0.06463925715104132
0.06442637903542388
0.06455410590479435
0.06442637903542388
0.06393439405710799
0.0638728959348185
0.06351336845066458
0.06336671908212811
0.06315857159130216
0.06308761221942968
0.06313018784255317
0.06319168596484265
0.06313491846734466
0.06290311785256122
0.06285108097985473
0.06322953096317464
0.06314911034171916
0.06293150160131021
0.06279431348235674
0.0629551547252677
0.06290784847735272
0.06239694099987084
0.0621131035123809
0.06205160539009141
0.06204214414050842
0.06205160539009141
0.06184345789926546
0.061474469165528546
0.060674993575765224
0.060939908564089165
0.06031546609161131
0.060419539837024284
0.059918093609125395
0.05950179862747349
0.06047630733452227
0.06046211546014777
0.060504691083271264
0.06029181296765381
0.0599086323595424
0.05993701610829139
0.059648447996009955
0.059359879883728525
0.05938826363247752
0.05915173239290257
0.05882058865749765
0.059227422389566554
0.059189577391234566
0.05920376926560906
0.058910470528536124
0.05845633054855223
0.05805422744127482
0.05774200620503589
0.057850810575240365
0.057798773702533876
0.05759062621170793
0.057727814330661396
0.05730205809942649
0.05735882559692448
0.05704660436068555
0.05705606561026855
0.05676749749798711
0.05660192563028465
0.05664450125340814
0.0563606637659182
0.05606263440405377
0.05582610316447883
0.055797719415729835
0.05572676004385735
0.05547603692990791
0.055196930067209465
0.055092856321796495
0.05436434010390566
0.053952775747045253
0.05351755826622735
0.05323845140352891
0.05274646642521302
0.0524105920650166
0.05228759582043763
0.05200848895773919
0.05206525645523718
0.05205579520565418
0.05192806833628371
0.051582732726504286
0.05159219397608729
0.05140296898442733
0.05132727898776335
0.051284703364639854
0.05092044525569444
0.05074541213840898
0.05046630527571054
0.05042846027737855
0.05045211340133605
0.050357500905506065
0.05018246778822061
0.04996012842302016
0.04981347905448369
0.04982294030406669
0.049766172806568705
0.049619523438032234
0.04935460844970829
0.049401914697623284
0.050575109645915016
0.05039061527904656
0.05036696215508907
0.05034330903113157
0.050206120912178104
0.04986551592719018
0.049264726578669815
0.04945395157032977
0.04922215095554632
0.04902819533909487
0.04907550158700986
0.04917011408283984
