0.0
0.0
0.0
0.0
0.0
0.0
0.0
8.98818710384796e-05
0.000127726869370471
0.0005061768526903851
0.00070486309393334
0.0012488849449557166
0.0009082799599677937
0.0011779255730832326
0.0014901468093221617
0.0015516449316116477
0.0013103830672452025
0.001017084330172269
0.001215770571415224
0.0012346930705812197
0.0012630768193302132
0.0015232611828626542
0.001788176171186594
0.002497769889911433
0.0027059173807373856
0.003055983615308306
0.0028052605013588632
0.004981347905448369
0.005019192903780361
0.005019192903780361
0.005284107892104301
0.005359797888768283
0.0041534885669360574
0.004186602940476549
0.004219717314017042
0.004058876071106079
0.004285946061098027
0.004219717314017042
0.00436163605776201
0.004498824176715478
0.0045177466758814745
0.004555591674213466
0.004640742920460446
0.005340875389602287
0.005369259138351281
0.0057287866225052
0.0057240559977137
0.005733517247296698
0.00519895664585732
0.005350336639185285
0.004300137935472524
0.0040730679454805754
0.004030492322357085
0.015095423709673072
0.014944043716345107
0.015156921831962558
0.016155083662968833
0.016448382400041765
0.017280972363345578
0.017276241738554077
0.017853377963116947
0.017030249249396133
0.01722893549063909
0.017508042353337524
0.019371908521188103
0.019173222279945147
0.021216852189872685
0.021254697188204674
0.018137215450606883
0.0317235698517918
0.032012137964073234
0.033440786651105905
0.03438691160940569
0.035891250293102354
0.03669072588286567
0.03669072588286567
0.04124158693228764
0.03607574465997081
0.037991647700527875
0.03837009768384779
0.03884789078778918
0.04131727692895162
0.044865245522575814
0.04749074228185772
0.047722542896641164
0.04727786416624027
0.04488889864653331
0.045787717356918105
0.04584448485441609
0.04026234760044736
0.04399954118573151
0.04423134180051496
0.04379612431969706
0.05906185052186409
0.05924634488873255
0.059563296749762976
0.060235045470155825
0.06145554666636255
0.06219825475862788
0.06579352960016706
0.06608682833724
0.06765739576801764
0.06773781638947313
0.06970102567794517
0.07998067334987234
0.08158435515419048
0.08135728516419853
0.0827859338512312
0.08508501749989969
0.08515124624698067
0.0854587368584281
0.08154177953106699
0.08161746952773097
0.08137147703857303
0.08212837700521286
0.08552496560550908
0.08823088298624647
0.08942773105849569
0.09199646032027961
0.09299935277607739
0.09114021723301831
0.09416781709957762
0.07974887273508889
0.08134309328982403
0.08268186010581823
0.08270078260498423
0.08480118001240974
0.08513705437260617
0.08655151118526436
0.07199064807703065
0.07217987306869061
0.07213256682077562
0.06748709327552369
0.06162584915885651
0.062013760391759425
0.06177249852739298
0.063896549058776
0.062472630996534814
0.06276119910881625
0.06242532474861983
0.0638634346852355
0.06379720593815452
0.0651548952533147
0.06547657773913663
0.06506974400706773
0.06526843024831068
0.06541981024163865
0.06820614824383152
0.06963006630607269
0.06987605879523064
0.07008420628605659
0.07057146063958097
0.07218460369348212
0.07252993930326153
0.07276647054283648
0.07288473616262395
0.07281377679075147
0.06644635582139391
0.06669707893534335
0.06761955076968565
0.06732152140782122
0.06725529266074023
0.07061876688749597
0.07065661188582796
0.0700463612877246
0.07205687682411165
0.0722508324405631
0.07285162178908346
0.07417146610591166
0.07450734046610809
0.07276647054283648
0.06884951321547537
0.06900089320880333
0.06670180956013486
0.06698564704762479
0.0678513513844691
0.06790338825717558
0.06687211205262882
0.06723163953678274
0.06718906391365925
0.06742086452844269
0.06244424724778582
0.06259089661632229
0.06248209224611782
0.0625341291188243
0.06326264533671513
0.0634613315779581
0.0643033827908449
0.06414727217272544
0.0603627723395263
0.06222190788258537
0.06248209224611782
0.06584083584808205
0.06655516019159839
0.05130362586380585
0.05120901336797588
0.05443056885098664
0.05510231757137949
0.056370125015501205
0.05913280989373657
0.06094463918888066
0.061862380398431456
0.062354365376747344
0.06103452105991914
0.061209554177204605
0.061242668550745095
0.062013760391759425
0.06504609088311024
0.06448787715771336
0.06314437971692767
0.06037223358910929
0.06045738483535627
0.061110211056583125
0.061294705423451584
0.061427162917613555
0.06133255042178357
0.061611657284482015
0.06171573102989499
0.06274227660965026
0.063868165310027
0.0639012796835675
0.06425134591813841
0.06444530153458987
0.066077367087657
0.06676330768242435
0.0669572632988758
0.0669714551732503
0.06710391266741227
0.06722690891199123
0.06927053882191878
0.0696253356812812
0.0696016825573237
0.06975779317544316
0.06992809566793712
0.07037277439833803
0.07059038313874698
0.07151285497308926
0.07154123872183826
0.07157435309537875
0.07174938621266422
0.06978144629940065
0.06977671567460916
0.07106817624268837
0.07104452311873087
0.07073230188249194
0.07081272250394742
0.07020720253063556
0.07075122438165794
0.06794596388029907
0.06936042069295725
0.0686697494733984
0.06897250946005434
0.0691617344517143
0.06756278327218766
0.06929419194587627
0.06883059071630937
0.06963006630607269
0.06978617692419216
0.07148920184913177
0.07121482561122483
0.07134728310538681
0.07115805811372684
0.07139458935330179
0.07123374811039083
0.07164058184245974
0.0718061537101622
0.07240221243389107
0.07254413117763603
0.07408631485966469
0.07543454292524188
0.0753162773054544
0.07561903729211034
0.07388762861842173
0.07419038860507765
0.0744079973454866
0.07519801168566692
0.07542035105086738
0.07559538416815284
0.07551969417148885
0.07563322916648484
0.0762245572654222
0.07595964227709825
0.07647528037937164
0.07707606972789201
0.07809315405806427
0.07809315405806427
0.07835806904638822
0.07834860779680522
0.07802219468619179
0.07827291780014123
0.07819249717868575
0.07857094716200566
0.07989552210362535
0.0797346808607144
0.07965426023925892
0.0797204889863399
0.07968737461279941
0.07953599461947145
0.07959276211696943
0.07989079147883386
0.08099775768004461
0.08143770578565401
0.08225610387458332
0.08397805129868893
0.08406793316972741
0.08524112811801915
0.08536885498738962
0.08531681811468313
0.0854208918600961
0.08647582118860037
0.08647109056380888
0.08701038179003974
0.08471602876616277
0.08618252245152744
0.08762536301293461
0.08774835925751358
0.08818357673833148
0.08763955488730911
0.08800381299625452
0.08789500862605004
0.08782877987896906
0.08792339237479904
0.08797542924750552
0.08792812299959053
0.08815519298958249
0.08827818923416146
0.08812680924083349
0.08818830736312298
0.08750709739314713
0.08901616670163529
0.08930000418912523
0.08987714041368809
0.08785243300292656
0.08771051425918158
0.08778620425584557
0.08829711173332745
0.08842483860269792
0.08740775427252566
0.08744086864606615
0.08487687000907373
0.08623928994902542
0.08608790995569746
0.08617779182673593
0.08613994682840394
0.0868022342992138
0.08672181367775832
0.0867738505504648
0.08585137871612251
0.08643324556547688
0.08719014553211671
0.08814573173999948
0.08820249923749747
0.088131539865625
0.08836807110519994
0.08825926673499546
0.08815992361437398
0.08840118547874043
0.08792339237479904
0.08758751801460261
0.0876963223848071
0.08784770237813505
0.08615886932756994
0.08597910558549297
0.08520328311968715
0.08607371808132296
0.08699618991566525
0.08690630804462678
0.08726583552878069
0.08749290551877263
0.08754967301627062
0.08747871364439815
0.08739829302294266
0.08749763614356414
0.0872374517800317
0.08725164365440619
0.0876537467616836
0.08758751801460261
0.08752128926752163
0.0876490161368921
0.08805111924416952
0.08858567984560889
0.08866136984227287
0.08861406359435789
0.08924796731641874
0.08811261736645899
0.08845795297623842
0.08827818923416146
0.08829238110853596
0.08829238110853596
0.08945611480724469
0.09001432853264156
0.08978725854264961
0.08980145041702411
0.08976360541869212
0.08978252791785812
0.08966426229807065
0.08968318479723664
0.08976833604348362
0.08966899292286214
0.08959803355098966
0.08979198916744112
0.09031235789450599
0.09063404038032792
0.09011367165326305
0.09039277851596147
0.09090368599344337
0.09102668223802234
0.09001432853264156
0.08989133228806259
0.08977306666827511
0.08959330292619816
0.09054415850928944
0.09056308100845543
0.08968318479723664
0.09188292532528364
0.09245533092505501
0.08905874232475879
0.08927162044037623
0.08947976793120219
0.0894466535576617
0.08834914860603395
0.08820722986228897
0.08821669111187197
0.08832076485728495
0.08840591610353193
0.0890256279512183
0.08871813733977085
0.0889357460801798
0.08990552416243709
0.08995283041035208
0.090255590397008
0.09063877100511943
0.09139094034696775
0.0911969847305163
0.09139094034696775
0.09136255659821876
0.0912017153553078
0.09096518411573284
0.09098883723969034
0.0911780622313503
0.09106452723635433
0.09089422474386036
0.09085637974552838
0.09086111037031987
0.09009474915409704
0.09005690415576506
0.0898960629128541
0.08884113358434984
0.08884586420914133
0.08903981982559278
0.08910604857267378
0.09009001852930555
0.09000486728305856
0.09004271228139056
0.08980145041702411
0.08968791542202814
0.08957911105182366
0.08933311856266572
0.08931419606349972
0.08911077919746527
0.08896886045372031
0.08790446987563304
0.08775308988230508
0.0876537467616836
0.08775308988230508
0.0885289123481109
0.08835387923082544
0.0881173479912505
0.08793758424917354
0.08801327424583752
0.08773889800793058
0.08775782050709657
0.08780039613022007
0.08783824112855206
0.08910604857267378
0.08918173856933775
0.08925269794121024
0.0890256279512183
0.08787135550209255
0.0876490161368921
0.08777201238147107
0.08774362863272207
0.08674073617692431
0.08652312743651536
0.08694888366775026
0.08702457366441424
0.08613994682840394
0.08625348182339992
0.08669816055380082
0.08680696492400529
0.0863528249440214
0.08629605744652341
0.08617306120194444
0.08618252245152744
0.08681642617358828
0.08669816055380082
0.08663666243151133
0.08660827868276234
0.08626767369777441
0.08607371808132296
