0.0
0.0
0.0
0.0
0.0
0.0
0.0
0.0
0.0
0.0
0.0
3.784499833199141e-05
3.784499833199141e-05
3.784499833199141e-05
3.784499833199141e-05
3.784499833199141e-05
0.0001088043702044753
0.0001088043702044753
0.0001088043702044753
0.0001088043702044753
0.00022706998999194844
0.00022706998999194844
0.00022706998999194844
0.00022706998999194844
0.00022706998999194844
0.0002696456131154388
0.0003074906114474302
0.00043994810560940014
0.0005156381022733829
0.0001986862412429549
0.0001986862412429549
0.00016084124291096348
0.006972940942669417
0.007020247190584406
0.007261509054950851
0.007337199051614834
0.007427080922653314
0.007483848420151301
0.007786608406807232
0.007919065900969201
0.00823601776199963
0.00877057836343901
0.008685427117192028
0.009385559586333869
0.00951801708049584
0.010038385807560722
0.010473603288378623
0.0114481119954274
0.011741410732500334
0.011930635724160291
0.01194009697374329
0.015511718691324979
0.01648149677358226
0.022565080255449878
0.022735382747943837
0.023279404598966214
0.02308071835772326
0.023634201458328636
0.023501743964166665
0.024017382066440048
0.024821588280994865
0.024594518291002915
0.02470332266120739
0.024641824538917907
0.024736437034747885
0.02453775079350493
0.024111994562270027
0.02489727827765885
0.024925662026407842
0.024991890773488828
0.026926716313211887
0.0277498450269327
0.02770726940380921
0.027253129423825313
0.027499121912983256
0.028700700610023985
0.028525667492738525
0.02967520931707276
0.029784013687277237
0.03026180679121863
0.03042264803412959
0.031695186103042804
0.03240477982176764
0.0330386835438285
0.03339821102798242
0.03129781362055689
0.031245776747850406
0.031373503617220876
0.031236315498267407
0.0321493260830267
0.029618441819574775
0.03018138616976315
0.0427364643664013
0.04628443296002549
0.04630335545919149
0.04628443296002549
0.04606682421961654
0.04505447051423577
0.04507812363819327
0.04650204170043444
0.046913606057294846
0.04038534384502633
0.04073541007959725
0.04082056132584423
0.03925945514464959
0.04576879485775211
0.04570729673546262
0.03753277709575248
0.03723001710909655
0.044108345555935985
0.04521058113235524
0.044860514897784316
0.04601478734691005
0.04629862483439999
0.04823345037412305
0.04754277915456421
0.047585354777687695
0.04650204170043444
0.046710189191260396
0.04686629980937986
0.046677074817719905
0.046662882943345405
0.047433974784359734
0.04792595976267562
0.04812937662871007
0.0480158416337141
0.048389560992242515
0.04997432029739465
0.05051834214841703
0.052036872706488185
0.0519564520850327
0.05226394269648013
0.052675507053340544
0.05316276140686493
0.039718325749424986
0.03622239402850728
0.03546076343707595
0.035266807820624496
0.036194010279758285
0.036496770266414215
0.03759427521804196
0.038109913320315346
0.037759847085744425
0.0387580089167507
0.03773146333699543
0.03927364701902408
0.03917430389840261
0.039808207620463464
0.039888628241918946
0.02326048209980022
0.02382815707478009
0.024457330172049447
0.02449044454558994
0.02441002392413446
0.024480983296006942
0.030408456159755095
0.030706485521619527
0.030895710513279485
0.031028168007441456
0.03142080986513587
0.032262861078022675
0.03280688292904505
0.03208782796073722
0.03176614547491529
0.03195537046657525
0.03202159921365623
0.03206890546157122
0.032381126697810146
0.03308125916695199
0.034429487232529185
0.03458559785064865
0.034561944726691156
0.03561687405519542
0.03457140597627415
0.03465182659772963
0.035172195324794514
0.035342497817288474
0.03564525780394441
0.03572567842539989
0.03583448279560437
0.036127781532677296
0.04065972008293327
0.03942975763714355
0.03954329263213952
0.039671019501509995
0.039756170747756975
0.039642635752761
0.04131254630416012
0.04196064190059547
0.04298718748035074
0.04305341622743172
0.044642906157375366
0.0440279249344805
0.044496256788838895
0.04339402121241965
0.03994539573941693
0.04043265009294132
0.04072594883001426
0.04079217757709524
0.04196537252538697
0.04224921001287691
0.04422188055093196
0.044510448663213395
0.04525788738027023
0.04561268423963265
0.04722582729353378
0.047334631663738254
0.04742924415956823
0.04740559103561074
0.04831860162037003
0.048706512853272946
0.04926945720346131
0.04955329469095125
0.04991282217510517
0.04987970780156468
0.04987970780156468
0.050120969665931124
0.0501966596625951
0.05179561084212174
0.051549618352963796
0.04570729673546262
0.04444421991613241
0.044860514897784316
0.04265131312015432
0.04276957873994179
0.04349809495783263
0.043772471195739564
0.04434960742030243
0.045115968636525255
0.04584921547920759
0.04735828478769575
0.048460520364114995
0.0488910072201414
0.048777472225145425
0.04902819533909487
0.049364069699291295
0.04972359718344521
0.05083056338465596
0.051147515245686385
0.05142662210838483
0.05215040770148416
0.05183818646524523
0.05192806833628371
0.052036872706488185
0.0519753745841987
0.05250520456084658
0.05078798776153247
0.05062241589383001
0.05117589899443538
0.05190914583711771
0.0519611827098242
0.05235855519231011
0.05282215642187701
0.05367366888434681
0.054894170080553535
0.05533884881095444
0.05561795567365287
0.05584029503885332
0.05584029503885332
0.05631335751800322
0.05725002122672
0.057278404975468995
0.057510205590252446
0.05766158558358041
0.05993701610829139
0.060419539837024284
0.0607601448220122
0.0603438498403603
0.05996066923224889
0.06005528172807886
0.06086894919221668
0.06087367981700818
0.06118590105324711
0.06202322164134242
0.06201849101655092
0.06274227660965026
0.06544346336559614
0.06541507961684714
0.06547184711434513
0.06721271703761673
0.06729786828386372
0.06754386077302167
0.06716068016491025
0.06641324144785342
0.06633755145118944
0.06641797207264492
0.0678135063861371
0.06822980136778901
0.06877855384360289
0.06884005196589237
0.06884005196589237
0.07024504752896756
0.0704342725206275
0.07088841250061141
0.07065188126103646
0.07080326125436442
0.07077014688082393
0.07094991062290089
0.07161219809371074
0.0726813192965895
0.07253940055284454
0.07243059618264006
0.07239748180909956
0.07252993930326153
0.072657666172632
0.07319695739886288
0.07339091301531434
0.07418565798028616
0.07425188672736714
0.07416200485632866
0.07402954736216669
0.07367475050280427
0.07437488297194611
0.07479117795359802
0.07479590857838953
0.07473914108089154
0.0744269198446526
0.07422350297861816
0.0744363810942356
0.07449314859173359
0.07459249171235506
0.07558119229377834
0.07551969417148885
0.07552915542107186
0.07546292667399086
0.07525004855837342
0.07542981230045037
0.07609683039605172
0.07680642411477656
0.07694361223373003
0.07649420287853763
0.07649893350332913
0.07683007723873406
0.07733625409142444
0.07735990721538194
0.07716595159893049
0.07676857911644457
0.07670235036936358
0.07693888160893854
0.07688684473623204
0.07648001100416314
0.07654150912645262
0.0766408522470741
0.07739775221371392
0.07695307348331303
0.07681588536435956
0.0757514947862723
0.07569472728877431
0.07524058730879042
0.07491417419817699
0.07388762861842173
0.0739727798646687
0.07433230734882262
0.07482429232713851
0.07506082356671345
0.07589341353001727
0.07583664603251929
0.07624347976458819
0.07648947225374614
0.07633809226041817
0.07639485975791616
0.07584610728210228
0.07614886726875822
0.07600694852501325
0.07611102227042622
0.07639485975791616
0.07835333842159671
0.07845741216700969
0.07849998779013317
0.07854729403804817
0.07914335276177703
0.07935150025260299
0.0797157583615484
0.07971102773675691
0.07996648147549784
0.07946976587239046
0.07944138212364146
0.07934676962781148
0.07960695399134393
0.07961641524092693
0.08089368393463163
0.08069026706859718
0.08053415645047772
0.08079907143880166
0.08145662828482
0.08133363204024104
0.08136201578899002
0.08227502637374932
0.08238383074395379
0.08272916635373322
0.08264874573227773
0.0827859338512312
0.08340091507412607
0.08336307007579408
0.08338199257496007
0.08334887820141958
0.08359014006578602
0.08359014006578602
0.08419092941430639
0.08385505505410996
0.08396859004910594
0.08463560814470729
0.08440853815471534
0.08429973378451086
0.08443692190346433
0.08427135003576187
0.08390236130202496
0.08399697379785492
0.08425715816138737
0.08387870817806746
0.0845599181480433
0.08363744631370101
0.08351445006912205
0.08361852381453502
0.08436123190680035
0.0841199700424339
0.08313126946101063
0.08245005949103479
0.08216622200354484
0.08205741763334037
0.08189657639042941
0.0828379707239377
0.08302719571559765
0.08338672319975157
0.08466872251824778
0.08470183689178827
0.08463087751991578
0.08483429438595023
0.08470183689178827
0.08470656751657978
0.08475387376449475
0.08595545246153549
0.08644743743985138
0.08646635993901737
0.08636228619360439
0.08595072183674399
0.08482010251157575
0.08482483313636724
0.08490998438261423
0.08491944563219722
0.08558173310300707
0.08566215372446255
0.08597437496070148
0.08578988059383302
0.08555807997904957
0.08568107622362856
0.08596018308632698
0.08554388810467507
0.08599329745986747
0.08610683245486345
0.08612575495402945
0.08642851494068537
0.08672181367775832
0.08706714928753774
0.08651366618693236
0.08660354805797084
0.08607371808132296
0.08611156307965495
0.08645216806464287
0.08618725307631893
0.08643797619026837
0.08602168120861647
0.08577568871945852
0.08584664809133101
0.08517962999572966
0.08508501749989969
0.08571419059716905
0.08582772559216502
0.08557227185342407
0.08665558493067732
0.08712864740982722
0.0872469130296147
0.08711445553545272
0.08729421927752969
0.08711445553545272
0.08699145929087375
0.08673127492734131
0.08658935618359634
0.08681642617358828
0.08666504618026033
0.08663666243151133
0.08779093488063706
0.08800381299625452
0.08791393112521605
0.08793758424917354
0.08822142173666347
0.08846268360102992
0.0885620267216514
0.08848633672498742
0.08800381299625452
0.08844849172665542
0.08840118547874043
0.08835387923082544
0.08846741422582141
0.0885620267216514
0.08912970169663126
0.08919593044371225
0.08927635106516774
0.08932838793787422
0.08935677168662322
