0.0
0.0
0.0
0.0
0.0
0.0
0.0
0.0
0.0
0.0
0.0
0.0
0.0
0.0
0.0
0.0
1.8922499165995704e-05
1.8922499165995704e-05
1.8922499165995704e-05
0.0002507231139494431
5.676749749798711e-05
5.676749749798711e-05
5.676749749798711e-05
0.00018922499165995705
0.00028383748748993557
0.00034060498498792265
0.00034060498498792265
0.001343497440785695
0.0015090693084881574
0.0016982943001481144
0.006334306595817062
0.006447841590813036
0.007289892803699845
0.0074933096697342985
0.007464925920985305
0.007611575289521772
0.009716703321738794
0.010464142038795624
0.010497256412336117
0.010818938898158045
0.010147190177765197
0.010861514521281534
0.010833130772532541
0.011424458871469907
0.011519071367299885
0.0114481119954274
0.011523801992091383
0.01167518198541935
0.01149541824334239
0.014485173111569712
0.012701727565174617
0.013132214421201018
0.014116184377832795
0.014944043716345107
0.014877814969264122
0.017649961097082494
0.018160868574564375
0.018383207939764827
0.019570594762431056
0.019665207258261035
0.022219744645670454
0.023506474588958163
0.023492282714583666
0.02348755208979217
0.02541764700472373
0.026084665100325078
0.028227638130874092
0.02849728374398953
0.030815289891824003
0.03643527214412473
0.03731516835534353
0.037551699594918476
0.03796326395177888
0.03838428955822228
0.038247101439268814
0.03167153297908531
0.03502081533146655
0.03521477094791801
0.03514854220083702
0.035403995939577965
0.035569567807280426
0.0361183202830943
0.03692725712244062
0.03740031960159051
0.037537507720543976
0.035910172792268345
0.03638796589620974
0.03682318337702764
0.036832644626610636
0.03726786210742854
0.03731516835534353
0.038441057055720276
0.03767942646428894
0.0382991383119753
0.0383369833103073
0.039254724519858085
0.04075433257876325
0.04075433257876325
0.04751912603060671
0.05049941964925104
0.05043792152696155
0.05133674023734634
0.0515212346042148
0.05200848895773919
0.05235855519231011
0.05356486451414234
0.05449679759806763
0.05485159445743005
0.055263158814290454
0.055263158814290454
0.0554854981794909
0.055565918800946384
0.05614305502550925
0.057093910608600536
0.05735409497213298
0.05745816871754596
0.05740613184483947
0.05881112740791465
0.060017436729746874
0.05435014822953116
0.05473332883764257
0.05518273819283497
0.055480767554699405
0.05584502566364482
0.05631335751800322
0.05897669927561711
0.05914700176811107
0.05951599050184799
0.060220853595781325
0.061796151651350474
0.06222663850737687
0.06279904410714825
0.06312072659297017
0.06374516906544803
0.06703295329553978
0.06716541078970176
0.06745870952677469
0.06730259890865523
0.0674255951532342
0.06759589764572815
0.06848525510652995
0.06894885633609685
0.06909077507984182
0.06806896012487805
0.0687028638469389
0.06747290140114919
0.070486309393334
0.0709215268741519
0.07174465558787271
0.07039169689750402
0.07167369621600023
0.07172573308870672
0.07200957057619665
0.07195753370349016
0.07237855930993357
0.070495770642917
0.07041535002146151
0.07166896559120874
0.07208052994806914
0.07195753370349016
0.07209945244723513
0.07290838928658144
0.07303138553116043
0.07430392360007364
0.07428500110090763
0.0700747450364736
0.07100194749560738
0.07209472182244363
0.07200010932661366
0.07200957057619665
0.07250628617930403
0.07257724555117652
0.07228867743889508
0.07298407928324543
0.07293204241053894
0.07306923052949241
0.07569945791356582
0.07604952414813673
0.07506555419150496
0.07506555419150496
0.07502297856838147
0.07513651356337744
0.07527370168233091
0.07543927355003337
0.07613940601917521
0.07628605538771169
0.07669288911978059
0.07691049786018954
0.07701457160560252
0.07733625409142444
0.07770051220036986
0.079285271505522
0.08077068769005266
0.08178304139543344
0.08222772012583433
0.08255886386123926
0.08345768257162406
0.08340091507412607
0.08334887820141958
0.08326372695517259
0.08303192634038915
0.08234598574562181
0.08257778636040525
0.08242640636707729
0.08396385942431443
0.08441799940429834
0.08466399189345628
0.08540196936093011
0.08522220561885316
0.08572838247154353
0.0859176074632035
0.0854208918600961
0.08580407246820752
0.08574257434591803
0.08509920937427418
0.08635755556881289
0.08682115679837979
0.08644743743985138
0.0858703012152885
0.08613994682840394
0.08604060370778246
0.08675492805129881
0.08681642617358828
0.08707187991232923
0.0872611049039892
0.08739829302294266
0.08727529677836368
0.08715703115857622
0.08729894990232118
0.08734625615023617
0.08779093488063706
0.08791393112521605
0.08787608612688405
0.08782404925417756
0.08692996116858426
0.08699145929087375
0.08594599121195248
0.0858892237144545
0.08585137871612251
0.0858892237144545
0.08572365184675204
0.085865570590497
0.08605006495736546
0.08643324556547688
0.08645689868943437
0.08390709192681645
0.08383140193015247
0.08377936505744597
0.0836705606872415
0.08347660507079005
0.08263928448269474
0.08270551322977572
0.08269605198019273
0.08245479011582628
0.08221352825145983
0.08212364638042136
0.0823507163704133
0.0819533438879274
0.08166004515085445
0.08175465764668444
0.08172627389793545
0.08171681264835245
0.0819438826383444
0.0823885613687453
0.08251628823811577
0.08280485635039721
0.08267239885623523
0.0827717419768567
0.08294677509414217
0.0828001257256057
0.08247371261499227
0.08245005949103479
0.08209999325646386
0.08212837700521286
0.08210945450604686
0.08257305573561376
0.08306977133872114
0.08315965320975963
0.0827953951008142
0.0832353432064236
0.08403954942097842
0.08348133569558155
0.08342456819808355
0.08386924692848446
0.08390236130202496
0.08463087751991578
0.08471129814137127
0.08467345314303927
0.08478698813803526
0.08490525375782272
0.08565742309967106
0.08577095809466703
0.08555807997904957
0.0854965818567601
0.08539723873613861
0.08067134456943119
0.0805625401992267
0.08086530018588264
0.08097883518087862
0.0810829089262916
0.08106398642712559
0.08132890141544953
0.081466089534403
0.08226083449937482
0.08253521073728176
0.08257778636040525
0.08256832511082225
0.08248317386457528
0.08255413323644775
0.08233179387124731
0.08266293760665223
0.08264401510748624
0.08267239885623523
0.08258724760998826
0.08209526263167236
0.0819249601391784
0.08213783825479586
0.08213310763000435
0.08208107075729787
0.08126740329316005
0.08133363204024104
0.08117279079733007
0.08110183142545759
0.08031181708527727
0.08008474709528532
0.08006582459611933
0.07992863647716586
0.07982456273175288
0.08019828209028129
0.08021720458944728
0.08028343333652828
0.08045373582902224
0.08037804583235825
0.07962114586571842
0.07871286590575063
0.0783959140447202
0.07826818717534974
0.07821615030264324
0.07835806904638822
0.07834387717201372
0.07819722780347725
0.07958803149217793
0.0797441421102974
0.07978198710862938
0.07979617898300388
0.07988606085404236
0.07990971397799985
0.07949341899634796
0.07850944903971617
0.07763901407808037
0.07786608406807233
0.0779417740647363
0.07729840909309245
0.07665504412144859
0.07678277099081907
0.07685373036269155
0.077085530977475
0.07725110284517746
0.07711391472622399
0.07677330974123607
0.07689630598581504
0.07688211411144055
0.07676857911644457
0.07671654224373808
0.07644216600583115
0.07642324350666516
0.0761867122670902
0.07591706665397477
0.07591706665397477
0.0757656866606468
0.07588868290522577
0.07584137665731078
0.07566161291523382
0.07553861667065485
0.07556226979461235
0.07574676416148081
0.07592179727876626
0.07654150912645262
0.07492363544775998
0.07477698607922352
0.07465398983464455
0.07480536982797252
0.07454045483964858
0.07430392360007364
0.07454045483964858
0.07535885292857789
0.07542035105086738
0.07583191540772778
0.07596910352668125
0.07602587102417924
0.07607317727209423
0.07590287477960027
0.0757798785350213
0.0757278416623148
0.0762150960158392
0.07611102227042622
0.07602114039938775
0.07598802602584726
0.07590760540439177
0.0757514947862723
0.07614413664396671
0.07592179727876626
0.07595964227709825
0.07603533227376223
0.07592179727876626
0.07541562042607589
0.07538250605253538
0.07523112605920743
0.07555753916982084
0.0757798785350213
0.0757514947862723
0.07572311103752331
0.07538723667732689
0.07526897105753941
0.0757514947862723
0.07585083790689379
0.07578460915981279
0.07570418853835731
0.07567580478960832
0.07566634354002533
0.0757893397846043
0.07562376791690183
0.07498986419484098
0.07508447669067095
0.07509393794025396
0.07508920731546245
0.07555280854502935
0.07589341353001727
0.07478644732880652
0.07426607860174164
0.07457356921318907
0.07482429232713851
0.07472967983130853
0.07516962793691793
0.07499459481963247
0.074857406700679
0.07467764295860205
0.07436542172236311
0.0744363810942356
0.07345241113760383
0.0735659461325998
0.07346187238718682
0.0735754073821828
0.07366055862842978
0.07358486863176579
0.07342875801364633
0.07348079488635281
0.07350917863510181
0.07362744425488929
0.07335306801698235
0.07387816736883873
0.07428027047611614
0.07367475050280427
0.07378828549780025
0.07370786487634477
0.07360852175572329
0.07365582800363828
0.07328683926990136
0.07323953302198637
0.07340037426489733
0.07344768051281232
0.0731212674021989
0.07298407928324543
0.07294623428491344
0.07288946678741545
0.07276173991804498
0.0726813192965895
0.07261982117430002
0.0731449205261564
0.07301719365678593
0.07372678737551076
0.07333414551781635
0.07321114927323738
0.07292731178574745
0.07275700929325349
0.07229813868847809
0.0722413711909801
0.07203795432494564
0.07203795432494564
0.07201903182577965
0.07207106869848613
0.07203322370015415
0.07203322370015415
0.0717919618357877
0.07161692871850224
0.0713803974789273
0.07099248624602439
0.07056199938999798
0.07041061939667001
0.07021193315542706
0.07024977815375905
0.06985713629606465
0.06919484882525478
0.06899616258401184
0.06943138006482974
0.06989025066960514
0.06980036879856666
0.06965845005482169
0.06983348317210715
0.06969629505315368
