0.0
0.0
0.0
0.0
0.0
0.0
0.0
0.0
9.461249582997852e-06
9.461249582997852e-06
9.461249582997852e-06
9.461249582997852e-06
0.00031222123623892914
0.0004210256064434044
0.0006906712195588432
0.0011495418243342391
0.001272538068913211
0.0009272024591337895
0.0011921174474577294
0.0013718811895346887
0.0005534831006053743
0.0008798962112188003
0.0012583461945387144
0.0014523018109901702
0.0017787149216035962
0.002549806762617921
0.003576352342373188
0.005019192903780361
0.005553753505219739
0.004144027317353059
0.00462655104608595
0.005118536024401838
0.008817884611353998
0.009016570852596953
0.003775038583616143
0.00325940048134276
0.004839429161703402
0.006287000347902073
0.005629443501883722
0.007062822813707897
0.008742194614690016
0.01061552203212359
0.010445219539629628
0.01198267259686678
0.01268280506600862
0.015015003088217592
0.016642338016493223
0.02338347834437919
0.024424215798508956
0.02585759511033313
0.026950369437169382
0.02802422126483964
0.030862596139738994
0.031813451722830274
0.03285418917696004
0.03690360399848312
0.0396662888767185
0.04255196999953284
0.04311964497451271
0.04487470677215881
0.04642162107897896
0.04789284538913513
0.04910861596055035
0.04654934794834943
0.04962425406282373
0.050106777791556624
0.05145027523234232
0.05184291709003673
0.05646473751133118
0.05719798435401351
0.05795488432065334
0.059492337377890496
0.05965790924559296
0.06014043297432585
0.06101086793596165
0.061777229152184476
0.062032682890925415
0.07120536436164183
0.0722271793166056
0.07284216053950046
0.0713662056045528
0.07228867743889508
0.07353283175905931
0.07481010045276401
0.0757751479102298
0.07614413664396671
0.07701457160560252
0.07761063032933138
0.07248263305534655
0.07382613049613224
0.07426134797695014
0.08222772012583433
0.08254940261165626
0.07650839475291213
0.07948868837155645
0.08036385395798376
0.0814992039079435
0.08332049445267059
0.08415781504076589
0.08644270681505987
0.08929054293954222
0.09052523601012345
0.09058200350762144
0.09193496219799013
0.09175992908070467
0.0889972442024693
0.08945138418245319
0.09173154533195567
0.09185454157653465
0.09258778841921698
0.0925168290473445
0.09267767029025546
0.09491998644142595
0.09589449514847473
0.09571473140639777
0.09678385260927652
0.09883221314399557
0.09842064878713516
0.08744559927085764
0.09015624727638653
0.0911780622313503
0.09200119094507112
0.09238437155318252
0.08561011685175607
0.08753075051710463
0.08834441798124244
0.08811261736645899
0.0902887047705485
0.09107398848593733
0.09109291098510332
0.08568107622362856
0.07782823906974033
0.07954545586905444
0.08051523395131172
0.08173100452272694
0.07521693418483293
0.0758035316589788
0.0792805408807305
0.08019828209028129
0.0806382301958907
0.08268659073060973
0.0846024937711668
0.08485321688511624
0.08566688434925405
0.08612575495402945
0.08747871364439815
0.0872327211552402
0.08660827868276234
0.09069553850261741
0.09081380412240489
0.09314127151982235
0.09491525581663446
0.09643851699949711
0.0960364138922197
0.09614994888721567
0.09642432512512261
0.09641013325074811
0.09748871570320987
0.09757386694945684
0.10222880174429179
0.1021341892484618
0.1052280178621021
0.10529897723397459
0.1048542985035737
0.10536047535626408
0.1053178997331406
0.09301827527524338
0.09310342652149037
0.09417727834916062
0.09445165458706756
0.09573838453035527
0.09666558698948906
0.09650947637136958
0.09505244393558793
0.09746506257925237
0.0978103981890318
0.096864273230732
0.09770632444361882
0.09920120187773247
0.1004453561978967
0.10110764366870655
0.10192131113284436
0.10382775292381843
0.10452788539296026
0.09916335687940049
0.09800908443027474
0.09829765254255618
0.09787662693611278
0.09787189631132127
0.09896940126294904
0.10016624933519826
0.10050212369539469
0.09977833810229535
0.10011894308728327
0.1008805736787146
0.10110291304391504
0.10111237429349805
0.0995891131106354
0.09884640501837005
0.09874233127295708
0.0986666412762931
0.09933365937189445
0.0987186781489996
0.09914443438023449
0.09895994001336603
0.10163274302056292
0.10064404243913964
0.10095626367537858
0.10142932615452847
0.10106979867037455
0.10145770990327746
0.10185981301055487
0.10170370239243541
0.10144351802890297
0.10244167985990925
0.10225245486824928
0.10211053612450431
0.10300462421009761
0.10278228484489717
0.10185981301055487
0.1017273555163929
0.10248898610782423
0.09624456138304564
0.09697307760093649
0.09605060576659419
0.09469764707622551
0.09474968394893199
0.09478752894726399
0.0956011964114018
0.09660881949199107
0.0959985688938877
0.09640540262595661
0.09302773652482638
0.09303719777440937
0.0933588802602313
0.09288581778108142
0.09007109603013955
0.09167004720966619
0.09168896970883218
0.09226137530860355
0.09218568531193957
0.09256886592005098
0.09210053406569259
0.09248371467380401
0.09293312402899641
0.09385559586333869
0.09345822338085279
0.0933825333841888
0.09317438589336284
0.09282905028358343
0.09305138964878387
0.09283851153316643
0.09271078466379595
0.092493175923387
0.09233706530526754
0.09207688094173509
0.09197280719632211
0.09210053406569259
0.09265874779108946
0.09219514656152257
0.09196334594673912
0.09249790654817851
0.0929756996521199
0.09366164024688724
0.09269659278942145
0.09203903594340311
0.09195861532194763
0.09143351597009124
0.09113075598343531
0.09148082221800623
0.09182615782778565
0.09109291098510332
0.09048739101179146
0.09135782597342726
0.09153285909071272
0.09199172969548812
0.0863149799456894
0.08597910558549297
0.08564323122529656
0.08536885498738962
0.08497621312969521
0.08619671432590192
0.08724218240482319
0.08666977680505182
0.08609264058048896
0.0863433636944384
0.08605952620694846
0.08591287683841199
0.08681642617358828
0.0868258874231713
0.08651366618693236
0.08668396867942632
0.08614940807798695
0.0858892237144545
0.08543981435926211
0.08504244187677619
0.0850235193776102
0.0846261468951243
0.08441799940429834
0.08430446440930237
0.08405847192014441
0.08407266379451891
0.08429027253492787
0.08475860438928626
0.08444638315304732
0.08649474368776636
0.08654678056047285
0.08713810865941021
0.08776728175667957
0.08789500862605004
0.08836807110519994
0.08838699360436593
0.08784770237813505
0.08790920050042454
0.0889593992041373
0.08842956922748943
0.08808423361771
0.08715703115857622
0.08670762180338382
0.08671708305296681
0.08646635993901737
0.08638120869277038
0.08612575495402945
0.08563376997571356
0.08527897311635114
0.08466872251824778
0.08509447874948269
0.08446530565221333
0.08341510694850056
0.08339145382454306
0.08304611821476364
0.08228921824812382
0.08244532886624328
0.08301300384122315
0.08242640636707729
0.08215676075396185
0.08211418513083836
0.0819438826383444
0.08169315952439496
0.08139039953773902
0.08112548454941508
0.08061930769672469
0.08053888707526921
0.08091733705858913
0.08056727082401821
0.08006582459611933
0.07994282835154035
0.07961641524092693
0.07879328652720612
0.07919065900969202
0.07910550776344503
0.0792805408807305
0.07855202466283967
0.07814992155556226
0.07790865969119581
0.07762009157891438
0.07817830530431125
0.07817830530431125
0.07792285156557031
0.07761536095412289
0.07548184917315687
0.0748810598246365
0.07462560608589555
0.07384978362008973
0.07428027047611614
0.07412415985799667
0.07368894237717877
0.07436069109757162
0.07424715610257564
0.07475333295526602
0.07455464671402308
0.07435122984798861
0.07421877235382665
0.07386397549446423
0.07364636675405528
0.07328210864510987
0.07345241113760383
0.07415727423153716
0.07375990174905125
0.07343348863843784
0.07333887614260785
0.07305976927990941
0.07186292120766019
0.07144662622600828
0.07112967436497786
0.07068972625936845
0.0700605531620991
0.0696158744316982
0.06924215507316978
0.06910969757900781
0.06932730631941676
0.06914754257733981
0.0687170557213134
0.06861298197590042
0.06804057637612905
0.06778512263738812
0.06735936640615321
0.06730259890865523
0.06712283516657826
0.06690049580137782
0.06639431894868743
0.06617197958348697
0.0656374189820476
0.06550496148788564
0.06506501338227623
0.06408577405043595
0.06327683721108963
0.06324372283754914
0.0629835384740167
0.06347079282754109
0.06352756032503908
0.06282742785589723
0.06274700723444175
0.062202985383419375
0.06225975288091737
0.061848188524056956
0.06160692665969052
0.06153596728781803
0.0616636941571885
0.06161638790927351
0.06134674229615807
0.05938353300768602
0.05944030050518401
0.059544374250596985
0.059009813649157604
0.058825319282289144
0.05883478053187214
0.05863609429062919
0.05807314994044081
0.05774200620503589
0.057429784968796964
0.05740140122004797
0.05754331996379294
0.057226368102762507
0.05747709121671195
0.05746762996712895
0.05656881125674416
0.056067365028845274
0.05580718066531283
0.055599033174486875
0.055263158814290454
0.055026627574715506
0.05530100381262244
0.05486578633180454
0.05476644321118307
0.054842133207847046
0.05428391948245018
0.053815587628091785
0.053460790768729366
0.05343713764477187
0.05342767639518887
0.05317222265644793
0.05270389080208954
0.052524127060012575
0.052656584554174546
0.05238220831626761
0.05194226021065821
0.05140769960921883
0.051384046485261334
0.050877869632570946
0.05095829025402643
0.05084002463423896
0.05043319090217005
0.05037642340467206
0.05006420216843313
0.05011623904113962
0.04997432029739465
0.05046630527571054
0.0502297740361356
0.04981820967927519
0.04972359718344521
0.049699944059487716
0.04952964156699376
0.04943029844637228
0.04925526532908682
0.04910861596055035
0.04740559103561074
0.047244749792699776
0.047197443544784785
0.047235288543116774
0.04731097853978076
0.046861569184588364
0.04677641793834138
0.04663449919459641
0.04654934794834943
0.04633173920794048
0.04640269857981297
0.04620874296336151
0.04618035921461251
0.045835023604833096
0.045749872358586116
0.04550387986942817
0.045584300490883654
0.04561268423963265
0.04546603487109618
0.045201119882772235
0.04500716426632078
0.04478482490112033
0.04502608676548678
0.04488889864653331
