0.0
0.0
0.00011826561978747315
0.00037371935852841513
0.0007143243435163378
0.0005629443501883722
0.0008042062145548174
0.0011116968260022476
0.0015942205547351382
0.003443894848211218
0.004196064190059547
0.005222609769814814
0.005487524758138755
0.007616305914313271
0.007086475937665392
0.008472549001574577
0.009674127698615304
0.010114075804224704
0.010402643916506138
0.010998702640235003
0.012744303188298107
0.013132214421201018
0.01348228065577194
0.012701727565174617
0.014418944364488727
0.015781364304440416
0.01575771118048292
0.017247857989805084
0.017342470485635062
0.018397399814139324
0.0176121160987505
0.017981104832487417
0.020507258471147843
0.020213959734074912
0.01955167226326506
0.021169545941957694
0.021879139660682532
0.022371124638998423
0.018988727913076688
0.019580056012014055
0.01995850599533397
0.020710675337182297
0.022910415865229298
0.024353256426636473
0.027272051922991307
0.02992120180623071
0.032887303550500534
0.02223393652004495
0.0224515452604539
0.023515935838541162
0.024462060796840948
0.02408834143831253
0.022498851508368892
0.020720136586765296
0.02822290750608259
0.029873895558315718
0.030375341786214604
0.03096666988515197
0.03225339982843968
0.03275484605633856
0.028899386851266938
0.02348755208979217
0.02440056267455146
0.02515746264119129
0.027286243797365807
0.03541818781395246
0.03621766340371578
0.03652042339037171
0.03551753093457394
0.03757062209408447
0.04159165316685856
0.0431764124720107
0.0453761530000577
0.047320439789363754
0.04130781567936862
0.041151705061249155
0.04126524005624513
0.0436068993280371
0.045314654877768215
0.046407429204604465
0.04364947495116059
0.045300463003393715
0.045470765495887674
0.04797799663538211
0.0431527593480532
0.04367785869990958
0.04627970233523399
0.04752858728018971
0.047618469151228186
0.04903292596388637
0.05090152275652844
0.048706512853272946
0.04989863030073067
0.05181453334128774
0.05656408063195266
0.05797853744461084
0.05655461938236966
0.05880166615833165
0.06010731860078535
0.06760062827051966
0.06808315199925255
0.06887789696422436
0.0625388597436158
0.0643128440404279
0.06482848214270129
0.06630916770244044
0.06567999460517109
0.06623347770577646
0.06755805264739616
0.06681534455513083
0.06883532134110087
0.0709451799981094
0.07240221243389107
0.0735517542582253
0.07558119229377834
0.06884005196589237
0.06778039201259661
0.0735754073821828
0.07379774674738325
0.07410050673403917
0.07579407040939579
0.07653677850166113
0.07785662281848932
0.07934676962781148
0.0802030127150728
0.08095991268171263
0.08319276758330012
0.08570945997237754
0.08653731931088986
0.08775782050709657
0.08679277304963079
0.08794231487396503
0.0884768754754044
0.0894324616832872
0.08858567984560889
0.08635755556881289
0.08785716362771806
0.07344768051281232
0.0757278416623148
0.07461141421152107
0.07640905163229066
0.07806950093410678
0.07871286590575063
0.07782350844494883
0.07979617898300388
0.0796921052375909
0.07947922712197346
0.07903454839157256
0.07861825340992065
0.07699564910643653
0.0770429553543515
0.07622928789021369
0.07613940601917521
0.0770808003526835
0.07830603217368172
0.07779039407140834
0.07944611274843297
0.08025978021257078
0.07995702022591485
0.08195807451271889
0.08331103320308758
0.08422877441263837
0.08565269247487955
0.08539250811134712
0.08509447874948269
0.08393547567556545
0.08322588195684061
0.08353337256828804
0.08220406700187684
0.0832968413287131
0.08485321688511624
0.08606898745653146
0.08578988059383302
0.08578514996904152
0.08598383621028448
0.08647582118860037
0.08812207861604199
0.08830184235811896
0.08914862419579726
0.08905401169996728
0.0889357460801798
0.08536885498738962
0.08420039066388939
0.08476333501407776
0.08435650128200885
0.08342456819808355
0.0832495350807981
0.08361379318974352
0.08258724760998826
0.08320222883288311
0.08210472388125536
0.08271024385456723
0.08221825887625134
0.08161273890293948
0.08008474709528532
0.07995702022591485
0.07860879216033766
0.07845741216700969
0.07912443026261104
0.07895885839490857
0.07861352278512915
0.07789919844161282
0.07947922712197346
0.08027870271173677
0.08025031896298779
0.08001851834820434
0.07799381093744279
0.07903454839157256
0.08108763955108308
0.0810734476767086
0.08050577270172872
0.08040169895631574
0.06884951321547537
0.07065661188582796
0.07028762315209104
0.06997067129106062
0.07087422062623691
0.0718014230853707
0.07027816190250805
0.0704721175189595
0.07256305367680202
0.07986240773008486
0.08022193521423879
0.08087949206025714
0.081466089534403
0.08130524829149204
0.0819154988895954
0.08205268700854887
0.08258724760998826
0.08261563135873724
0.08415781504076589
0.07498040294525797
0.07630970851166917
0.07746871158558641
0.07747344221037791
0.07737882971454793
0.07905820151553006
0.07938461462614348
0.08043008270506474
0.08071392019255468
0.0810356026783766
0.08139039953773902
0.08032127833486026
0.07939407587572647
0.08049631145214572
0.08056727082401821
0.0797536033598804
0.08064296082068219
0.08116332954774708
0.08118698267170457
0.0806145770719332
0.0806051158223502
0.08128632579232604
0.08136201578899002
0.08117279079733007
0.0823507163704133
0.08219460575229384
0.08197699701188489
0.0823791001191623
0.08200538076063388
0.08202430325979988
0.08155597140544149
0.08125794204357706
0.08229394887291532
0.08227502637374932
0.0819013070152209
0.08186819264168041
0.08139513016253053
0.08112548454941508
0.08100248830483611
0.08143770578565401
0.08076122644046967
0.08095045143212962
0.08230814074728982
0.08139986078732202
0.08096937393129562
0.07948868837155645
0.07919065900969202
0.07805530905973228
0.07730787034267544
0.07716595159893049
0.07668342787019759
0.07651785600249512
0.07700511035601952
0.07601167914980474
0.07546765729878237
0.07483848420151301
0.07604952414813673
0.07630970851166917
0.07654623975124412
0.07630497788687768
0.07570418853835731
0.07537304480295239
0.07565215166565083
0.07553861667065485
0.07573257228710631
0.07375990174905125
0.0731401899013649
0.072667127422215
0.07250628617930403
0.07311180615261591
0.07298407928324543
0.07334833739219085
0.07293677303533044
0.07361798300530628
0.0739869717390432
0.0740106248630007
0.07468710420818504
0.07418092735549466
0.07338145176573134
0.07329630051948435
0.07367948112759577
0.07363217487968078
0.07377882424821725
0.07384505299529824
0.07349971738551882
0.07366528925322127
0.07388289799363022
0.07367948112759577
0.07347133363676982
0.07287054428824946
0.07319222677407139
0.07277593179241948
0.07298407928324543
0.07248263305534655
0.07186765183245168
0.07155069997142126
0.07163585121766823
0.07151758559788077
0.07123847873518233
0.07054780751562348
0.0700463612877246
0.0695922213077407
0.06906239133109282
0.06975306255065167
0.06954018443503421
0.06920904069962928
0.06852310010486194
0.06812572762237604
0.06777093076301362
0.06715594954011875
0.06592598709432904
0.06523058524997868
0.0647149471477053
0.06437907278750889
0.06416619467189143
0.06330995158463013
0.06339510283087711
0.06315857159130216
0.06260508849069679
0.06242532474861983
0.06265712536340327
0.06280377473193974
0.06302611409714019
0.06288892597818672
0.06295042410047622
0.06206106663967441
0.06214148726112989
0.06218879350904488
0.06192860914551244
0.06116697855408111
0.060840565443467685
0.06013097172474285
0.05965790924559296
0.059449761754767
0.0599228242339169
0.059918093609125395
0.05909969552019608
0.059057119897072595
0.058773282409582656
0.05885370303103814
0.058522559295633214
0.05822452993376878
0.05845633054855223
0.05823399118335178
0.05804003556690032
0.05785554120003186
0.05804476619169182
0.05753858933900144
0.05761427933566542
0.05608155690321977
0.05614305502550925
0.056237667521339234
0.0559443687842663
0.05560376379927837
0.05501243570034101
0.0546197938426466
0.05486578633180454
0.054979321326800515
0.05484686383263855
0.05460087134348061
0.05436434010390566
0.05426972760807568
0.054335956355156666
0.05433122573036517
0.05406158011724973
0.05389600824954727
0.052708621426881035
0.052538318934387075
0.052472090187306086
0.05294042204166448
0.05249574331126358
0.052609278306259555
0.05215040770148416
0.05189968458753472
0.05150704272984031
0.05131308711338885
0.05048522777487654
0.050239235285718595
0.050191929037803604
0.04968102156032172
0.04949179656866176
0.048611900357442964
0.0488862765953499
0.04877274160035393
0.048427405990574504
0.04794961288663312
0.04804422538246309
0.04804422538246309
0.04817668287662506
0.04818614412620806
0.048119915379127076
0.04794488226184161
0.04786446164038613
0.047552240404147204
0.04731097853978076
0.046828454811047866
0.046577731697098425
0.04621820421294451
0.045887060477539585
0.04596275047420356
0.04564106798838164
0.04466655928133286
0.0444678730400899
0.044510448663213395
0.04410361493114449
0.04386235306677804
0.04384343056761204
0.04284053811181428
0.0431385674736787
0.043133836848887205
0.04268442749369481
0.04249993312682635
0.042481010627660354
0.04267496624411181
0.04262292937140532
0.04214986689225543
0.04220663438975342
0.04205052377163395
0.04216878939142143
0.04242424313016237
0.042211365014544915
0.04219717314017042
0.04164842066435655
0.04127943193061963
0.04045157259210732
0.04035696009627734
0.040011624486497914
0.04027180885003036
0.04012042885670239
0.04005420010962141
0.039973779488165925
0.040144081980659885
0.03986024449316995
0.039642635752761
0.03955748450651402
0.03956694575609702
0.03947706388505854
0.03933514514131357
0.03927837764381558
0.03910807515132162
0.03917430389840261
0.03899454015632565
0.03893777265882766
0.03883842953820618
0.03822344831531132
0.03855932267550775
0.03868704954487822
0.03871543329362721
0.0387532782919592
0.038933042034036164
0.03898034828195115
0.03885735203737218
0.03858297579946524
0.038308599561558306
0.0378781127055319
0.03778823083449342
0.03766996521470595
0.03738139710242451
0.03723001710909655
0.037054983991811084
0.03702660024306209
0.03670491775724017
0.03641634964495873
0.03607101403517931
0.03569729467665089
0.03598113216414083
0.03602370778726432
0.035962209664974834
0.03584394404518736
