0.0
0.0
0.0
7.095937187248389e-05
0.00011826561978747315
0.00010407374541297637
0.0001986862412429549
0.0002176087404089506
0.0005913280989373658
0.0010785824524617552
0.001225231820998222
0.0009792393318402777
0.0009366637087167873
0.0009555862078827831
0.0018685967926420758
0.0021997405280470006
0.0022281242767959943
0.0018733274174335746
0.0013103830672452025
0.004238639813183038
0.004607628546919954
0.004754277915456421
0.006135620354574107
0.007526424043274791
0.007398697173904321
0.007937988400135198
0.010303300795884662
0.011618414487921362
0.012082015717488258
0.012351661330603695
0.012635498818093631
0.013463358156605943
0.013487011280563439
0.012782148186630099
0.01119265825668646
0.011590030739172369
0.01413983750179029
0.014816316846974636
0.01903130353620018
0.020649177214892813
0.022588733379407373
0.02399845956727405
0.02449044454558994
0.02809991126150362
0.029679939941864263
0.028303328127538073
0.028785851856270965
0.029907009931856212
0.03204052171282223
0.03242370232093364
0.03296299354716452
0.03487416596293008
0.03563579655436141
0.03129781362055689
0.031997946089698734
0.032059444211988225
0.02527572826097876
0.025616333245966686
0.025800827612835142
0.02581975011200114
0.026354310713440517
0.02709701880570585
0.02435798705142797
0.0237903120764481
0.023497013339375164
0.023397670218753688
0.025346687632851247
0.0233409027212557
0.023582164585622147
0.024244452056431994
0.02479320453224587
0.024944584525573837
0.02527572826097876
0.02396534519373356
0.02559268012200919
0.02633538821427452
0.02672803007196893
0.027125402554454843
0.027522775036940752
0.03374827726255334
0.030157733045805653
0.043583246204079606
0.043758279321365064
0.04327575559263218
0.04302503247868273
0.04376300994615656
0.044543563036753886
0.04557483924130065
0.04482266989945232
0.0471264841729123
0.04606682421961654
0.05342294577039737
0.05426972760807568
0.04895250534243089
0.04959113968928324
0.053276296401860906
0.052755927674796026
0.05321006765477992
0.05590652378593431
0.06016881672307484
0.05886789490541264
0.05945922300435
0.05075014276320048
0.051965913334615706
0.05268023767813204
0.04619928171377851
0.046762226063966884
0.04288784435972926
0.04587759922795658
0.046677074817719905
0.04698929605395883
0.04767996727351768
0.04851728786161299
0.049080232211801356
0.04643581295335346
0.047722542896641164
0.04833279349474453
0.049870246551981676
0.0418281844064335
0.04127943193061963
0.04223501813850241
0.04210256064434044
0.0431716818472192
0.038261293313643314
0.03874381704237621
0.03642108026975023
0.03760846709241646
0.04114697443645766
0.0405036094648138
0.04211675251871494
0.04329940871658967
0.044037386184063505
0.043720434323033075
0.04197956439976147
0.045049739889444274
0.046643960444179414
0.04752858728018971
0.04480847802507783
0.04067391195730777
0.041832915031225
0.04286892186056327
0.04573094985942012
0.046019517971701555
0.04539034487443219
0.045470765495887674
0.0471264841729123
0.0493262247009593
0.05011623904113962
0.04647365795168545
0.054894170080553535
0.05248155143688909
0.05320060640519692
0.053886546999964265
0.039486525134641536
0.04083475320021873
0.041856568155182496
0.04078271632751224
0.041506501920611574
0.0405367238383543
0.04145919567269659
0.0445009874136304
0.0779748884382768
0.0801557064671578
0.0810308720535851
0.08172154327314395
0.07666450537103159
0.07650839475291213
0.07660300724874211
0.07707606972789201
0.07642324350666516
0.07584137665731078
0.07629078601250318
0.07607317727209423
0.07628132476292018
0.07693415098414703
0.07338145176573134
0.07294623428491344
0.07147027934996578
0.0717730393366217
0.07216568119431611
0.04342713558596014
0.060674993575765224
0.06283215848068874
0.0630071915979742
0.06337144970691962
0.06395804718106549
0.06409996592481045
0.06556645961017511
0.0687454394700624
0.06945030256399573
0.07434176859840562
0.0766077378735336
0.07785189219369783
0.07842902841826069
0.0783959140447202
0.0788358621503296
0.07978198710862938
0.08125321141878555
0.08121063579566207
0.08242167574228579
0.08371313631036499
0.08307923258830414
0.08172154327314395
0.08175465764668444
0.08109237017587459
0.08143770578565401
0.08209053200688086
0.08251628823811577
0.08250209636374127
0.08358540944099452
0.08444165252825583
0.08538304686176412
0.08601695058382497
0.0863339024448554
0.08622982869944243
0.08638120869277038
0.0867738505504648
0.08797542924750552
0.08826399735978696
0.0911875234809333
0.0898818710384796
0.09008528790451405
0.08993390791118608
0.09040223976554447
0.09140986284613374
0.09182142720299416
0.09219987718631407
0.0947071083258085
0.09503352143642192
0.09392182461041967
0.09506190518517092
0.09650947637136958
0.09696361635135349
0.09904036063482151
0.09931946749751995
0.09973103185438036
0.09983037497500184
0.1004690093218542
0.10060146681601616
0.10095626367537858
0.10089949617788059
0.10121171741411952
0.10181250676263989
0.09919174062814948
0.09982564435021034
0.1008616511795486
0.1008805736787146
0.10173208614118441
0.10202538487825734
0.10229029986658128
0.10018990245915575
0.10093261055142108
0.1008758430539231
0.10030343745415173
0.10017097995998976
0.10011421246249178
0.10007636746415978
0.10193077238242736
0.10200173175429984
0.10228556924178978
0.10281539921843766
0.10322223295050656
0.10148136302723496
0.10150501615119245
0.10197807863034235
0.1021814954963768
0.10228083861699828
0.0854445449840536
0.08471602876616277
0.08463560814470729
0.08480118001240974
0.0849856743792782
0.08528843436593414
0.08418146816472338
0.08432338690846836
0.08526478124197664
0.08561011685175607
0.08693942241816727
0.08737937052377666
0.09239856342755702
0.09277701341087694
0.09266347841588096
0.09240802467714002
0.092464792174638
0.09249790654817851
0.09417254772436912
0.09442800146311006
0.09448949958539955
0.09453680583331454
0.09148082221800623
0.09242221655151452
0.09281958903400042
0.09278647466045993
0.08904928107517579
0.0894371923080787
0.08938988606016371
0.08730368052711268
0.0871854149073252
0.08731314177669568
0.08751182801793864
0.08742667677169165
0.08751182801793864
0.0876064405137686
0.08834914860603395
0.08929527356433373
0.08912024044704826
0.08948449855599369
0.08802273549542051
0.08823561361103797
0.08796596799792253
0.09309396527190736
0.09323588401565233
0.09363325649813824
0.09362379524855524
0.09346768463043578
0.09364744837251274
0.09385559586333869
0.08799908237146302
0.08831130360770195
0.0885147204737364
0.08864717796789838
0.08908712607350777
0.08968318479723664
0.08951761292953418
0.09000486728305856
0.09043062351429347
0.09023666789784202
0.0916180103369597
0.0915943572130022
0.09273443778775345
0.09309396527190736
0.09327372901398433
0.09307977339753287
0.0942813520945736
0.09474968394893199
0.09500040706288143
0.09565323328410828
0.09633444325408413
0.09632971262929263
0.09706295947197496
0.09653786012011858
0.09654259074491008
0.09639594137637361
0.09845376316067565
0.09834495879047117
0.0986713719010846
0.09705349822239197
0.0973515275842564
0.09626821450700314
0.09846322441025865
0.0982834606681817
0.09834022816567968
0.09857202878046312
0.09908293625794501
0.0995891131106354
0.0991160506314855
0.10010002058811727
0.10016624933519826
0.09976887685271235
0.10010002058811727
0.09996756309395531
0.09959857436021839
0.09972157060479736
0.1030708529571786
0.10317965732738307
0.10317492670259158
0.10330738419675355
0.10310869795551059
0.10331684544633654
0.10372840980319695
0.10333576794550255
0.10370002605444796
0.10323169420008957
0.10275863172093967
0.10214365049804482
0.10228556924178978
0.10257413735407121
0.10243694923511774
0.1026592886003182
0.10323642482488106
0.10364325855694997
0.10390344292048241
0.1039223654196484
0.10355810731070299
0.10375679355194595
0.10337834356862603
0.10361960543299248
0.1039412879188144
0.10386086729735892
0.10436231352525781
0.10434812165088331
0.1043906972740068
0.10406901478818488
0.1043859666492153
0.1052564016108511
0.10535101410668109
0.10499621724731867
0.10503879287044215
0.10536993660584708
0.1053037078587661
0.10289108921510164
0.10281066859364615
0.10134890553307299
0.10137255865703049
0.10137728928182198
0.10202065425346583
0.10190711925846986
0.1021814954963768
0.10205376862700632
0.10229503049137277
0.1026072517276117
0.1030897754563446
0.10292893421343363
0.10264982735073519
0.10268767234906719
0.10243694923511774
0.1026309048515692
0.10258832922844571
0.1022335323690833
0.1021862261211683
0.10207269112617233
0.10245114110949224
0.1022193404947088
0.10208215237575533
0.10227137736741528
0.10201119300388284
0.10247479423344974
0.10249844735740724
0.10280593796885466
0.1034871479388305
0.1030755835819701
0.10274443984656517
0.1026167129771947
0.1022335323690833
0.1026309048515692
0.10266401922510969
0.10231868361533027
0.10276809297052267
0.10301408545968062
0.1030282773340551
0.10261198235240321
0.10296677921176563
0.10292893421343363
0.10264982735073519
0.1026450967259437
0.1030613917075956
0.10319384920175757
0.10299989358530612
0.10356283793549449
0.1039365572940229
0.103539184811537
0.10453261601775177
0.10497729474815266
0.10502933162085916
0.10512867474148063
0.10516178911502112
0.10557335347188153
0.10554970034792403
0.10560646784542202
0.10584772970978847
0.10602276282707393
0.10494418037461217
0.10470764913503723
0.10426297040463633
0.10365271980653297
0.10271605609781619
0.10303300795884661
0.10303300795884661
0.10268767234906719
0.10280120734406316
0.10333103732071104
0.10339253544300053
0.10314181232905108
0.10338780481820903
0.10301881608447211
0.10291001171426764
0.10252210048136473
0.10266401922510969
0.1026072517276117
0.10276809297052267
0.10259779047802871
0.10242748798553475
0.10246533298386674
0.10224299361866629
0.10231395299053878
0.10210580549971282
0.10210580549971282
0.10175573926514189
0.10180777613784839
0.10164220427014592
0.10144824865369446
0.10121171741411952
0.10097045554975308
0.09984456684937633
0.09893628688940855
0.09895994001336603
0.09901197688607252
0.09897413188774053
0.09863352690275261
0.09841118753755215
