0.0
0.0
0.0
0.0
0.0
0.0
0.0
0.0
0.0
2.8383748748993554e-05
0.001083313077253254
0.0011211580755852454
0.0010076230805892712
0.001215770571415224
0.0012630768193302132
0.002171356779298007
0.0021524342801320113
0.0022233936520044953
0.003775038583616143
0.00409672106943807
0.004248101062766035
0.005648366001049718
0.005676749749798711
0.005828129743126677
0.006007893485203636
0.005799745994377683
0.006140350979365606
0.01418241312491378
0.005752439746462694
0.008089368393463163
0.008108290892629159
0.009650474574657808
0.009948503936522241
0.010568215784208601
0.015833401177146905
0.016178736786926325
0.016060471167138855
0.01470751247677016
0.01824601982081136
0.018383207939764827
0.020762712209888786
0.023440245841877178
0.026439461959687497
0.033185332912364966
0.03668599525807417
0.05262820080542555
0.06136566479532407
0.06569418647954559
0.06762901201926864
0.0695969519325322
0.06905766070630132
0.0722413711909801
0.07210891369681813
0.07200957057619665
0.07228394681410359
0.07318749614927988
0.07342402738885483
0.07434649922319712
0.07458776108756357
0.07456883858839757
0.07478644732880652
0.07371732612592777
0.07302665490636892
0.07573257228710631
0.07625294101417118
0.07261982117430002
0.07332941489302486
0.074847945451096
0.07832495467284772
0.07996648147549784
0.08125794204357706
0.08146135890961151
0.08122482767003655
0.08708134116191223
0.09054415850928944
0.0907144610017834
0.092512098422553
0.08923850606683574
0.09240329405234853
0.09250263717297
0.09488687206788546
0.09499094581329844
0.09836861191442867
0.09844430191109264
0.09859095127962912
0.09908293625794501
0.09916808750419198
0.10184089051138888
0.10104141492162556
0.10359595230903498
0.09546873891723982
0.0977867450650743
0.09622563888387965
0.09897413188774053
0.09416308647478612
0.09434758084165458
0.09421512334749262
0.09560592703619329
0.09502406018683893
0.1013252524091155
0.10150501615119245
0.10160908989660543
0.10538885910501307
0.10466034288712224
0.105729464090001
0.10730949277036164
0.10758386900826858
0.10764063650576657
0.10774471025117954
0.10823669522949543
0.10956600079590663
0.10932000830674868
0.10911659144071423
0.10201592362867434
0.10210580549971282
0.10225718549304079
0.1026829417242757
0.09945665561647342
0.10287216671593565
0.10301408545968062
0.10282959109281216
0.10329319232237905
0.10153813052473294
0.10231395299053878
0.10282959109281216
0.09813681129964522
0.09790501068486178
0.09665139511511456
0.09717649446697094
0.09674600761094454
0.10068188743747164
0.10083326743079961
0.0991538956298175
0.09928635312397946
0.09916808750419198
0.1017888536386824
0.10462249788879024
0.10810896836012496
0.10870975770864531
0.10975049516277509
0.10944773517611915
0.1096889970404856
0.1070303859076632
0.10727637839682115
0.10798124149075448
0.11060200762524489
0.1109709963589818
0.11253683316496794
0.11216784443123104
0.11219149755518854
0.112338146923725
0.11603749551067716
0.11601384238671966
0.1163166023733756
0.1162882186246266
0.11939150848784989
0.11925905099368793
0.121146570285496
0.12009637158178324
0.12123172153174298
0.12146352214652642
0.11883802538724451
0.11927324286806242
0.1220548502454638
0.12341253956062398
0.1285405368346088
0.12850742246106833
0.12845065496357033
0.12721596189298912
0.12739572563506607
0.12691320190633318
0.12703146752612066
0.12662936441884326
0.12742410938381507
0.12621780006198285
0.12893317869230322
0.12918390180625267
0.1291271343087547
0.12982253615310502
0.13234868979176545
0.1307402773626558
0.1312653767145122
0.13150190795408714
0.1321121585521905
0.1295197761664491
0.13373949348046613
0.1357074333937297
0.13552293902686124
0.13527694653770328
0.1352674852881203
0.13461465906689343
0.13468561843876592
0.13639810461328852
0.1369232039651449
0.13707458395847288
0.13718338832867735
0.1382572401563476
0.13860257576612703
0.14087327566604652
0.14422255801842776
0.1391749813658984
0.1387492251346635
0.14069824254876107
0.1400217632035767
0.13994607320691274
0.14148825688894137
0.13937839823193285
0.1392317488633964
0.1242309376495533
0.12189400900255283
0.12092896154508705
0.12030924969740069
0.12021936782636221
0.1202477515751112
0.12046536031552015
0.12195077650005082
0.12232922648337073
0.1220406583710893
0.12214000149171077
0.12116549278466199
0.12881491307251575
0.1290183299385502
0.12584408070345443
0.12573054570845846
0.12160071026547989
0.1219791602487998
0.12185143337942933
0.1220548502454638
0.12219203836441726
0.12105668841445752
0.12043224594197965
0.1206735078063461
0.12097626779300204
0.12115603153507899
0.12015786970407272
0.11906509537723647
0.12045116844114566
0.12073500592863559
0.12185143337942933
0.12168586151172688
0.12281175021210362
0.12346930705812197
0.12348349893249647
0.12343146205978998
0.12342200081020697
0.123327388314377
0.12326115956729601
0.12397075328602085
0.12435866451892377
0.12403225140831034
0.12402752078351885
0.12439177889246426
0.12461884888245621
0.1267949362865457
0.12835131184294887
0.12849796121148532
0.12916024868229517
0.12843173246440434
0.12851688371065131
0.12916024868229517
0.1189610216318235
0.12012948595532373
0.12082488779967407
0.12077285092696759
0.12083434904925706
0.12125064403090897
0.11944354536055639
0.11927324286806242
0.11866299226995906
0.11784932480582125
0.11965169285138233
0.11909820975077696
0.11901305850452998
0.12006325720824275
0.11979834221991881
0.11988349346616578
0.1198172647190848
0.11993079971408077
0.12274079084023114
0.12366799329936493
0.12395183078685486
0.12249479835107319
0.12165274713818638
0.1206640465567631
0.1206829690559291
0.12094788404425304
0.12108980278799801
0.12045116844114566
0.12003014283470224
0.12060727905926512
0.12042278469239666
0.1198125340942933
0.11992606908928928
0.12007271845782574
0.12008691033220023
0.12005852658345124
0.11836023228330313
0.11966588472575683
0.11968480722492283
0.11944354536055639
0.11931581849118592
0.11900832787973849
0.11902725037890448
0.11921174474577294
0.12004433470907674
0.12003487345949375
0.12009164095699174
0.11957600285471835
0.11914551599869196
0.1185163429014226
0.11912186287473446
0.11884748663682752
0.11814262354289418
0.11824669728830715
0.11815681541726868
0.11836969353288612
0.11743302982416934
0.11796285980081722
0.11842173040559262
0.11837915478246913
0.11664301548398902
0.11651528861461855
0.11694577547064496
0.11651528861461855
0.11670451360627851
0.11684643235002347
0.1167518198541935
0.11633079424775009
0.11245168191872097
0.11234287754851649
0.11064931387315988
0.11169005132728964
0.11216311380643953
0.11226245692706101
0.11171370445124713
0.11071554262024086
0.11128321759522074
0.11138256071584221
0.11256994753850845
0.11245641254351246
0.11259833128725744
0.11255102503934244
0.11265982940954693
0.11241856754518048
0.11262671503600644
0.11165693695374915
0.11168059007770664
0.11158597758187666
0.11152447945958718
0.11149136508604669
0.11034182326171245
0.11017152076921849
0.11309504689036483
0.11371475873805119
0.11312816126390532
0.1128112094028749
0.11200700318832008
0.11083853886481984
0.11071554262024086
0.10876179458135181
0.10984037703381357
0.10961330704382162
0.10932946955633167
0.10850634084261086
0.10986876078256255
0.10889425207551377
0.10882802332843279
0.10842592022115538
0.10808058461137596
0.10796704961637998
0.10809004586095897
0.10769740400326455
0.10773997962638804
0.10778255524951152
0.10776363275034553
0.10801435586429498
0.10801435586429498
0.10914497518946323
0.10935312268028917
0.10951396392320013
0.10961330704382162
0.10934839205549768
0.10988768328172856
0.10949031079924264
0.10942881267695316
0.10936731455466367
0.10924904893487619
0.1096889970404856
0.10961330704382162
0.10981199328506457
0.10913078331508873
0.10913551393988022
0.1083360383501169
0.10824615647907843
0.10806639273700147
0.10799543336512898
0.10758386900826858
0.10698781028453971
0.1070824227803697
0.10690265903829273
0.1070445777820377
0.1078771677453415
0.10795758836679699
0.10780620837346902
0.10800962523950348
0.10688846716391823
0.10694996528620772
0.10697361841016521
0.1070824227803697
0.10554023909834104
0.10564904346854552
0.1057058109660435
0.10568215784208601
0.10550239410000904
0.10500567849690166
0.10497729474815266
0.10391763479485691
0.10413524353526586
0.10403590041464437
0.10386086729735892
0.10334049857029404
0.10164693489493742
0.10171789426680991
0.10147663240244346
0.10152393865035846
0.10124483178766001
0.10141513428015397
0.10323169420008957
0.1030803142067616
0.10291947296385064
0.10299516296051461
0.10316073482821708
0.10324588607446405
0.10311342858030209
0.10297150983655712
0.10298570171093162
0.10278228484489717
0.10267348047469269
0.10257413735407121
0.10254102298053072
0.10177939238909939
0.10165166551972893
0.10159016739743944
0.10176993113951639
0.10195442550638485
0.10258359860365421
0.10168951051806091
0.10165639614452042
0.10147190177765196
0.10170843301722692
0.1017888536386824
0.10186454363534637
0.10160435927181394
0.10072446306059513
0.10057308306726717
0.10048793182102018
0.10073392431017814
0.10112183554308105
0.1009042268026721
0.10094680242579558
0.10026559245581974
0.1000479837154108
0.10182669863701438
0.10185035176097187
0.10123063991328551
0.10011894308728327
0.1000243305914533
0.09879909877045508
0.09881329064482956
0.09885113564316156
0.09825034629464119
0.09820304004672621
0.09837807316401166
0.0982408850450582
0.09825034629464119
0.09836861191442867
0.09834968941526268
0.09810369692610472
0.0977772838154913
0.09775363069153381
0.09758805882383134
0.09758805882383134
0.0977820144402828
0.0978009369394488
0.0981699256731857
0.09836861191442867
0.09795231693277676
0.0977583613163253
0.09769686319403582
0.09752183007675036
0.09700619197447698
0.0977867450650743
0.09704876759760046
0.09703457572322598
0.09678858323406803
0.09700619197447698
0.0982219625458922
0.09701565322405997
0.09703457572322598
0.0969068488538555
