0.0
0.0
0.0
0.0
0.0
0.0
0.000255453738740942
0.000255453738740942
0.000255453738740942
0.000255453738740942
0.000255453738740942
0.0005960587237288647
0.00427175418672353
0.004498824176715478
0.004498824176715478
0.007181088433495369
0.007237855930993357
0.00801840902159068
0.009319330839252885
0.009532208954870336
0.010099883929850208
0.010686481403996074
0.010842592022115538
0.010161382052139694
0.01167518198541935
0.022096748401091482
0.022612386503364865
0.02317533085355324
0.02387546332269508
0.02524261388743827
0.02537034075680874
0.030096234923516166
0.030588219901832057
0.03008204304914167
0.029594788695617283
0.029897548682273213
0.02788703314588617
0.02929202870896135
0.03100451488348396
0.03166680235429381
0.03096193926036047
0.030559836153083064
0.029221069337088866
0.029940124305396703
0.03233382044989516
0.034968778458760064
0.03539453468999496
0.023151677729595744
0.023889655197069575
0.02453775079350493
0.026065742601159084
0.026368502587815014
0.0273146275461148
0.02917376308917388
0.02854458999190452
0.02619820009532105
0.025692023242630667
0.026657070700096448
0.027319358170906298
0.025091233894110304
0.026359041338232015
0.01995377537054247
0.02078636533384628
0.02199267465567851
0.02315640835438724
0.02355851146166465
0.02479320453224587
0.02229543464233444
0.024225529557266
0.025663639493881674
0.030512529905168072
0.03274538480675557
0.03401792287566878
0.03475590034314261
0.03551753093457394
0.038124105194689846
0.03872016391841871
0.03386181225754931
0.03591963404185135
0.037187441485973055
0.03959059888005451
0.031505961111382846
0.032381126697810146
0.037603736467624965
0.0334786316494379
0.03345024790068891
0.03559322093123792
0.032518314816763615
0.032262861078022675
0.026127240723448568
0.02638742508698101
0.02784445752276268
0.027967453767341652
0.030777444893492014
0.03223447732927368
0.03500662345709205
0.03590544216747685
0.03775511646095293
0.03984605261879545
0.04294461185722725
0.04541399799838969
0.04646892732689395
0.04206944627079995
0.04235328375828989
0.043356176214087654
0.04350755620741562
0.045749872358586116
0.048512557236821484
0.05238220831626761
0.05277485017396202
0.05145027523234232
0.05348917451747836
0.055248966939915954
0.052254481446897136
0.05495093757805152
0.057193253729222016
0.05786027182482337
0.054302841981616175
0.04935460844970829
0.05396223699662825
0.05028181090884209
0.04282634623743978
0.0444915261640474
0.04630335545919149
0.054842133207847046
0.056989836863187565
0.05822452993376878
0.06070337732451422
0.06312545721776167
0.05210783207836067
0.05206052583044568
0.055433461306784414
0.05765212433399741
0.0590381973979066
0.06032965796598581
0.06045738483535627
0.06150285291427754
0.06811626637279304
0.06875017009485389
0.06294569347568471
0.06744451765240018
0.06903400758234383
0.07081272250394742
0.06997067129106062
0.07403427798695819
0.07500405606921547
0.07819249717868575
0.07871286590575063
0.08042062145548175
0.08322588195684061
0.08554861872946658
0.08296569759330817
0.07425661735215865
0.0788453233999126
0.08113494579899808
0.08167896765002046
0.08385032442931846
0.08463087751991578
0.08505190312635919
0.08519382187010416
0.08354283381787103
0.08415781504076589
0.08627240432256592
0.09160381846258521
0.09122063785447379
0.09100775973885634
0.09236071842922502
0.09550185329078031
0.10029870682936023
0.09694469385218749
0.09720960884051143
0.07908658526427904
0.07955491711863744
0.07960695399134393
0.0801651677167408
0.07993336710195735
0.07665504412144859
0.07749709533433541
0.0775302097078759
0.07855675528763116
0.08199118888625939
0.08424769691180438
0.08514651562218917
0.08592233808799499
0.0824027532431198
0.08393547567556545
0.08557227185342407
0.08685900179671179
0.09007109603013955
0.08931892668829122
0.09132471159988677
0.09421512334749262
0.09046846851262547
0.0933872640089803
0.09369475462042773
0.09465980207789351
0.09597964639472172
0.09714811071822195
0.09940461874376694
0.09994390996999782
0.10104614554641705
0.09854364503171413
0.09960330498500988
0.10026086183102824
0.10051631556976919
0.10050212369539469
0.1000243305914533
0.10027505370540274
0.1008758430539231
0.10136309740744749
0.10288162796551864
0.10106979867037455
0.10097518617454458
0.10028924557977723
0.10062038931518216
0.09393601648479417
0.09521801580329038
0.0964290557499141
0.09980199122625284
0.10083326743079961
0.10052577681935218
0.10147663240244346
0.1008947655530891
0.10166585739410341
0.10190711925846986
0.1021909567459598
0.10239437361199426
0.10252210048136473
0.10242275736074324
0.10302354670926361
0.10258359860365421
0.1030613917075956
0.10321750232571507
0.10200173175429984
0.09289054840587291
0.09277228278608544
0.0942482377210331
0.09659935824240808
0.09807531317735574
0.09790501068486178
0.10070080993663764
0.09990606497166582
0.1004169724491477
0.10122590928849402
0.10112656616787254
0.10167531864368641
0.10239437361199426
0.10373787105277994
0.10380883042465243
0.10326953919842155
0.10471711038462023
0.10519490348856161
0.10677966279371376
0.11029451701379746
0.1105688932517044
0.11028505576421446
0.11017152076921849
0.11065877512274287
0.11089057573752632
0.11212053818331605
0.11265982940954693
0.11371475873805119
0.11478387994092994
0.11566377615214875
0.11640648424441408
0.11652001923941005
0.11744249107375233
0.11738099295146286
0.11728638045563287
0.10844957334511288
0.10869556583427083
0.10903144019446724
0.10975522578756658
0.11042224388316793
0.11107507010439478
0.11313289188869681
0.11296732002099436
0.11281594002766639
0.11551239615882078
0.11524275054570533
0.1162834879998351
0.11659097861128254
0.11639229237003958
0.11664301548398902
0.11635917799649909
0.11928743474243692
0.11225299567747801
0.11163801445458316
0.11000121827672453
0.11156232445791918
0.11158124695708517
0.1119029294429071
0.11200227256352857
0.11433920121052904
0.11405536372303911
0.11597599738838767
0.11557389428111026
0.11527586491924582
0.11439596870802703
0.11476495744176395
0.11513394617550086
0.11461357744843598
0.11416416809324358
0.11476022681697244
0.11460411619885298
0.11479334119051293
0.11485956993759393
0.11337415375306326
0.11170424320166414
0.11192185194207309
0.11176574132395363
0.1118792763189496
0.11190766006769859
0.1118840069437411
0.1119265825668646
0.11150555696042118
0.11079123261690485
0.1105547013773299
0.11018571264359299
0.11069662012107487
0.11039386013441893
0.10978834016110707
0.10978834016110707
0.10948084954965964
0.10945246580091066
0.10941462080257866
0.10952815579757463
0.11025667201546546
0.11042224388316793
0.11095207385981581
0.11076757949294735
0.10996810390318404
0.11037020701046145
0.10986876078256255
0.10894628894822027
0.1087807170805178
0.10846849584427888
0.10891790519947127
0.10927743268362519
0.10831711585095091
0.10847795709386188
0.10826980960303592
0.10876652520614331
0.10853472459135986
0.10816100523283144
0.10808058461137596
0.10731422339515313
0.10770686525284755
0.10744668088931511
0.10753183213556208
0.10756494650910257
0.1074561421388981
0.1066330134251773
0.10600857095269943
0.10582880721062247
0.10597545657915894
0.10633971468810435
0.1061362978220699
0.10661409092601129
0.10685535279037774
0.10714865152745068
0.10718649652578266
0.10689792841350124
0.1078771677453415
0.1070540390316207
0.10697361841016521
0.10671816467142427
0.10725272527286366
0.10718649652578266
0.10740410526619161
0.10755075463472809
0.10704930840682919
0.1065857071772623
0.10672762592100726
0.10669924217225828
0.10625456344185738
0.10542197347855356
0.10503406224565065
0.1053178997331406
0.10512867474148063
0.10502933162085916
0.10481172288045021
0.10453734664254327
0.10380883042465243
0.10370002605444796
0.10366218105611597
0.10377571605111194
0.1039270960444399
0.10227610799220678
0.10224299361866629
0.10211053612450431
0.10225245486824928
0.10271132547302468
0.10202538487825734
0.10209161362533832
0.10229976111616428
0.10148609365202646
0.10196861738075935
0.10146717115286047
0.10137728928182198
0.09973576247917186
0.09785297381215528
0.09774416944195082
0.09708188197114095
0.0972994907115499
0.09790974130965327
0.09833076691609667
0.09803273755423224
0.09793812505840227
0.09678858323406803
0.09683115885719151
0.09623510013346265
0.09534574267266085
0.09484902706955346
0.0942435070962416
0.0942718908449906
0.09415835584999463
0.0938603264881302
0.09401170648145815
0.09393128586000267
0.09389817148646218
0.09310342652149037
0.09322169214127783
0.09317911651815435
0.09319330839252885
0.09334468838585681
0.0938366733641727
0.09359068087501475
0.09387451836250468
0.09260671091838298
0.092512098422553
0.092540482171302
0.09153285909071272
0.09137201784780176
0.09192550094840712
0.09132944222467826
0.09143824659488274
0.09167477783445768
0.09123009910405679
0.0911733316065588
0.09082326537198789
0.0907523060001154
0.09013259415242904
0.09015624727638653
0.08954599667828317
0.0894324616832872
0.0889641298289288
0.08908712607350777
0.0890256279512183
0.08889317045705632
0.08877017421247735
0.0885478348472769
0.08863298609352388
0.08838226297957444
0.08857148797123439
0.08820249923749747
0.08820249923749747
0.08812207861604199
0.08802746612021202
0.08831130360770195
0.08840118547874043
0.08872759858935386
0.0889830523280948
0.0885241817233194
0.0872185292808657
0.08770105300959859
0.08705295741316324
0.08699145929087375
0.08725637427919769
0.0872232599056572
0.08641905369110238
0.08684954054712879
0.08667923805463482
0.08665085430588583
0.0863007880713149
0.08579934184341602
0.08581353371779052
0.08529789561551714
0.08531681811468313
0.08438961565554934
0.08418146816472338
0.08401589629702093
0.08391655317639946
0.08376044255827998
0.0837084056855735
0.0837178669351565
0.08342929882287506
0.0827953951008142
0.08240748386791129
0.08224191200020883
0.08209053200688086
0.08210472388125536
0.0823743694943708
0.08161273890293948
0.08157016327981598
0.08176884952105894
0.08115386829816408
0.08160800827814797
0.08142824453607102
0.08160327765335647
