0.0
0.0
0.0
0.0
0.0
0.00033114373540492483
0.00033114373540492483
0.00033114373540492483
0.00033114373540492483
0.00033114373540492483
0.00033114373540492483
0.00042575623123490336
0.0006197118476863593
0.0008420512128868088
0.0008420512128868088
0.0008420512128868088
0.0008420512128868088
0.0009177412095507917
0.0010975049516277508
0.0010975049516277508
0.00114481119954274
0.0012867299432877078
0.0012678074441217122
0.0020057849115955447
0.0020625524090935317
0.0020909361578425253
0.00343443359862822
0.0043569054329705105
0.0043569054329705105
0.004238639813183038
0.0045272079254644725
0.004735355416290425
0.004829967912120404
0.004683318543583937
0.005922742238956656
0.005922742238956656
0.006026815984369631
0.006381612843732051
0.006854675322881944
0.00669383407997098
0.007318276552448839
0.007450734046610809
0.007819722780347725
0.007876490277845712
0.007829184029930722
0.00849620212553207
0.00841105087928509
0.009641013325074811
0.0096883195729898
0.009324061464044383
0.009494363956538344
0.00854350837344706
0.008855729609685989
0.008827345860936996
0.00845835712720008
0.008387397755327595
0.008746925239481514
0.008879382733643484
0.008936150231141471
0.009182142720299415
0.00946598020778935
0.010336415169425153
0.010591868908166095
0.010894628894822027
0.011046008888149992
0.011509610117716887
0.01088043702044753
0.010979780141069007
0.01105547013773299
0.01123050325501845
0.011112237635230978
0.011798178229998322
0.011698835109376844
0.012091476967071255
0.012167166963735238
0.012758495062672603
0.013378206910358962
0.01422498874803727
0.014631822480106178
0.014769010599059646
0.015048117461758083
0.01576717243006592
0.01581920930277241
0.016311194281088296
0.01683156300815318
0.01704917174856213
0.01722893549063909
0.01730935611209457
0.017725651093746474
0.01783445546395095
0.017427621731882042
0.016859946756902174
0.0149771580898856
0.01515219120717106
0.015492796192158983
0.015521179940907976
0.01567255993423594
0.015805017428397912
0.015719866182150932
0.01577663367964892
0.01700186550064714
0.017550617976461017
0.01836901606539033
0.018345362941432835
0.016859946756902174
0.01753169547729502
0.0171863598675156
0.017555348601252515
0.017370854234384055
0.01822709732164536
0.018302787318309345
0.01828386481914335
0.017725651093746474
0.017668883596248488
0.017720920468954977
0.017720920468954977
0.017862839212699946
0.01819398294810487
0.018222366696853863
0.018212905447270864
0.018553510432258787
0.01862920042892277
0.01858189418100778
0.01841159168851382
0.01871435167516975
0.019163761030362148
0.019485443516184076
0.019788203502840006
0.019840240375546495
0.01991119974741898
0.020029465367206453
0.020606601591769323
0.01929148789973262
0.01920160602869414
0.01921106727827714
0.019750358504508018
0.02003419599199795
0.020247074107615403
0.020232882233240906
0.021245235938621678
0.02185075591193354
0.021907523409431525
0.021831833412767544
0.022092017776299985
0.022224475270461955
0.022314357141500433
0.022352202139832425
0.022082556526716986
0.023374017094796192
0.023629470833537135
0.02352539708812416
0.021264158437787672
0.021779796540061055
0.021779796540061055
0.023369286470004694
0.023988998317691055
0.024197145808517007
0.024641824538917907
0.024991890773488828
0.025247344512229767
0.025441300128681225
0.025436569503889724
0.02619820009532105
0.026184008220946554
0.02620766134490405
0.026855756941339404
0.027413970666736277
0.027290974422157305
0.02749439128819176
0.02747546878902576
0.02747546878902576
0.027078096306539852
0.027276782547782808
0.02699767568508437
0.02717743942716133
0.027976915016924647
0.028203985006916597
0.028610818738985504
0.029367718705625333
0.029481253700621306
0.029807666811234732
0.030493607406002078
0.03118900925035242
0.0312741604965994
0.03180399047324728
0.03207363608636272
0.0321682485821927
0.031595842982421324
0.031557997984089335
0.031926986717826254
0.032750115431547065
0.03268861730925758
0.032750115431547065
0.03296299354716452
0.03333198228090143
0.033488092899020896
0.0339138491302558
0.034060498498792266
0.03467547972168713
0.03484578221418109
0.035555375932905926
0.03590071154268535
0.03507758282896454
0.03495931720917706
0.03581556029643837
0.036449464018499224
0.03671910963161466
0.03697929399514711
0.0369887552447301
0.03644000276891623
0.035389804065203465
0.03615616528142629
0.036581921512661195
0.03631700652433725
0.03561214343040391
0.03594801779060034
0.03616562653100929
0.03628389215079676
0.03651569276558021
0.03692252649764912
0.03715905773722406
0.03756589146929297
0.03761319771720796
0.038024762074068366
0.03841740393176278
0.03862555142258873
0.038616090173005733
0.038748547667167704
0.03863501267217173
0.03854986142592475
0.03929256951819008
0.039439218886726544
0.03951490888339053
0.03960952137922051
0.039708864499841984
0.03991228136587644
0.04136458317686661
0.04120847255874714
0.0414308119239476
0.0405414544631458
0.040631336334184275
0.04118955005958115
0.04122739505791314
0.041251048181870635
0.041118590687708664
0.04068337320689076
0.03978455449650597
0.03944868013630955
0.0383227914359328
0.038341713935098796
0.038611359548214236
0.038828968288623186
0.03855932267550775
0.039216879521526096
0.03935879826527106
0.038445787680511774
0.038748547667167704
0.039018193280283144
0.04011569823191089
0.04028600072440485
0.040243425101281365
0.040848945074593225
0.04087259819855072
0.041118590687708664
0.040934096320840205
0.041454465047905086
0.04175249440976952
0.04259927624744783
0.04293988123243575
0.04290203623410376
0.04308179997618072
0.04320952684555119
0.04324264121909168
0.04365893620074359
0.04407996180718699
0.04414619055426798
0.04418403555259997
0.044359068669885426
0.044609791783834875
0.044813208649869325
0.04473278802841384
0.04465709803174986
0.044865245522575814
0.04503554801506977
0.0449220130200738
0.045735680484211616
0.04578298673212661
0.04663922981938791
0.046677074817719905
0.04731097853978076
0.047131214797703797
0.04642162107897896
0.04678114856313288
0.04695618168041834
0.046965642930001335
0.04728732541582326
0.048025302883297094
0.04782661664205414
0.04786446164038613
0.04794961288663312
0.04794961288663312
0.04808207038079509
0.04866866785494095
0.04854567161036198
0.048744357851604934
0.045551186117343156
0.045437651122347184
0.04544238174713868
0.045584300490883654
0.04561268423963265
0.04606682421961654
0.046227665462527504
0.048223989124540054
0.04809153163037808
0.048257103498080545
0.048304409745995536
0.0484463284897405
0.04853621036077898
0.04883423972264341
0.04911807721013335
0.04902819533909487
0.049094424086175856
0.04902819533909487
0.04911334658534185
0.049009272839928876
0.04907077096221836
0.04996012842302016
0.05031492528238258
0.050206120912178104
0.050357500905506065
0.05033384778154857
0.04984186280323268
0.04982294030406669
0.05012570029072262
0.050371692779880566
0.05076906526236647
0.050996135252358424
0.0510860171233969
0.05080691026069847
0.05092044525569444
0.05052307277320853
0.050929906505277435
0.051852378339619726
0.051852378339619726
0.05256670268313607
0.0528458095458345
0.0528458095458345
0.05352228889101885
0.05424607448411818
0.05422242136016069
0.054387993227863154
0.05433122573036517
0.053985890120585744
0.05402373511891773
0.05412780886433071
0.05411361698995622
0.05413253948912221
0.054302841981616175
0.05431230323119917
0.05478536571034906
0.05479955758472356
0.05478063508555756
0.055007705075549515
0.05496986007721752
0.05523004444074996
0.05531519568699694
0.055665261921567864
0.05564160879761037
0.05570310691989985
0.05577406629177234
0.05611467127676026
0.05602478940572178
0.05614305502550925
0.056034250655304776
0.05587814003718532
0.05599640565697279
0.05598694440738979
0.05628024314446272
0.05660192563028465
0.05661138687986765
0.05666342375257413
0.057060796235060045
0.057112833107766534
0.05786027182482337
0.058021113067734324
0.05827183618168377
0.05840429367584574
0.05827656680647527
0.058290758680849764
0.05829548930564127
0.05841375492542874
0.05828129743126677
0.05817249306106229
0.058385371176679746
0.058607710541880194
0.059161193642485566
0.05918011614165156
0.05917065489206857
0.05980455861412942
0.06069864669972272
0.0616542329076055
0.06181034352572497
0.06178669040176747
0.06192387852072094
0.06285108097985473
0.06284161973027173
0.06282742785589723
0.06252466786924131
0.06258616599153079
0.06241586349903683
0.06258616599153079
0.06291257910214422
0.06401954530335496
0.06398170030502297
0.06408577405043595
0.06381612843732051
0.06378774468857151
0.06360325032170307
0.06350863782587308
0.0634092947052516
0.0634092947052516
0.06269023973694376
0.062368557251121844
0.06315857159130216
0.06338564158129412
0.06339037220608561
0.06317749409046816
0.06292204035172722
0.06289365660297822
0.06290784847735272
0.0629788078492252
0.06282742785589723
0.06267604786256926
0.06262401098986278
0.06269023973694376
0.06275173785923326
0.06225975288091737
0.06235909600153884
0.061999568517384925
0.062420594123828325
0.0625341291188243
0.06267131723777777
0.06291730972693571
0.06282742785589723
0.06284635035506324
0.06287473410381222
0.06306868972026368
0.06301192222276569
0.0629646159748507
0.0630024609731827
0.06267604786256926
0.06277539098319075
0.06282269723110574
0.062368557251121844
0.06227394475529186
0.06237801850070484
0.062387479750287834
0.06268077848736077
0.06278485223277375
0.06249155349570081
0.06245370849736882
0.06242532474861983
0.06242532474861983
0.06262874161465429
0.06251047599486681
0.0625577822427818
0.0625341291188243
0.0625719741171563
0.062467900371743317
0.06027762109327932
0.060466846084939276
0.0603438498403603
0.060485768584105266
0.060551997331186255
0.060504691083271264
0.06052361358243726
0.060684454825348226
0.060466846084939276
0.0603391192155688
0.0603580417147348
0.06029654359244531
0.06012624109995135
0.06025396796932182
0.060282351718070816
0.0603391192155688
0.0603249273411943
0.06087367981700818
0.0607932591955527
0.06083583481867619
0.06075068357242921
0.0607837979459697
0.06053307483202026
0.06041007858744128
0.06037223358910929
0.06054253608160325
0.06044319296098178
0.0603627723395263
0.06014516359911735
0.06024450671973882
0.06026342921890482
