0.0
0.0
0.0
0.0
0.0
0.0003453356097794216
0.00032641311061342587
0.00032641311061342587
0.0014002649382836821
0.0002365312395749463
0.0038034223323651366
0.003888573578612117
0.004848890411286399
0.005019192903780361
0.006466764089979032
0.006599221584141002
0.0017124861745226112
0.002180818028881005
0.0022754305247109836
0.0027768767526098696
0.004470440427966485
0.004839429161703402
0.007237855930993357
0.007275700929325348
0.011873868226662304
0.014201335624079776
0.013908036887006843
0.02193117653338902
0.021382424057575147
0.021779796540061055
0.021883870285474033
0.02008150223991294
0.010870975770864532
0.01325521066577999
0.013633660649099905
0.012834185059336586
0.01343024378306545
0.014683859352812667
0.014333793118241745
0.01471224310156166
0.018397399814139324
0.03415511099462225
0.030895710513279485
0.03671910963161466
0.037324629604926524
0.06715121891532726
0.06281323598152273
0.0643081134156364
0.06498932338561225
0.061696808530728994
0.0625435903684073
0.06383978156127801
0.06279431348235674
0.06409996592481045
0.06149812228948604
0.061744114778643985
0.06262874161465429
0.06329575971025563
0.09067661600345141
0.09293312402899641
0.09518490142974989
0.09848687753421614
0.09107398848593733
0.06865082697423242
0.06936042069295725
0.038445787680511774
0.03864447392175473
0.039231071395900596
0.039671019501509995
0.0400636613592044
0.04027180885003036
0.033771930386510836
0.0334691703998549
0.03409834349712426
0.03175668422533229
0.03232908982510366
0.036714379006823165
0.0317235698517918
0.033857081632757816
0.03410780474670726
0.03540872656436946
0.03223920795406518
0.033052875418202995
0.03592909529143434
0.037821345208033916
0.038247101439268814
0.038578245174673745
0.038966156407576655
0.040811100076261236
0.03667180338369967
0.03716378836201556
0.03738139710242451
0.03827548518801781
0.04685210793500536
0.046724381065634896
0.0523964001906421
0.05250993518563808
0.052878923919374994
0.05321006765477992
0.0537398976314278
0.053853432626423774
0.055045550073881504
0.05680061187152761
0.056843187494651094
0.05456775696994011
0.0607790673211782
0.0612379379259536
0.06181034352572497
0.0673924807796937
0.06773308576468162
0.0696016825573237
0.07064242001145346
0.06985240567127314
0.07014097378355458
0.07028762315209104
0.07126686248393133
0.07164058184245974
0.07191968870515818
0.07371732612592777
0.07382139987134075
0.07184399870849419
0.07244005743222305
0.07511286043941995
0.07402008611258369
0.07612048352000922
0.0819533438879274
0.07693415098414703
0.07720852722205397
0.07731260096746695
0.06810207449841854
0.06885897446505837
0.0687123250965219
0.06922796319879529
0.06938880444170625
0.0691570038269228
0.06930365319545927
0.06950233943670223
0.06967737255398768
0.06962060505648969
0.06986186692085614
0.07108236811706287
0.07095937187248388
0.0713567443549698
0.07130943810705481
0.07129524623268031
0.07219406494306511
0.07246844118097205
0.08006109397132782
0.08031654771006877
0.08074230394130368
0.08180669451939093
0.08199591951105088
0.0863055186961064
0.08658935618359634
0.08762536301293461
0.09018463102513552
0.0845599181480433
0.08555334935425808
0.0858986849640375
0.08608317933090595
0.08613521620361245
0.08498094375448671
0.08912024044704826
0.0880700417433355
0.08876071296289435
0.08748344426918964
0.08746925239481514
0.08776728175667957
0.08833495673165945
0.09034547226804648
0.09143824659488274
0.09901197688607252
0.09929581437356245
0.09939988811897543
0.09994390996999782
0.10097518617454458
0.10104141492162556
0.10081434493163362
0.10117860304057903
0.0806051158223502
0.08051050332652022
0.08075649581567816
0.08097883518087862
0.08127686454274305
0.08048211957777122
0.08076122644046967
0.08080853268838466
0.08113021517420659
0.08118698267170457
0.08114913767337258
0.08184453951772291
0.08243113699186878
0.08250209636374127
0.08247371261499227
0.08264874573227773
0.08188711514084641
0.08243586761666029
0.08250209636374127
0.08362798506411802
0.08354283381787103
0.08346714382120705
0.08385032442931846
0.08390709192681645
0.08423823566222137
0.08444165252825583
0.08429027253492787
0.09095099224135836
0.09034547226804648
0.09033601101846349
0.09286689528191541
0.09371840774438522
0.09384140398896419
0.09374679149313422
0.09297096902732839
0.09878963752087207
0.0982456156698497
0.09868556377545909
0.0991255118810685
0.09839699566317767
0.09856729815567163
0.0986429881523356
0.09879909877045508
0.09988241184770832
0.1004406255731052
0.10475495538295222
0.11074392636898986
0.11090949823669231
0.10996337327839253
0.10999648765193303
0.11062566074920238
0.11066823637232588
0.11078650199211335
0.1118745456941581
0.11216784443123104
0.11220568942956302
0.11264563753517243
0.11217730568081404
0.11266456003433842
0.11285378502599838
0.11269294378308742
0.11257940878809145
0.09401170648145815
0.09421512334749262
0.09509501955871141
0.09569580890723177
0.09568161703285728
0.09567688640806578
0.09583772765097674
0.09575257640472976
0.09600329951867921
0.0960364138922197
0.09633917387887563
0.09627767575658615
0.09528897517516287
0.09493890894059194
0.09525113017683087
0.1031039673307191
0.10312762045467659
0.10336415169425153
0.10374260167757145
0.1044474647715048
0.1048590291283652
0.10495837224898667
0.10501513974648466
0.10542197347855356
0.1053178997331406
0.10536047535626408
0.10573419471479249
0.10536047535626408
0.10577203971312449
0.10589503595770346
0.10641067405997684
0.10686008341516924
0.10683643029121175
0.10783932274700951
0.1083360383501169
0.10949031079924264
0.11004852452463952
0.1105641626269129
0.11093315136064981
0.1109899188581478
0.1110324944812713
0.1109709963589818
0.11398440435116662
0.11486903118717692
0.11527113429445433
0.11573000489922973
0.11583407864464271
0.1158624623933917
0.10906455456800775
0.1092206651861272
0.10886586832676479
0.10875233333176881
0.10918755081258671
0.110128945146095
0.11029451701379746
0.11026140264025697
0.1105357788781639
0.11070608137065786
0.11043170513275093
0.11060673825003639
0.11065404449795138
0.11063512199878538
0.11242802879476348
0.11519544429779034
0.11485956993759393
0.11509137055237736
0.10919701206216971
0.1087712558309348
0.10888479082593078
0.10920174268696121
0.10914970581425472
0.10936258392987218
0.10932473893154018
0.10907874644238223
0.10910713019113123
0.10904090144405025
0.10916389768862922
0.10997283452797553
0.11002014077589052
0.11002487140068203
0.11062093012441089
0.11065877512274287
0.10500094787211016
0.10517598098939562
0.11127848697042923
0.11032290076254646
0.1105499707525384
0.11064931387315988
0.11116022135064177
0.1114440588381317
0.11025667201546546
0.11034655388650395
0.11480280244009594
0.11457573245010398
0.11436758495927804
0.11446219745510801
0.11443854433115051
0.11291055252349637
0.11314235313827982
0.11332684750514826
0.11345457437451874
0.11368637498930219
0.11385667748179615
0.11422566621553307
0.11649636611545255
0.11819939104039216
0.11911240162515147
0.11925432036889642
0.11950031285805437
0.11950977410763737
0.11974630534721231
0.1198219953438763
0.11924485911931343
0.12029505782302619
0.12063566280801412
0.12109453341278952
0.12125064403090897
0.11985984034220828
0.1202288290759452
0.12084854092363156
0.12073973655342708
0.12063566280801412
0.12059781780968212
0.12054105031218414
0.12064512405759711
0.12130268090361546
0.12268875396752464
0.12228665086024723
0.12222988336274924
0.1224569533527412
0.12256575772294567
0.12266983146835865
0.12350715205645396
0.12338888643666648
0.12407482703143383
0.12403225140831034
0.12407955765622533
0.12538994072347054
0.12522909948055957
0.125470361344926
0.12584881132824594
0.1259339625744929
0.12581096632991393
0.12535682634993003
0.125489283844092
0.12301516707813807
0.12298205270459758
0.12284486458564411
0.1228732483343931
0.12278809708814613
0.12296313020543158
0.12315708582188303
0.1224238389792007
0.12228665086024723
0.1220170052471318
0.1237436832960289
0.12401805953393584
0.12432081952059178
0.12408428828101684
0.12386667954060789
0.12359230330270095
0.1242403988991363
0.1246425020064137
0.12412213327934882
0.1237862589191524
0.12384302641665039
0.12364434017540743
0.12381464266790139
0.1215344815183989
0.12146352214652642
0.1228827095839761
0.12296313020543158
0.12301043645334657
0.1254467082209685
0.12567377821096046
0.1254750919697175
0.12496891511702712
0.12483645762286516
0.1251013726111891
0.12522436885576807
0.12531898135159805
0.12537574884909602
0.125517667592841
0.12571162320929247
0.12578731320595643
0.12660571129488576
0.12609007319261237
0.12620833881239985
0.12613737944052736
0.12525748322930857
0.12538047947388753
0.12524329135493406
0.12570689258450096
0.12566904758616898
0.12578258258116495
0.12578731320595643
0.1260049219463654
0.12560754946387948
0.12445800763954525
0.12425932139830229
0.12396129203643785
0.12396129203643785
0.12390452453893987
0.12393290828768887
0.12410321078018283
0.12438704826767276
0.12383356516706738
0.12383356516706738
0.12584408070345443
0.12507298886244012
0.12827562184628488
0.12811951122816542
0.12887168057001375
0.1304517092503744
0.13049428487349787
0.13056051362057886
0.13068350986515784
0.1303523661297529
0.13001649176955649
0.12981780552831354
0.13006379801747148
0.1294346249202021
0.12819520122482939
0.12784986561504996
0.1281100499785824
0.12829927497024238
0.12787351873900746
0.1281289724777484
0.12876287619980928
0.1282377768479529
0.1282093930992039
0.12805801310587592
0.12805328248108444
0.12778363686796898
0.12801070685796093
0.1281999318496209
0.1282141237239954
0.12842700183961284
0.12937785742270413
0.12962858053665358
0.12976576865560704
0.12734841938715108
0.1273105743888191
0.12770794687130502
0.127726869370471
0.12781202061671798
0.127698485621722
0.12770794687130502
0.12724434564173812
0.1273011131392361
0.12756602812756004
0.12790190248775646
0.12843646308919585
0.12850742246106833
0.12971846240769205
0.1281904706000379
0.1282566993471189
0.12827562184628488
0.12849796121148532
