0.0
0.0
0.0
0.0
0.0
0.0
0.0
0.0
0.0
0.0
0.0
0.0
0.0
0.0
0.0
0.0
0.0
0.0
0.0
0.0
0.0
0.0
0.0
0.0
9.461249582997852e-06
9.461249582997852e-06
2.8383748748993554e-05
2.8383748748993554e-05
4.730624791498926e-05
4.730624791498926e-05
4.730624791498926e-05
4.730624791498926e-05
0.00014191874374496779
0.00014191874374496779
0.0006717487203928475
0.0005582137253968733
0.0005582137253968733
0.0005582137253968733
0.0006528262212268517
0.0007947449649718196
0.0014191874374496777
0.0014191874374496777
0.0014191874374496777
0.0019584786636805554
0.00211458928180002
0.0021335117809660156
0.00224704677596199
0.00224704677596199
0.00224704677596199
0.0028099911261503623
0.00339185797550473
0.0038270754563226313
0.004158219191727556
0.004196064190059547
0.004196064190059547
0.004650204170043444
0.004688049168375436
0.005246262893772309
0.005624712877092223
0.006107236605825113
0.006059930357910124
0.006310653471859567
0.007114859686414385
0.007228394681410359
0.008221825887625133
0.008354283381787104
0.008004217147216183
0.009891736439024254
0.01096085764190301
0.011098045760856481
0.011812370104372819
0.011202119506269457
0.011339307625222925
0.011651528861461855
0.011665720735836351
0.01171775760854284
0.011329846375639928
0.011509610117716887
0.012105668841445752
0.012890952556834574
0.01374246501930438
0.01519949745508605
0.016003703669640868
0.016112508039845343
0.015535371815282473
0.016490958023165254
0.016457843649624763
0.01643892115045877
0.017810802339993458
0.0171863598675156
0.01793379858457243
0.018842078544540224
0.01713432299480911
0.018667045427254763
0.02099924344946373
0.02338347834437919
0.022929338364395296
0.023482821465000667
0.02369569958061812
0.02558794949721769
0.026482037582810987
0.026377963837398013
0.02696456131154388
0.026619225701764455
0.026761144445509425
0.02670437694801144
0.027035520683416362
0.027428162541110773
0.027853918772345675
0.02853985936711302
0.029807666811234732
0.030337496787882612
0.030228692417678137
0.031165356126394924
0.03374827726255334
0.03403684537483477
0.03756116084450147
0.03946760263547554
0.040584030086269283
0.041790339408101514
0.04307706935138922
0.0440468474336465
0.044647636782166863
0.0436305524519946
0.04434960742030243
0.045082854262984765
0.04655407857314093
0.04767523664872618
0.04777931039413915
0.048025302883297094
0.04816722162704207
0.04877274160035393
0.04858824723348547
0.048574055359110975
0.04855513285994498
0.04855513285994498
0.04876801097556243
0.04987497717677318
0.0502108515369696
0.05053726464758303
0.051549618352963796
0.05251466581042958
0.05368786075872131
0.05380612637850878
0.05382504887767478
0.05401427386933474
0.0533094107754014
0.05404265761808373
0.05258562518230206
0.053484443892686855
0.05396696762141975
0.054156192613079704
0.05454883447077412
0.05442583822619514
0.05100559650194142
0.051062363999439406
0.051261050240682365
0.051502312105048804
0.0524105920650166
0.052476820812097584
0.052893115793749494
0.05255251080876157
0.05258089455751056
0.05259981705667656
0.052576163932719064
0.05280323392271101
0.05388181637517277
0.05399062074537724
0.0541609232378712
0.05426026635849268
0.05588760128676831
0.053011381413536965
0.0537257057570533
0.0546292550922296
0.05421296011057769
0.05479955758472356
0.05530573443741395
0.05555645755136339
0.05566999254635936
0.05616197752467525
0.05602952003051328
0.056724921874863624
0.056743844374029614
0.0568384568698596
0.056710730000489123
0.057898116823155356
0.057448707467962955
0.0581488399371048
0.05847525304771822
0.05886789490541264
0.058352256803139255
0.05879693553354015
0.05986132611162741
0.05999378360578938
0.0603580417147348
0.060235045470155825
0.06056618920556075
0.0612190154267876
0.06152177541344353
0.061394048544073064
0.06151704478865203
0.0625814353667393
0.061999568517384925
0.06251047599486681
0.06274227660965026
0.06277539098319075
0.06462033465187533
0.06580772147454156
0.06550496148788564
0.06567999460517109
0.0660820977124485
0.06625240020494245
0.06617671020827848
0.06692414892533531
0.06674438518325834
0.0669336101749183
0.06682007517992233
0.06727421515990623
0.06738301953011071
0.06711810454178677
0.06736882765573621
0.06673019330888386
0.06685792017825432
0.06686265080304582
0.06735463578136171
0.06807369074966954
0.06810207449841854
0.06852783072965345
0.06762901201926864
0.06864609634944091
0.06844267948340646
0.0682723769909125
0.06881166821714338
0.06885424384026687
0.0686697494733984
0.0691428119525483
0.06834333636278499
0.06972467880190267
0.07007001441168209
0.06966791130440468
0.06962060505648969
0.06991390379356263
0.07007001441168209
0.06982875254731565
0.06926580819712727
0.07058092188916397
0.07063768938666197
0.07012678190918008
0.0695780294333662
0.0696111438069067
0.07026870065292505
0.06951180068628522
0.0696016825573237
0.06906239133109282
0.0687170557213134
0.06838591198590847
0.06703768392033128
0.06671127080971785
0.06683426705429683
0.06688157330221181
0.06727894578469773
0.06706606766908027
0.06703768392033128
0.06708972079303777
0.06704241454512277
0.06663085018826237
0.06659300518993039
0.06706606766908027
0.06637066582472993
0.066096289586823
0.06585029709766504
0.06480482901874379
0.06480955964353528
0.0647433308964543
0.06498932338561225
0.06452572215604535
0.06418984779584892
0.0643175746652194
0.06417092529668293
0.06499878463519525
0.06483321276749278
0.06465817965020731
0.06492309463853126
0.06648893144451741
0.06669707893534335
0.06636120457514694
0.06600167709099301
0.06603006083974201
0.06655989081638988
0.0664842008197259
0.06620509395702746
0.06596856271745252
0.06511705025498271
0.0652116627508127
0.06599694646620152
0.06571310897871158
0.0665078539436834
0.0665173151932664
0.06696199392366729
0.06717014141449325
0.06681061393033934
0.06690995705096081
0.06602533021495051
0.06569418647954559
0.06533938962018317
0.06597329334224403
0.06569891710433709
0.06553334523663462
0.06568472522996259
0.06556172898538362
0.06549076961351114
0.06621455520661047
0.06620509395702746
0.06679642205596484
0.06727894578469773
0.06763847326885164
0.06836225886195098
0.06829129949007849
0.06844741010819796
0.06909550570463331
0.06919484882525478
0.06922323257400378
0.06962060505648969
0.0696253356812812
0.06983348317210715
0.06992809566793712
0.06941245756566373
0.06925634694754428
0.06944557193920424
0.06945503318878724
0.06984767504648164
0.06964898880523869
0.06947395568795323
0.06972940942669417
0.06989025066960514
0.06996594066626911
0.0700132469141841
0.06954964568461722
0.06974833192586016
0.06962060505648969
0.06978617692419216
0.06965371943003018
0.07015989628272057
0.07013151253397158
0.06998013254064361
0.07019301065626106
0.07015516565792908
0.07015989628272057
0.07020720253063556
0.07005582253730759
0.07120063373685033
0.0713425524805953
0.07086002875186241
0.07128105435830581
0.0718156149597452
0.07184872933328569
0.07115332748893535
0.0717919618357877
0.07158381434496175
0.07129997685747182
0.07129524623268031
0.07238328993472506
0.06876909259401989
0.06855148385361094
0.06850417760569595
0.06810680512321003
0.06807369074966954
0.06765739576801764
0.06765266514322614
0.06765266514322614
0.0674397870276087
0.06756278327218766
0.06756278327218766
0.06758170577135365
0.06724583141115724
0.06748236265073218
0.06732625203261272
0.06732152140782122
0.06767158764239213
0.06723163953678274
0.0674066726540682
0.06829603011487
0.06901035445838634
0.06993282629272862
0.06984767504648164
0.06928946132108477
0.06927053882191878
0.06925634694754428
0.0686981332221474
0.06914754257733981
0.0695780294333662
0.06955437630940871
0.06953545381024272
0.0691428119525483
0.06924215507316978
0.0696253356812812
0.0696253356812812
0.06967737255398768
0.0696395275556557
0.06935095944337426
0.06942664944003824
0.06984767504648164
0.06985713629606465
0.0686839413477729
0.06865555759902392
0.0687359782204794
0.0687359782204794
0.0686981332221474
0.06912388945338231
0.06896777883526284
0.06884478259068387
0.06863190447506642
0.06861771260069192
0.06878328446839438
0.0691570038269228
0.06903400758234383
0.06898670133442884
0.06853729197923644
0.06881639884193488
0.0686981332221474
0.0686792107229814
0.06859405947673443
0.0683102219892445
0.06802638450175455
0.0678750045084266
0.06765739576801764
0.06791284950675858
0.06797434762904807
0.06802638450175455
0.06867448009818991
0.06864136572464942
0.06867448009818991
0.06875017009485389
0.06835279761236798
0.06846633260736396
0.06807842137446105
0.06767631826718364
0.06763847326885164
0.06754386077302167
0.0674397870276087
0.06714175766574426
0.06735463578136171
0.06778512263738812
0.06710391266741227
0.06698564704762479
0.06656935206597289
0.06630443707764895
0.06620982458181897
0.06598748521661851
0.06616724895869548
0.0661104814611975
0.06628551457848295
0.06633755145118944
0.066096289586823
0.06611521208598899
0.06600640771578452
0.06580772147454156
0.06584083584808205
0.06580299084975007
0.06547657773913663
0.06566580273079659
0.06555226773580061
0.06530627524664268
0.06502716838394423
0.06499405401040374
0.061526506038235035
0.061427162917613555
0.06144608541677955
0.06156908166135852
0.06146973854073704
0.061308897297826084
0.061545428537401026
0.06153596728781803
0.06205633601488291
0.0616731554067715
0.061682616656354494
0.06112913355574912
0.06095883106325516
0.06064660982701623
0.060769606071595206
0.06103452105991914
0.06072703044847171
0.060452654210564775
0.06042900108660728
0.05958694987372047
0.05958694987372047
0.059430839255601005
0.059497068002681994
0.059411916756435014
0.05930311238623054
0.059312573635813534
0.05933622675977103
0.05948760675309899
0.059397724882060514
0.05866920866416968
0.05817722368585379
0.058101533689189806
0.058267105556892275
0.058167762436270795
0.05834752617834776
