0.0
0.0
0.0
0.0
0.0
0.0
0.0
0.0
0.0
0.0
0.0
0.0
0.0
0.0
0.0
0.0
0.0
0.0
0.0
0.0
0.0
0.0
0.00014191874374496779
0.00014191874374496779
0.00014191874374496779
0.00014191874374496779
0.00014191874374496779
0.00014191874374496779
0.00014191874374496779
0.00017030249249396133
0.00017030249249396133
0.0002649149883239399
0.00028383748748993557
0.00028383748748993557
0.00032168248582192696
0.00032168248582192696
0.00032168248582192696
0.0003973724824859098
0.00015137999332796563
0.0002365312395749463
0.0002365312395749463
0.00032168248582192696
0.0005298299766478798
0.0005203687270648818
0.0005960587237288647
0.0006055199733118625
0.0006339037220608561
0.0009839699566317765
0.0009839699566317765
0.0010312762045467658
0.0010312762045467658
0.0010312762045467658
0.0010596599532957595
0.0011637336987087357
0.0011826561978747316
0.0012536155697472154
0.0013671505647431896
0.0014854161845306627
0.0014854161845306627
0.0015800286803606413
0.0016462574274416263
0.0016746411761906198
0.0016557186770246241
0.0016841024257736176
0.0016841024257736176
0.001854404918267579
0.0018922499165995705
0.002100397407425523
0.002166626154506508
0.002166626154506508
0.002166626154506508
0.00242207989324745
0.002493039265119934
0.002431541142830448
0.0026349580088649016
0.0027816073774013686
0.0029708323690613254
0.002999216117810319
0.0030370611161423104
0.0030370611161423104
0.003264131106134259
0.003306706729257749
0.0035243154696666997
0.0036851567125776633
0.0036946179621606613
0.0037230017109096546
0.0037230017109096546
0.003973724824859098
0.004030492322357085
0.004025761697565586
0.004025761697565586
0.004281215436306528
0.004281215436306528
0.004281215436306528
0.00449409355192398
0.00448936292713248
0.004432595429634494
0.0045082854262984765
0.004569783548587962
0.004418403555259997
0.004498824176715478
0.004574514173379462
0.004863082285660896
0.005019192903780361
0.0050144622789888614
0.005052307277320853
0.004967156031073872
0.005061768526903851
0.005180034146691324
0.005326683515227791
0.0053787203879342785
0.005052307277320853
0.004825237287328904
0.004990809155031367
0.00510907477481884
0.005392912262308776
0.0051043441500273415
0.005047576652529354
0.005359797888768283
0.005473332883764257
0.005501716632513251
0.0055490228804282405
0.005672019125007212
0.005761900996045692
0.00577136224562869
0.005799745994377683
0.005922742238956656
0.0058943584902076615
0.006007893485203636
0.006145081604157105
0.006258616599153079
0.00638634346852355
0.006816830324549952
0.00687359782204794
0.006892520321213935
0.007176357808703871
0.0070580921889163975
0.006972940942669417
0.007048630939333399
0.007105398436831387
0.007176357808703871
0.007233125306201858
0.007280431554116847
0.0075027709193172965
0.007507501544108796
0.007531154668066291
0.006930365319545927
0.007034439064958903
0.0071479740599548775
0.007261509054950851
0.007252047805367853
0.007346660301197832
0.007427080922653314
0.007408158423487318
0.007436542172236312
0.007398697173904321
0.007436542172236312
0.0075027709193172965
0.007616305914313271
0.007540615917649288
0.007592652790355777
0.007611575289521772
0.008037331520756676
0.008136674641378152
0.008155597140544148
0.008155597140544148
0.008165058390127147
0.008169789014918645
0.008226556512416633
0.00850093275032357
0.008472549001574577
0.008936150231141471
0.008955072730307467
0.00903076272697145
0.00916322022113342
0.009087530224469438
0.009087530224469438
0.009257832716963399
0.009480172082163847
0.010189765800888687
0.01017084330172269
0.010080961430684212
0.010062038931518216
0.010298570171093162
0.009948503936522241
0.009929581437356247
0.009981618310062734
0.008931419606349973
0.008921958356766974
0.009144297721967424
0.00903076272697145
0.009144297721967424
0.00907333835009494
0.009134836472384425
0.00920106521946541
0.009352445212793378
0.009451788333414854
0.009442327083831857
0.009522747705287339
0.009390290211125368
0.009541670204453333
0.009570053953202328
0.009565323328410829
0.009584245827576825
0.00973562582090479
0.009844430191109265
0.009125375222801428
0.009115913973218431
0.009125375222801428
0.00947544145737235
0.009527478330078836
0.009626821450700315
0.009858622065483762
0.009858622065483762
0.009891736439024254
0.010355337668591149
0.010426297040463633
0.010369529542965645
0.010350607043799651
0.010563485159417102
0.010185035176097187
0.010402643916506138
0.010554023909834105
0.01066282828003858
0.010733787651911063
0.01088043702044753
0.010870975770864532
0.01096558826669451
0.011216311380643953
0.011353499499597422
0.011263617628558943
0.011585300114380869
0.011575838864797872
0.01167045136062785
0.011854945727496308
0.011968480722492283
0.012791609436213096
0.012791609436213096
0.012872030057668578
0.013089638798077528
0.013335631287235472
0.013188981918699006
0.013193712543490504
0.013165328794741511
0.01312748379640952
0.0132126350426565
0.01325521066577999
0.013217365667448
0.01325521066577999
0.01352012565410393
0.01369988939618089
0.013600546275559412
0.014381099366156735
0.01440475249011423
0.0145324793594847
0.014527748734693202
0.015431298069869497
0.015426567445077997
0.015644176185486948
0.015483334942575986
0.01546441244340999
0.015611061811946455
0.0158570543011044
0.016055740542347353
0.016150353038177332
0.01621185116046682
0.0162970024067138
0.016448382400041765
0.016495688647956756
0.016353769904211786
0.01639634552733528
0.01670856676357421
0.016859946756902174
0.016859946756902174
0.017063363622936627
0.016978212376689644
0.017058632998145126
0.01721001299147309
0.017323547986469068
0.017607385473959004
0.01752696485250352
0.017597924224376005
0.017853377963116947
0.018118292951440886
0.018047333579568402
0.01797164358290442
0.017692536720205983
0.01765469172187399
0.017323547986469068
0.01726678048897108
0.017252588614596585
0.017649961097082494
0.017744573592912472
0.017829724839159452
0.017820263589576453
0.01792433733498943
0.017659422346665492
0.017782418591244464
0.017952721083738424
0.018023680455610907
0.01819398294810487
0.018165599199355877
0.01820344419768787
0.018624469804131273
0.018473089810803305
0.01854404918267579
0.01858189418100778
0.018704890425586755
0.018818425420582728
0.01911645478244716
0.019225259152651636
0.019140107906404656
0.019177952904736645
0.019177952904736645
0.01915903040557065
0.01911172415765566
0.01912118540723866
0.019017111661825684
0.01919214477911114
0.019357716646813607
0.019319871648481615
0.019319871648481615
0.019509096640141572
0.019532749764099064
0.019632092884720544
0.01955167226326506
0.019442867893060586
0.019575325387222557
0.019565864137639558
0.019494904765767075
0.019494904765767075
0.0193813697707711
0.01942867601868609
0.019575325387222557
0.019575325387222557
0.019651015383886538
0.019617901010346047
0.01977401162846551
0.01965574600867804
0.019792934127631508
0.019755089129299516
0.019764550378882514
0.02003419599199795
0.020062579740746947
0.020057849115955446
0.020024734742414955
0.019986889744082963
0.019882815998669985
0.01995850599533397
0.02003419599199795
0.020157192236576922
0.0202707272315729
0.02034641722823688
0.02031330285469639
0.020545103469479836
0.020649177214892813
0.020592409717394827
0.02057348721822883
0.020559295343854332
0.020578217843020326
0.020493066596773347
0.020540372844688338
0.020464682848024354
0.020672830338850305
0.020417376600109366
0.02039372347615187
0.020511989095939345
0.020422107224900864
0.02047887472239885
0.020592409717394827
0.020545103469479836
0.020535642219896837
0.020545103469479836
0.020545103469479836
0.020535642219896837
0.020540372844688338
0.020639715965309814
0.020507258471147843
0.020450490973649857
0.020535642219896837
0.020559295343854332
0.02052618097031384
0.02043629909927536
0.020511989095939345
0.020549834094271333
0.020511989095939345
0.02057348721822883
0.020554564719062834
0.02052618097031384
0.020497797221564848
0.020455221598441355
0.02039372347615187
0.020374800976985876
0.020459952223232856
0.02040318472573487
0.020549834094271333
0.02046941347281585
0.020516719720730842
0.020497797221564848
0.020516719720730842
0.02047887472239885
0.020507258471147843
0.020388992851360373
0.02035114785302838
0.019267834775775126
0.019362447271605104
0.019565864137639558
0.01960370913597155
0.019613170385554546
0.019669937883052536
0.019187414154319644
0.01947125164180958
0.018842078544540224
0.01890830729162121
0.019012381037034183
0.019239451027026132
0.01925364290140063
0.01907860978411517
0.01907387915932367
0.019083340408906666
0.019130646656821657
0.019045495410574678
0.0189508829147447
0.018913037916412707
0.018780580422250736
0.01885153979412322
0.01890830729162121
0.01880896417099973
0.01879950292141673
0.018771119172667737
0.01880423354620823
0.018861001043706218
0.019050226035366175
0.01899345853786819
0.019452329142643585
0.019528019139307566
0.019490174140975574
0.019414484144311593
0.01934352477243911
0.019225259152651636
0.019357716646813607
0.019329332898064613
0.019329332898064613
0.019329332898064613
0.019348255397230608
0.019565864137639558
0.019584786636805553
0.019565864137639558
0.019518557889724567
0.01955640288805656
0.0193861003955626
0.019282026650149622
0.019310410398898616
0.019196875403902643
0.01914956915598765
0.019088071033698167
0.019163761030362148
0.019267834775775126
0.019362447271605104
0.01955640288805656
0.019518557889724567
0.019390831020354098
0.019457059767435083
0.019433406643477587
0.019433406643477587
0.019811856626797502
0.019811856626797502
0.01978347287804851
0.019092801658489665
0.01924418165181763
0.01914956915598765
0.01929148789973262
0.019310410398898616
0.01929148789973262
0.019220528527860138
0.019225259152651636
0.01914956915598765
0.01914956915598765
0.01907387915932367
0.019196875403902643
0.01912118540723866
0.019154299780779153
0.019002919787451184
0.019220528527860138
0.019229989777443134
0.019097532283281163
0.0189508829147447
0.0189319604155787
0.018946152289953198
0.0189319604155787
0.01884680916933172
0.01885153979412322
0.01876638854787624
0.018794772296625233
0.018936691040370202
0.01899345853786819
0.01897453603870219
0.018927229790787203
0.01875692729829324
0.01868123730162926
