0.0
0.0
0.0
0.0
0.0
0.0
0.0
0.0
0.0
0.0
0.0
0.0
0.0
0.0
0.0
0.0
0.0
0.0
0.0
0.0
0.0
3.784499833199141e-05
0.0002507231139494431
0.0004210256064434044
0.0004021031072774087
0.0004021031072774087
0.0003642581089454173
0.0009792393318402777
0.0011684643235002348
0.0011684643235002348
0.0009366637087167873
0.001466493685364667
0.0019395561645145596
0.001343497440785695
0.003264131106134259
0.003888573578612117
0.0044042116808855
0.004706971667541432
0.005217879145023315
0.0057287866225052
0.005747709121671195
0.005785554120003186
0.006381612843732051
0.01286256880808558
0.01286256880808558
0.01462236123052318
0.016580839894203735
0.016665991140450715
0.01668964426440821
0.01661395426774423
0.016424729276084273
0.01646257427441626
0.01647203552399926
0.016358500529003287
0.01471224310156166
0.014253372496786263
0.015530641190490975
0.016410537401709776
0.019608439760763048
0.019002919787451184
0.02048833597198185
0.021349309684034652
0.021439191555073133
0.021883870285474033
0.02141080780632414
0.02272119087356934
0.02242789213649641
0.022792150245441827
0.02285364836773131
0.022588733379407373
0.023374017094796192
0.024613440790168913
0.02431068080351298
0.02461817141496041
0.02505811952056981
0.025091233894110304
0.02625969821761054
0.025034466396612318
0.025630525120341183
0.025630525120341183
0.026832103817381908
0.02805733563838013
0.02815667875900161
0.028227638130874092
0.028941962474390428
0.029367718705625333
0.029689401191447258
0.030124618672265163
0.030328035538299616
0.030427378658921093
0.02709701880570585
0.02832698125149557
0.022446814635662404
0.022432622761287907
0.023184792103136235
0.024244452056431994
0.0246702082876669
0.026283351341568034
0.026808450693424413
0.028639202487734498
0.02920687746271437
0.030091504298724668
0.031520152985757346
0.03620820215413278
0.03735301335367552
0.03826602393843481
0.0383369833103073
0.038696510794461215
0.038814776414248686
0.042528316875575345
0.04298718748035074
0.043403482462002645
0.043488633708249624
0.04408942305676999
0.04477063302674584
0.045300463003393715
0.045182197383606244
0.04514908301006575
0.04648784982605995
0.04707444730020581
0.047334631663738254
0.04990809155031367
0.05130362586380585
0.05238693894105911
0.052561972058344564
0.053702052633095805
0.05347971326789536
0.054321764480782166
0.054894170080553535
0.06149339166469454
0.06150285291427754
0.06108182730783413
0.061342011671366575
0.05846106117334373
0.058655016789795185
0.060939908564089165
0.06060876482868424
0.06148866103990304
0.06249628412049231
0.062467900371743317
0.06178669040176747
0.06241113287424533
0.062217177257793875
0.06228813662966636
0.0625057453700753
0.06288892597818672
0.06313018784255317
0.06549550023830263
0.06593071771912053
0.06631862895202345
0.06664504206263687
0.07049104001812549
0.07087422062623691
0.0726434742982575
0.07175411683745571
0.07191022745557517
0.07501824794358997
0.07579407040939579
0.07627659413812868
0.07423296422820115
0.07616778976792421
0.07569472728877431
0.0766597747462401
0.07429446235049063
0.0731070755278244
0.0739964329886262
0.07417619673070316
0.07449314859173359
0.06928473069629328
0.06967737255398768
0.07077014688082393
0.07102086999477338
0.07155543059621275
0.07204741557452864
0.07246844118097205
0.06577460710100107
0.06690995705096081
0.06537723461851516
0.06509339713102522
0.0652069321260212
0.06511231963019122
0.06524950774914469
0.0656752639803796
0.06621928583140196
0.06809261324883555
0.06794123325550758
0.06703768392033128
0.06291730972693571
0.06427499904209591
0.06438853403709188
0.06527789149789368
0.06568472522996259
0.06512178087977422
0.06526843024831068
0.06590233397037154
0.06565634148121359
0.06577933772579257
0.05750547496546095
0.05752439746462694
0.05778458182815938
0.05604371190488778
0.057008759362353556
0.059345688009354025
0.05955383550017998
0.060135702349534345
0.06109601918220863
0.06140824041844756
0.061564351036567024
0.061275782924285586
0.06133728104657508
0.06153123666302653
0.061952262269469933
0.061744114778643985
0.06187657227280595
0.06247736162132632
0.06277066035839925
0.06392966343231649
0.06445949340896437
0.06596383209266102
0.06592598709432904
0.06550023086309413
0.06633755145118944
0.0664842008197259
0.0686839413477729
0.0691144282037993
0.07020720253063556
0.06947868631274473
0.0686792107229814
0.06863663509985791
0.06888262758901587
0.06679642205596484
0.06646527832055991
0.038143027693855844
0.03997851011295742
0.04020558010294937
0.0405225319639798
0.047637391650394184
0.07806477030931527
0.07601640977459624
0.07810734593243877
0.07910077713865354
0.08098829643046161
0.08179250264501643
0.0779654271886938
0.07816884405472825
0.07863244528429515
0.08023612708861329
0.08004690209695332
0.08031181708527727
0.07988133022925087
0.07911023838823654
0.07963060711530143
0.08096937393129562
0.08366583006245
0.08435177065721736
0.08464506939429028
0.0885620267216514
0.08969737667161114
0.08991971603681159
0.08884113358434984
0.08968318479723664
0.08994809978556058
0.09057254225803844
0.09022247602346752
0.09014205540201203
0.09090841661823486
0.09140986284613374
0.0920059215698626
0.09217149343756507
0.0915848959634192
0.09328792088835883
0.09382721211458969
0.0942293152218671
0.09448949958539955
0.09498148456371544
0.0938366733641727
0.09360960337418074
0.1013536361578645
0.10163747364535443
0.1013157911595325
0.1040122472906869
0.10357229918507749
0.10473603288378622
0.10542670410334506
0.10576730908833298
0.1052895159843916
0.10500094787211016
0.1052895159843916
0.10500567849690166
0.10472657163420322
0.10477387788211821
0.10587138283374596
0.10579569283708198
0.10608899157415491
0.10656678467809631
0.10672762592100726
0.10681277716725425
0.10696415716058222
0.10668505029788378
0.10352026231237099
0.10201119300388284
0.10151920802556695
0.10122590928849402
0.10084745930517411
0.1008569205547571
0.10066296493830565
0.10093734117621259
0.10010002058811727
0.10099410867371057
0.10099410867371057
0.10018990245915575
0.09939988811897543
0.09913497313065149
0.09274389903733644
0.0916085490873767
0.09210053406569259
0.09109291098510332
0.09237964092839103
0.09230868155651854
0.09267293966546396
0.09300408340086888
0.09264928654150646
0.09394074710958568
0.09290947090503891
0.09412997210124563
0.0942766214697821
0.09412997210124563
0.09440907896394407
0.09421039272270111
0.09441380958873556
0.0920295746938201
0.092493175923387
0.09199172969548812
0.09199172969548812
0.09254994342088499
0.09197280719632211
0.0902981660201315
0.09054415850928944
0.09064350162991092
0.09120644598009929
0.09102195161323083
0.0898724097888966
0.08959803355098966
0.08870867609018786
0.08840118547874043
0.08848160610019591
0.08828291985895295
0.08816465423916549
0.08867556171664737
0.08915808544538026
0.08926215919079324
0.08917227731975476
0.0885620267216514
0.08930946543870823
0.08855729609685989
0.08780512675501156
0.08780985737980307
0.08918646919412926
0.08868502296623036
0.0885431042224854
0.0885904104704004
0.08895466857934581
0.08965007042369615
0.08879382733643484
0.08906347294955028
0.0889972442024693
0.08873705983893686
0.08904928107517579
0.08875598233810285
0.08826872798457847
0.08836807110519994
0.08803692736979501
0.08798962112188002
0.08773416738313908
0.08737463989898517
0.08657989493401334
0.08656570305963884
0.08653731931088986
0.08644270681505987
0.08592233808799499
0.08576149684508402
0.08569526809800304
0.08556754122863257
0.08535466311301512
0.08597910558549297
0.08591287683841199
0.085903415588829
0.08571892122196054
0.08536885498738962
0.08523166686843615
0.08515597687177216
0.08420039066388939
0.08419092941430639
0.08026924146215378
0.08080853268838466
0.08048685020256273
0.08124848079399405
0.08108763955108308
0.08053888707526921
0.08122482767003655
0.08136674641378153
0.08174046577230994
0.08155124078064999
0.08169315952439496
0.08136201578899002
0.0810687170519171
0.08118225204691307
0.08080380206359315
0.08074703456609517
0.08031654771006877
0.07998067334987234
0.08051523395131172
0.08042535208027324
0.0775254790830844
0.07722744972121996
0.07727948659392646
0.07728894784350945
0.07629551663729468
0.07627659413812868
0.0757751479102298
0.07510812981462844
0.07517435856170944
0.07472967983130853
0.07466818170901905
0.07468710420818504
0.07456410796360607
0.07459249171235506
0.07472494920651704
0.07415727423153716
0.07335306801698235
0.07385924486967273
0.07379301612259175
0.07376936299863425
0.07379774674738325
0.07383086112092374
0.07366528925322127
0.07495674982130049
0.07451207109089958
0.07544873479961638
0.07518855043608393
0.07496621107088348
0.07454518546444007
0.07417619673070316
0.07344768051281232
0.07342402738885483
0.0735281011342678
0.0739964329886262
0.07373624862509376
0.0735564848830168
0.07394439611591971
0.07434649922319712
0.07516016668733494
0.07481956170234702
0.074847945451096
0.07515070543775194
0.07525950980795641
0.0762056347662562
0.0766597747462401
0.0762056347662562
0.07596910352668125
0.07615832851834121
0.07729367846830096
0.07724164159559446
0.077057147228726
0.07765793657724637
0.07787554531765532
0.07763428345328888
0.0757704172854383
0.0757562254110638
0.07549131042273986
0.07570891916314881
0.07699564910643653
0.07652258662728663
0.07559065354336134
0.07574676416148081
0.07569472728877431
0.07587449103085127
0.07589814415480876
0.07542508167565888
0.07534939167899489
0.07522166480962442
0.07529735480628841
0.07519801168566692
0.07529735480628841
0.07425661735215865
0.07462560608589555
0.07470602670735103
0.07497567232046648
0.07468237358339355
0.07471548795693404
0.07462087546110406
0.07479117795359802
0.07525477918316492
0.07450260984131658
0.07567107416481682
0.07552915542107186
0.07548184917315687
0.0753210079302459
0.07525477918316492
0.07595491165230675
