0.0
0.0
0.0
0.0
0.0
0.0
0.0
0.0
0.0
0.0
0.0
0.0
0.0
9.461249582997852e-05
0.00015137999332796563
0.00015137999332796563
0.00022706998999194844
0.0004919849783158883
0.0009981618310062734
0.0007710918410143249
0.000832589963303811
0.0011684643235002348
0.0012205011962067229
0.0016084124291096348
0.0014333793118241746
0.0023321980222089705
0.002895142372397343
0.003401319225087728
0.004583975422962459
0.005194226021065821
0.0051043441500273415
0.00524153226898081
0.00621131035123809
0.007157435309537875
0.008098829643046162
0.00889830523280948
0.007810261530764727
0.008321169008246612
0.008690157741983527
0.009078068974886439
0.008217095262833634
0.008363744631370101
0.009040223976554448
0.00850566337511507
0.00877057836343901
0.009551131454036332
0.010137728928182198
0.011992133846449777
0.012100938216654252
0.012134052590194745
0.012152975089360741
0.012583461945387142
0.012895683181626072
0.014248641871994766
0.014901468093221617
0.015246803703001039
0.016798448634612686
0.017810802339993458
0.017583732350001508
0.017635769222707997
0.018913037916412707
0.020942475951965744
0.02251304338274339
0.0228962239908548
0.02550752887576221
0.024339064552261973
0.022002135905261504
0.022716460248777843
0.022839456493356815
0.02329832709813221
0.02439110142496846
0.02480266578182887
0.02700713693466737
0.036813722127444645
0.03704079211743659
0.03739085835200751
0.03629808402517126
0.03966155825192699
0.04038534384502633
0.040981402568755196
0.0409719413191722
0.03335090478006743
0.034211878492120235
0.03584394404518736
0.03804841519802586
0.03828967706239231
0.03910807515132162
0.03942975763714355
0.039623713253595004
0.04319060434638519
0.038597167673839736
0.03837482830863929
0.03871543329362721
0.03941083513797755
0.040508340089605306
0.04114697443645766
0.04152542441977757
0.0347984759662661
0.0360993977839283
0.03636904339704374
0.03712121273889207
0.04588232985274809
0.038412673306971276
0.03933514514131357
0.039642635752761
0.0405414544631458
0.044278648048429944
0.03587232779393636
0.042490471877243356
0.04341294371158565
0.041199011309164146
0.03310964291570098
0.03405103724920927
0.035342497817288474
0.035172195324794514
0.03615616528142629
0.027674155030268717
0.027995837516090645
0.028251291254831588
0.027229476299867817
0.028889925601683943
0.038530938926758754
0.0400873144831619
0.04077325507792924
0.039633174503178
0.04047995634085631
0.040986133193546694
0.04125577880666213
0.042211365014544915
0.042731733741609795
0.04401846368489751
0.04432122367155344
0.04498824176715479
0.0453619611256832
0.04736301541248725
0.043285216842215174
0.04423607242530646
0.045314654877768215
0.04681899356146487
0.04759008540247919
0.04797326601059061
0.04947760469428727
0.04998851217176915
0.050489958399668036
0.05068864464091099
0.05111913149693739
0.05231124894439512
0.047197443544784785
0.04721163541915928
0.0471595985464528
0.042797962488690784
0.03225813045323118
0.03298191604633051
0.03517692594958601
0.04418876617739147
0.041350391302492115
0.04214986689225543
0.04456721616071138
0.045163274884440247
0.050896792131736944
0.05276538892437902
0.05405684949245823
0.054742790087225573
0.05598694440738979
0.050679183391327993
0.05221190582377365
0.05428391948245018
0.05691414686652358
0.05878274365916566
0.0590192748987406
0.05579298879093833
0.05625185939571373
0.05684791811944259
0.05664923187819964
0.057145947481307025
0.058167762436270795
0.05900035239957461
0.060187739222240834
0.06052834420722876
0.059378802382894516
0.05980928923892092
0.061796151651350474
0.06814938074633353
0.06981929129773265
0.07016462690751207
0.07085529812707092
0.07247317180576354
0.0735281011342678
0.07385451424488124
0.07431338484965663
0.07561903729211034
0.0757373029118978
0.0766455828718656
0.07717068222372198
0.07748290345996091
0.0775302097078759
0.07762955282849737
0.0757609560358553
0.07717068222372198
0.07755859345662489
0.0779796190630683
0.07834860779680522
0.07824453405139224
0.07867975153221014
0.07969683586238241
0.08011786146882581
0.08011786146882581
0.07388289799363022
0.07463979796027005
0.07542508167565888
0.07547711854836536
0.07604479352334524
0.08006109397132782
0.08024085771340478
0.08055307894964371
0.08198645826146789
0.08230814074728982
0.08289000759664418
0.07964006836488442
0.07881220902637211
0.07957383961780344
0.07935623087739449
0.07937988400135197
0.08033073958444326
0.0810072189296276
0.081485012033569
0.08153704890627549
0.08244059824145178
0.08207160950771487
0.08217095262833635
0.08271970510415022
0.08385978567890146
0.08349079694516455
0.08342929882287506
0.08366109943765851
0.08351445006912205
0.08470183689178827
0.08450788127533682
0.0845551875232518
0.08445584440263032
0.08482483313636724
0.08481064126199274
0.08418146816472338
0.08405374129535292
0.08417200691514039
0.0850187887528187
0.08363271568890951
0.08349552756995604
0.08494309875615472
0.08507082562552519
0.08649474368776636
0.08472075939095426
0.08389763067723345
0.08389290005244196
0.08526951186676814
0.08422404378784688
0.0846261468951243
0.08443692190346433
0.08509447874948269
0.08505190312635919
0.08807477236812701
0.08963114792453016
0.08966426229807065
0.08924323669162725
0.08881274983560083
0.08899251357767779
0.08882694170997534
0.08973049104515163
0.08990552416243709
0.09032654976888049
0.09037858664158697
0.0902887047705485
0.09047319913741696
0.09142878534529975
0.09094626161656685
0.09154705096508722
0.09172208408237267
0.09121590722968229
0.09105033536197983
0.09098883723969034
0.09091787786781785
0.09142878534529975
0.09169843095841518
0.0925168290473445
0.09175992908070467
0.09174100658153868
0.09167004720966619
0.09231341218131005
0.09219041593673107
0.08959803355098966
0.08954126605349168
0.08973995229473462
0.08973049104515163
0.09059619538199593
0.09037385601679548
0.09193496219799013
0.09248371467380401
0.09256413529525949
0.09243167780109751
0.09218095468714807
0.09214784031360758
0.09240329405234853
0.092464792174638
0.09275336028691944
0.09246952279942951
0.09231341218131005
0.0920295746938201
0.09798070068152576
0.09799962318069175
0.09849633878379914
0.09868556377545909
0.09890790314065954
0.09843484066150965
0.09784351256257229
0.09840172628796916
0.09856256753088012
0.09902143813565552
0.09901197688607252
0.09887005814232755
0.09712918821905595
0.09659935824240808
0.09641486387553962
0.09626348388221165
0.0964716313730376
0.09641013325074811
0.09653312949532708
0.09739410320737989
0.09708188197114095
0.09714811071822195
0.09740356445696288
0.09746979320404388
0.09788135756090428
0.09774416944195082
0.09787662693611278
0.09832130566651368
0.09788135756090428
0.09789554943527877
0.09749817695279286
0.09781985943861479
0.09806585192777274
0.09747925445362687
0.09762590382216334
0.09773943881715931
0.09793812505840227
0.09804219880381525
0.0978009369394488
0.09857675940525462
0.09928635312397946
0.10017097995998976
0.0999486405947893
0.09940461874376694
0.10006217558978528
0.09936677374543494
0.09894101751420004
0.09882275189441256
0.09851053065817364
0.09838753441359466
0.09831184441693068
0.09774416944195082
0.09787189631132127
0.09740829508175439
0.0973278744602989
0.09657570511845058
0.09600329951867921
0.09582826640139375
0.09534574267266085
0.09616887138638167
0.09576203765431276
0.09550185329078031
0.09570527015681478
0.09554442891390381
0.0956248495353593
0.0951281339322519
0.09489160269267696
0.09451315270935705
0.09499094581329844
0.09448003833581656
0.0942576989706161
0.09430973584332258
0.09412524147645412
0.09399278398229216
0.09418673959874362
0.09366637087167874
0.0933967252585633
0.09282905028358343
0.09265401716629797
0.09247425342422101
0.09263036404234047
0.09272497653817045
0.09242694717630602
0.09183561907736865
0.09174573720633017
0.09165585533529169
0.09154232034029572
0.09127267472718027
0.09129632785113777
0.09129632785113777
0.09089422474386036
0.09068607725303442
0.09040697039033598
0.09059146475720443
0.09054888913408095
0.09047319913741696
0.0903170885192975
0.0903076272697145
0.09082799599677938
0.09041643163991897
0.09023666789784202
0.0898298341657731
0.0893709635609977
0.08952234355432567
0.08930473481391672
0.08907766482392478
0.0889877829528863
0.08839645485394892
0.08811261736645899
0.08753075051710463
0.08657516430922184
0.08610210183007196
0.08564323122529656
0.08388343880285895
0.08384559380452697
0.08395912879952294
0.08390236130202496
0.08359960131536902
0.08305084883955514
0.08307450196351264
0.08270078260498423
0.08360906256495201
0.08366109943765851
0.08357594819141152
0.08376517318307149
0.083684752561616
0.08303192634038915
0.08284270134872919
0.08247844323978377
0.08223718137541733
0.08209053200688086
0.08218514450271085
0.0818918457656379
0.08129105641711755
0.08175465764668444
0.08128159516753455
0.08054361770006072
0.08028343333652828
0.07980564023258688
0.07976306460946339
0.0796779133632164
0.07951234149551395
0.07915754463615153
0.07912916088740253
0.07898724214365757
0.07873651902970813
0.0788358621503296
0.07858986966117165
0.07820195842826874
0.0783722609207627
0.07855675528763116
0.07850944903971617
0.07921904275844102
0.07893520527095108
0.07829657092409872
0.07826345655055823
0.07805530905973228
0.07809315405806427
0.07762955282849737
0.07758224658058238
0.07744978908642042
0.0775207484582929
0.07731260096746695
0.07677804036602758
0.07659354599915912
0.07683007723873406
0.0766124684983251
0.07624347976458819
0.07583664603251929
0.07548657979794836
0.07538723667732689
0.07562849854169333
0.07521693418483293
0.07520274231045843
0.07509866856504545
0.07461141421152107
0.07463033671068706
0.07452153234048259
0.0744411117190271
0.07449314859173359
0.07475333295526602
0.07569472728877431
0.07549604104753135
0.07497094169567498
0.07480063920318102
0.0744127279702781
0.07417619673070316
0.07371732612592777
0.07379301612259175
0.07322061052282038
0.07327264739552687
0.07300773240720293
0.07368421175238728
