0.0
0.0
0.0
0.0
0.0
0.0
0.0
1.4191874374496777e-05
1.4191874374496777e-05
1.4191874374496777e-05
1.4191874374496777e-05
1.4191874374496777e-05
1.4191874374496777e-05
1.4191874374496777e-05
0.0001466493685364667
0.0002601843635324409
0.0002885681122814345
0.00032641311061342587
0.00032641311061342587
0.0011684643235002348
0.0012630768193302132
0.0012346930705812197
0.0012346930705812197
0.0014049955630751811
0.0014475711861986714
0.0018165599199355875
0.0018922499165995705
0.002691725506362889
0.003543237968832696
0.0036662342134116677
0.003708809836535158
0.0045177466758814745
0.004276484811515029
0.006007893485203636
0.006395804718106548
0.006324845346234064
0.006367420969357555
0.006556645961017511
0.006627605332889995
0.0069871328170439135
0.007275700929325348
0.007814992155556226
0.008363744631370101
0.008813153986562499
0.009342983963210379
0.009494363956538344
0.009182142720299415
0.010431027665255131
0.01141026699709541
0.011348768874805924
0.011348768874805924
0.01132038512605693
0.011438650745844403
0.011788716980415323
0.012053631968739263
0.012427351327267678
0.012209742586858727
0.012635498818093631
0.012701727565174617
0.012630768193302132
0.012668613191634124
0.014347984992616242
0.014366907491782238
0.015511718691324979
0.015719866182150932
0.015388722446746007
0.015530641190490975
0.015658368059861445
0.010686481403996074
0.010402643916506138
0.010904090144405024
0.01132038512605693
0.011949558223326287
0.012971373178290056
0.012654421317259627
0.013241018791405493
0.01330251691369498
0.01343497440785695
0.013458627531814444
0.01391749813658984
0.014040494381168812
0.01444259748844622
0.014352715617407742
0.014650744979272174
0.015327224324456521
0.010274917047135667
0.010861514521281534
0.010889898270030528
0.0118927907258283
0.012361122580186694
0.01286256880808558
0.013061255049328535
0.013643121898682904
0.013945881885338834
0.013397129409524958
0.013870191888674851
0.013908036887006843
0.013775579392844873
0.013496472530146436
0.01396953500929633
0.014584516232191189
0.0145372099842762
0.015128538083213565
0.015559024939239968
0.015625253686320954
0.016003703669640868
0.01633484740504579
0.01660922364295273
0.017910145460614934
0.01924418165181763
0.019575325387222557
0.019788203502840006
0.012517233198306159
0.01369515877138939
0.015043386836966585
0.015279918076541532
0.01550225744174198
0.01633484740504579
0.018028411080402408
0.018785311047042234
0.018998189162659686
0.019930122246584976
0.02074378971072279
0.022342740890249426
0.022361663389415424
0.02346862959062617
0.023416592717919685
0.024698592036415893
0.02413091706143602
0.02414037831101902
0.02427283580518099
0.02475535953391388
0.024977698899114328
0.025129078892442296
0.024779012657871375
0.02593801573178861
0.026907793814045892
0.028308058752329574
0.02718217005195283
0.026884140690088397
0.02664287882572195
0.02809991126150362
0.02770726940380921
0.028426324372117045
0.029282567459378354
0.028142486884627112
0.029490714950204305
0.031118049878479936
0.03141607924034437
0.031657341104710815
0.03197902359053274
0.035257346571041494
0.03537088156603747
0.03582029092122987
0.0357020253014424
0.03156745923367233
0.03218717108135869
0.03321844728590546
0.033757738512136336
0.03353066852214439
0.034230800991286225
0.03492147221084507
0.03674276275557216
0.036312275899545755
0.036326467773920255
0.035957479040183336
0.03593855654101734
0.03645419464329072
0.03680426087786164
0.037300976480969035
0.0383038689367668
0.03793488020302989
0.03792541895344689
0.03784026770719991
0.03779769208407642
0.03869178016966972
0.03860662892342274
0.03859243704904824
0.03866812704571222
0.040191388228574876
0.04072121820522275
0.04275538686556729
0.043550131830539116
0.04522477300672973
0.04460033053425187
0.04480847802507783
0.0457924479817096
0.04688995293333736
0.04675276481438389
0.04727786416624027
0.046809532311881875
0.04662030732022192
0.04725421104228277
0.04738666853644474
0.04819087475099956
0.048219258499748556
0.04853147973598748
0.05003108779489264
0.0502108515369696
0.050191929037803604
0.050456844026127545
0.05096775150360943
0.05118536024401838
0.051871300838785724
0.05123739711672487
0.05136039336130384
0.05232544081876962
0.05352228889101885
0.054657638840978594
0.05541453880761842
0.0554996900538654
0.05563214754802737
0.05586394816281082
0.05570310691989985
0.055736221293440344
0.05608155690321977
0.05580245004052133
0.0554949594290739
0.056185630648632745
0.05427918885765868
0.0533236026497759
0.05448733634848463
0.05448733634848463
0.0524153226898081
0.05391020012392176
0.05352228889101885
0.053754089505802294
0.05378247325455129
0.05385816325121527
0.05408050261641572
0.05389600824954727
0.05558484130011238
0.05514962381929448
0.054908361954928035
0.05572202941906585
0.05553753505219739
0.05541453880761842
0.0554902288042824
0.055868678787602315
0.056232936896547736
0.05545238380595041
0.05529154256303945
0.05367366888434681
0.05406158011724973
0.05422715198495219
0.054302841981616175
0.05433122573036517
0.054761712586391564
0.054993513201175015
0.054553565095565616
0.05456302634514861
0.05479955758472356
0.0546103325930636
0.05451098947244212
0.054572487594731614
0.05422715198495219
0.05452518134681662
0.05442583822619514
0.05395750637183675
0.054085233241207224
0.05468129196493609
0.05509758694658799
0.055263158814290454
0.05535304068532893
0.055343579435745936
0.054539373221191116
0.054473144474110134
0.05131308711338885
0.05236328581710161
0.05236801644189311
0.05380612637850878
0.05382504887767478
0.053460790768729366
0.053545942014976346
0.05351282764143585
0.05412307823953921
0.0559585606586408
0.054875247581387544
0.054605601968272105
0.055532804427405894
0.05464817759139559
0.05514016256971148
0.05521585256637546
0.0559490994090578
0.055835564414061824
0.055395616308452425
0.05484686383263855
0.054761712586391564
0.055026627574715506
0.05659719500549315
0.05670126875090613
0.05658300313111866
0.057415593094422464
0.05709864123339204
0.05707025748464304
0.056772228122778615
0.056455276261748184
0.05721217622838801
0.05767104683316341
0.05752439746462694
0.056270781894879725
0.05610994065196876
0.05598221378259829
0.05558957192490388
0.055442922556367416
0.055163815693668974
0.05456775696994011
0.05451572009723362
0.05421296011057769
0.053763550755385296
0.05401427386933474
0.05410888636516471
0.05387235512558977
0.05335198639852489
0.0537588201305938
0.053985890120585744
0.0541845763618287
0.054553565095565616
0.05384397137684078
0.05347498264310386
0.05333306389935889
0.05369732200830431
0.053366178272899384
0.05335198639852489
0.05351755826622735
0.05365947700997232
0.05403792699329223
0.054553565095565616
0.054591410093897605
0.05369259138351281
0.05436907072869716
0.055225313815958466
0.05517327694325198
0.05509758694658799
0.054742790087225573
0.055258428189498957
0.05537669380928643
0.05527735068866495
0.05571256816948285
0.05575987441739784
0.0555044206786569
0.055651070047193364
0.05585448691322782
0.056086287528011265
0.05621401439738174
0.0559490994090578
0.05656408063195266
0.05641270063862469
0.05603898128009628
0.05567472317115086
0.05572676004385735
0.05489890070534504
0.05487051695659604
0.05466236946577009
0.05427445823286718
0.05361217076205733
0.05352701951581035
0.053597978887682834
0.05369259138351281
0.05378720387934279
0.05400481261975174
0.053664207634763816
0.05389600824954727
0.053768281380176794
0.054203498860994695
0.05443529947577814
0.05436907072869716
0.05450152822285913
0.05480428820951506
0.054558295720357114
0.054638716341812596
0.054908361954928035
0.05527735068866495
0.05533884881095444
0.05523950569033296
0.05537196318449493
0.055007705075549515
0.05530573443741395
0.05532465693657994
0.05470967571368508
0.05432649510557366
0.05405684949245823
0.05390546949913026
0.05335198639852489
0.053266835152277904
0.053451329519146364
0.053281027026652404
0.053058687661451956
0.053025573287911465
0.05266604580375754
0.05245789831293159
0.05229232644522913
0.053143838907698936
0.05351755826622735
0.053276296401860906
0.053451329519146364
0.05295461391603898
0.05288838516895799
0.052779580798753514
0.05279850329791951
0.05321006765477992
0.053143838907698936
0.05303030391270296
0.053900738874338765
0.054165653862662706
0.05404738824287523
0.054085233241207224
0.05400481261975174
0.053801395753717285
0.05352228889101885
0.05344186826956337
0.052959344540830476
0.052912038292915485
0.05283161767146
0.05254304955917857
0.052997189539162465
0.053063418286243454
0.05317222265644793
0.052878923919374994
0.05272754392604703
0.052103101453569174
0.05162530834962778
0.05142189148359332
0.0506649915169535
0.05056091777154052
0.0506460690177875
0.05043319090217005
0.050896792131736944
0.050811640885489964
0.05086367775819645
0.050896792131736944
0.05093463713006894
0.05048049715008504
0.0506649915169535
0.0511096702473544
0.05105290274985641
0.05061768526903851
0.05053253402279153
0.050456844026127545
0.05036223153029756
0.05005001029405864
0.04986078530239868
0.05011623904113962
0.05017300653863761
0.05007839404280763
0.05009731654197363
0.04962898468761523
0.049496527193453266
0.04954383344136825
0.04951544969261926
0.04925053470429532
0.04935460844970829
0.04918430595721433
0.04895250534243089
0.04898088909117988
0.048995080965554376
0.04880112534910292
0.048512557236821484
0.04855513285994498
0.04854567161036198
0.04812937662871007
0.0479969191345481
0.04796853538579911
0.0480300335080886
0.0475806241528962
0.04706971667541431
0.04687576105896286
0.04680007106229887
0.04679060981271588
0.04657300107230693
0.04692306730687785
0.046941989806043846
0.04703660230187382
0.04696091230520984
0.04687103043417136
0.046927797931669346
0.04685210793500536
0.04687103043417136
0.047017679802707824
0.04680480168709037
0.046610846070638916
0.046506772325225945
0.04609520796836553
0.04611413046753153
0.045958019849412064
0.046005326097327055
0.045702566110671125
0.045338308001725704
0.04531938550255971
0.045253156755478724
0.045248426130687226
0.04502135614069528
0.04497404989278029
0.044912551770490805
0.04465709803174986
0.0440279249344805
0.04395696556260802
0.04373935682219907
0.043720434323033075
0.043266294343049176
