0.0
0.0
0.0
2.8383748748993554e-05
2.8383748748993554e-05
2.8383748748993554e-05
2.8383748748993554e-05
0.000255453738740942
0.00031222123623892914
0.00031222123623892914
0.00011826561978747315
0.0001844943668684581
0.00043048685602640227
0.00044940935519239796
0.0004967156031073873
0.0005250993518563807
0.0010076230805892712
0.0010076230805892712
0.0010454680789212627
0.0010785824524617552
0.0011069662012107486
0.0011637336987087357
0.0009508555830912841
0.0011116968260022476
0.0011873868226662304
0.0016131430539011338
0.0018118292951440887
0.0016888330505651166
0.0021429730305490137
0.0020956667826340244
0.002559268012200919
0.0034297029738367215
0.0037608467092416463
0.002956640494686829
0.003306706729257749
0.00427175418672353
0.004460979178383487
0.005156381022733829
0.005582137253968732
0.005766631620837191
0.005690941624173208
0.006438380341230039
0.006173465352906099
0.005558484130011238
0.005151650397942331
0.00537398976314278
0.005501716632513251
0.00612142848019961
0.006793177200592458
0.008027870271173677
0.009565323328410829
0.009806585192777273
0.01030803142067616
0.0105729464090001
0.010766902025451556
0.011315654501265432
0.011916443849785794
0.012219203836441726
0.012739572563506607
0.012890952556834574
0.01272538068913211
0.012853107558502582
0.013226826917030997
0.013709350645763887
0.01418241312491378
0.014778471848642645
0.014986619339468597
0.01563944556069545
0.016363231153794785
0.016434190525667268
0.016112508039845343
0.016325386155462793
0.016665991140450715
0.01739450735834155
0.01754115672687802
0.01774930421770397
0.01826967294476885
0.018487281685177805
0.018458897936428808
0.019059687284949174
0.01771618984416348
0.018113562326649388
0.01846362856122031
0.018525126683509793
0.018771119172667737
0.01920160602869414
0.01902657291140868
0.019542211013682063
0.020190306610117417
0.02117427656674919
0.021590571548401098
0.022276512143168444
0.02250358213316039
0.02264550087690536
0.021609494047567093
0.022479929009202898
0.022669154000862852
0.02307598773293176
0.02294826086356129
0.023463898965834673
0.023856540823529084
0.024471522046423944
0.024987160148697327
0.02567783136825617
0.02594747698137161
0.026425270085313
0.027437623790693772
0.028289136253163576
0.028700700610023985
0.028932501224807432
0.025876517609499126
0.025516990125345206
0.025663639493881674
0.02725786004861681
0.02770253877901771
0.02871016185960698
0.02892777060001593
0.029708323690613256
0.029765091188111242
0.030143541171431157
0.030933555511611477
0.03153907548492334
0.03210675045990321
0.0330386835438285
0.02912172621646739
0.029533290573327795
0.028932501224807432
0.029320412457710342
0.02964209494353227
0.029717784940196255
0.03056456677787456
0.030687563022453533
0.030924094262028478
0.03139715674117837
0.03203579108803073
0.032300706076354664
0.032031060463239225
0.03233855107468666
0.03256089043988711
0.033336712905692935
0.033989539126919786
0.0347937453414746
0.033104912290909484
0.034159841619413746
0.034377450359822696
0.03465182659772963
0.03187968046991126
0.032584543563844603
0.032698078558840576
0.03331779040652694
0.03382869788400882
0.03387127350713231
0.022725921498360842
0.02269753774961185
0.022219744645670454
0.022456275885245403
0.023014489610642275
0.023284135223757715
0.023549050212081653
0.023899116446652574
0.02353012771291566
0.02308544898251476
0.02307598773293176
0.024868894528909852
0.02493039265119934
0.025299381384936256
0.024991890773488828
0.025100695143693303
0.026368502587815014
0.02713486380403784
0.02832225062670407
0.028402671248159553
0.028757468107521972
0.028714892484398482
0.028899386851266938
0.02942448620312332
0.029854973059149723
0.029883356807898716
0.030063120549975675
0.03061187302578955
0.032901495424875034
0.033067067292577496
0.0405225319639798
0.04060295258543528
0.041421350674364595
0.04192752752705498
0.04201267877330196
0.04257089249869884
0.043436596835543136
0.043720434323033075
0.04372989557261607
0.044642906157375366
0.045555916742134654
0.04527207925464472
0.045470765495887674
0.04841794474099151
0.04866393723014945
0.049297840952210306
0.0493451472001253
0.04950598844303626
0.05062241589383001
0.05098667400277542
0.051502312105048804
0.05390546949913026
0.05424607448411818
0.05421296011057769
0.05440218510223765
0.054690753214519085
0.055532804427405894
0.05434541760473966
0.05490363133013654
0.05488943945576204
0.05529154256303945
0.055329387561371436
0.0555044206786569
0.05630862689321171
0.05600586690655578
0.05518746881762647
0.05545238380595041
0.05567472317115086
0.056119401901551756
0.05647892938570568
0.05657827250632715
0.05805422744127482
0.05834279555355625
0.058385371176679746
0.05873070678645917
0.05923215301435805
0.05923688363914955
0.05913280989373657
0.05936461050852002
0.05876855178479116
0.05881585803270615
0.05956802737455447
0.059544374250596985
0.05963425612163546
0.06008839610161936
0.05955383550017998
0.05933149613497953
0.05942610863080951
0.06031546609161131
0.06004582047849587
0.060490499208896764
0.060083665476827856
0.06005528172807886
0.05999851423058088
0.06013097172474285
0.06190495602155495
0.06203741351571691
0.061914417271137945
0.06466764089979032
0.06440745653625787
0.06496567026165476
0.0652116627508127
0.0652116627508127
0.06525896899872768
0.06535831211934916
0.06524950774914469
0.06531100587143417
0.06361271157128606
0.06337618033171111
0.06359851969691156
0.0634518703283751
0.0634234865796261
0.06347079282754109
0.06372151594149053
0.06411888842397645
0.06394385530669099
0.06629970645285745
0.06587868084641404
0.06569891710433709
0.06591179521995454
0.06630916770244044
0.06624766958015096
0.06631862895202345
0.06642270269743641
0.06642270269743641
0.06643689457181091
0.06633282082639794
0.06627605332889995
0.06587868084641404
0.06573676210266907
0.06584556647287355
0.06619563270744447
0.06580299084975007
0.06572257022829459
0.06597329334224403
0.06637539644952144
0.06662138893867937
0.06746344015156619
0.06699983892199929
0.06706133704428878
0.06724583141115724
0.0673877501549022
0.0665456989420154
0.0647338696468713
0.0647811758947863
0.06476225339562029
0.06461087340229234
0.06455883652958584
0.06442164841063237
0.06432703591480239
0.06446895465854736
0.06443110966021537
0.0642797296668874
0.06439326466188339
0.06469129402374782
0.0638634346852355
0.0638728959348185
0.06413308029835094
0.06437434216271738
0.06465817965020731
0.06536304274414066
0.06532519774580867
0.06501770713436124
0.06513597275414872
0.06532046712101718
0.06555226773580061
0.06528735274747668
0.06548130836392814
0.06437434216271738
0.0643081134156364
0.06424188466855542
0.06404319842731246
0.063887087809193
0.06372624656628204
0.06354648282420507
0.06362217282086906
0.06360325032170307
0.06505555213269323
0.0652069321260212
0.06479536776916078
0.06495620901207175
0.06497040088644625
0.06492782526332276
0.06515962587810621
0.06556172898538362
0.06506501338227623
0.06537250399372366
0.06633755145118944
0.06625240020494245
0.06573676210266907
0.0656468802316306
0.06407158217606146
0.06421350091980642
0.06400535342898046
0.06366001781920105
0.063887087809193
0.06393439405710799
0.06396277780585698
0.06405739030168696
0.06421350091980642
0.06340456408046011
0.06276119910881625
0.06316803284088517
0.06327210658629813
0.06317749409046816
0.06295042410047622
0.06278012160798224
0.0629835384740167
0.06307815096984667
0.06283215848068874
0.06131835854740908
0.06145081604157105
0.06143662416719655
0.06120009292762161
0.06133728104657508
0.061275782924285586
0.06141770166803056
0.060939908564089165
0.06083110419388469
0.06054726670639476
0.06063241795264174
0.06046211546014777
0.06021612297098983
0.05985186486204441
0.060320196716402805
0.06031546609161131
0.06044319296098178
0.0603580417147348
0.06056618920556075
0.06031546609161131
0.06063241795264174
0.06046211546014777
0.060906794190548674
0.06093517793929767
0.060840565443467685
0.060419539837024284
0.0603249273411943
0.059884979235584904
0.059979591731414886
0.05994647735787439
0.05994647735787439
0.059866056736418906
0.059984322356206383
0.0599039017347509
0.059847134237252915
0.05987078736121041
0.060102587975993854
0.06024450671973882
0.059918093609125395
0.0599039017347509
0.059899171109959404
0.05975252174142293
0.05971940736788244
0.060135702349534345
0.05995593860745739
0.06124739917553659
0.061209554177204605
0.0607885285707612
0.060504691083271264
0.06038169483869229
0.05997013048183188
0.0599039017347509
0.0599133629843339
0.059979591731414886
0.06004108985370437
0.059918093609125395
0.05932203488539653
0.0594639536291415
0.05924161426394105
0.06010731860078535
0.060116779850368354
0.06015462484870034
0.059057119897072595
0.05853675117000771
0.0585935186675057
0.05915173239290257
0.05959168049851197
0.05951599050184799
0.05953964362580548
0.059785636114963424
0.06004108985370437
0.06003635922891287
0.060050551103287365
0.06023031484536433
0.06057565045514375
0.0607837979459697
0.061209554177204605
0.06095883106325516
0.0607790673211782
0.06098248418721266
0.06074595294763771
0.06063241795264174
0.06050942170806276
0.06054253608160325
0.060287082342862314
0.06017827797265784
0.0603580417147348
0.06061349545347574
0.06037696421390079
0.06037223358910929
0.06056145858076925
0.060504691083271264
0.060282351718070816
0.06027762109327932
0.06006001235287037
0.060097857351202356
0.0598944404851679
0.05973832986704844
0.059615333622469464
0.05977617486538043
0.05981875048850392
0.05987078736121041
0.06014516359911735
0.06051888295764576
0.06043846233619028
0.06061349545347574
0.06037696421390079
0.06004108985370437
0.05998905298099788
0.05964371737121846
0.05966737049517595
0.059445031129975505
0.05932203488539653
0.05962006424726096
0.05971940736788244
0.059596411123303474
0.05936934113331152
0.05921796113998356
0.0594544923795585
0.05950652925226499
0.05968629299434195
0.06006001235287037
0.06059457295430974
0.05959168049851197
0.059445031129975505
0.05945922300435
0.05923688363914955
0.05995593860745739
0.059795097364546426
0.05958694987372047
0.060149894223908845
0.06025396796932182
0.06025396796932182
0.060149894223908845
0.06007420422724486
0.060050551103287365
0.059932285483499895
0.059965399857040386
