0.0
0.0
0.0
0.0
0.0
0.0
0.0
0.0
0.0
0.0
0.0
0.0
0.0
0.0
0.0
0.0
0.0
0.0
0.0
0.0
2.8383748748993554e-05
2.8383748748993554e-05
2.8383748748993554e-05
0.00014191874374496779
0.00014191874374496779
0.00015137999332796563
0.00015137999332796563
0.00015137999332796563
0.00016084124291096348
0.00016084124291096348
0.00016084124291096348
0.00016084124291096348
0.00016084124291096348
0.00016084124291096348
0.00016084124291096348
0.00016084124291096348
0.0002365312395749463
0.00032168248582192696
0.00032168248582192696
0.0004730624791498926
0.0005676749749798711
0.0003784499833199141
0.0005629443501883722
0.0006244424724778583
0.0007427080922653314
0.000832589963303811
0.0008988187103847959
0.0010975049516277508
0.0011684643235002348
0.001281999318496209
0.001272538068913211
0.001527991807654153
0.001480685559739164
0.0016415268026501273
0.0025687292617839167
0.0027816073774013686
0.002866758623648349
0.002961371119478328
0.0029093342467718395
0.0031837104846787773
0.0033114373540492482
0.003401319225087728
0.003581082967164687
0.0036189279654966783
0.003581082967164687
0.004129835442978563
0.004058876071106079
0.004418403555259997
0.00449409355192398
0.0044467873040089905
0.004640742920460446
0.004640742920460446
0.004948233531907877
0.006140350979365606
0.005889627865416163
0.005870705366250167
0.006017354734786634
0.006154542853740103
0.006547184711434514
0.007460195296193807
0.007313545927657339
0.007952180274509694
0.008037331520756676
0.008491471500740573
0.008690157741983527
0.008444165252825583
0.01118319700710346
0.011306193251682433
0.011608953238338365
0.011826561978747315
0.011798178229998322
0.011954288848117786
0.012001595096032776
0.012261779459565216
0.013113291922035022
0.014101992503458298
0.014414213739697227
0.014650744979272174
0.014693320602395664
0.017408699232716048
0.017366123609592558
0.017276241738554077
0.015738788681316927
0.016140891788594337
0.017068094247728125
0.018425783562888317
0.018435244812471316
0.018340632316641337
0.01943813726826909
0.01911172415765566
0.020204498484491913
0.023023950860225274
0.022082556526716986
0.021249966563413176
0.021065472196544716
0.020980320950297737
0.021188468441123688
0.021302003436119665
0.021519612176528615
0.02221028339608746
0.02232854901587493
0.02264077025211386
0.023014489610642275
0.023265212724591717
0.023317249597298206
0.02127835031216217
0.02140607718153264
0.02320844522709373
0.02325102085021722
0.022527235257117886
0.022494120883577395
0.02330778834771521
0.023402400843545185
0.023634201458328636
0.023482821465000667
0.02343551521708568
0.02344497646666868
0.02238531651337292
0.022527235257117886
0.026898332564462894
0.027078096306539852
0.02725786004861681
0.02717743942716133
0.02532776513368525
0.025247344512229767
0.02541764700472373
0.025838672611167134
0.025909631983039617
0.02612251009865707
0.02634958008864902
0.02647257633322799
0.02677533631988392
0.02700713693466737
0.027082826931331353
0.027078096306539852
0.02700240630987587
0.027253129423825313
0.027229476299867817
0.027276782547782808
0.02721528442549332
0.02734774191965529
0.02805260501358863
0.028114103135878116
0.02827494437878908
0.02845943874565754
0.029083881218135398
0.028970346223139425
0.02902711372063741
0.029627903069157774
0.029713054315404754
0.03043683990850409
0.030503068655585074
0.029703593065821758
0.028965615598347923
0.029150109965216383
0.02915957121479938
0.029150109965216383
0.03017192492018015
0.03034695803746561
0.030290190539967624
0.03042264803412959
0.030545644278708567
0.030706485521619527
0.030640256774538546
0.031089666129730943
0.03144919361388486
0.03162895735596182
0.031728300476583295
0.031775606724498286
0.03188441109470276
0.03254669856551261
0.032433163570516635
0.0321682485821927
0.03240477982176764
0.03242370232093364
0.032215554830107684
0.03241897169614214
0.03242843294572514
0.03204052171282223
0.03204998296240522
0.032565621064678606
0.03289676480008353
0.03277376855550456
0.03321371666111396
0.03331305978173544
0.03366785664109786
0.034159841619413746
0.03445787098127818
0.03448625473002717
0.03550333906019944
0.03562633530477841
0.0356689109279019
0.035825021546021366
0.03600478528809833
0.0361183202830943
0.03626023902683927
0.036364312772252244
0.036799530253070145
0.03690833462327462
0.037324629604926524
0.03730570710576053
0.03642581089454173
0.03629808402517126
0.03544657156270145
0.035839213420395866
0.03509650532813053
0.034330144111907705
0.033336712905692935
0.03351174602297839
0.03368677914026385
0.03366312601630636
0.03399900037650278
0.03439164223419719
0.03505392970500704
0.03517692594958601
0.03519584844875201
0.036837375251402134
0.0369934858695216
0.037239478358679544
0.037457087099088494
0.037537507720543976
0.03748074022304599
0.03766523458991445
0.03843632643092877
0.0378828433303234
0.037906496454280895
0.037892304579906395
0.038327522060724296
0.038261293313643314
0.038431595806137274
0.03845997955488627
0.03867758829529522
0.03813356644427284
0.03765104271553995
0.03783080645761691
0.03791122707907239
0.03813829706906434
0.03813829706906434
0.0382991383119753
0.03845997955488627
0.03900873203070014
0.03887154391174667
0.03925945514464959
0.03946760263547554
0.039453410761101045
0.03972778699900798
0.039524370132973524
0.039723056374216484
0.04004000823524691
0.04003054698566391
0.04020558010294937
0.04012989010628539
0.03999270198733192
0.04102870881667019
0.041298354429785626
0.04021977197732387
0.04057456883668629
0.04074487132918025
0.040848945074593225
0.041000325067921194
0.04237220625745588
0.04295407310681025
0.04332779246533866
0.04338929058762815
0.04336090683887916
0.04329467809179817
0.042580353748281834
0.04261819874661382
0.044340146170719436
0.04470440427966485
0.04466655928133286
0.04484159239861832
0.04482266989945232
0.0383180608111413
0.03865393517133772
0.03867285767050372
0.038819507039040184
0.03906549952819813
0.03911280577611312
0.03948179450985004
0.039354067640479565
0.03955748450651402
0.03947706388505854
0.03900873203070014
0.039136458900070614
0.03951017825859903
0.03960952137922051
0.03952910075776503
0.0396284438783865
0.03954802325693102
0.04045630321689882
0.040777985702720745
0.040848945074593225
0.039472333260267035
0.039453410761101045
0.03950544763380753
0.039420296387560554
0.039131728275279117
0.03944394951151804
0.03950544763380753
0.039571676380888515
0.039486525134641536
0.03910807515132162
0.039150650774445114
0.03960952137922051
0.03934933701568807
0.0396284438783865
0.039486525134641536
0.03888573578612117
0.03894723390841066
0.03880531516466569
0.03872016391841871
0.03845051830530327
0.038426865181345776
0.03850255517800976
0.0387390864175847
0.039018193280283144
0.03955275388172252
0.03986024449316995
0.04070702633084826
0.04111386006291717
0.04118481943478965
0.04126050943145363
0.041000325067921194
0.03993120386504243
0.03990282011629344
0.040125159481493894
0.03995485698899993
0.040125159481493894
0.040006893861706416
0.0400873144831619
0.04011569823191089
0.04048468696564781
0.04060768321022678
0.04072121820522275
0.04091044319688271
0.04078271632751224
0.04077325507792924
0.041435542548739095
0.041653151289148045
0.041870760029556996
0.041856568155182496
0.04180926190726751
0.04172884128581203
0.04149231004623708
0.041738302535395025
0.04154907754373507
0.04188022127913999
0.041856568155182496
0.041837645656016505
0.0414166200495731
0.042173520016212926
0.04244789625411986
0.042514125001200845
0.04311018372492971
0.043015571229099735
0.04325683309346618
0.04172884128581203
0.042977726230767746
0.04336090683887916
0.045603222990049645
0.04591071360149708
0.04592490547587157
0.04596275047420356
0.04590125235191408
0.04610939984274003
0.04576879485775211
0.0457971786065011
0.04592963610066307
0.046222934837736006
0.04611886109232303
0.04609520796836553
0.046137783591489026
0.04614724484107202
0.04614724484107202
0.046591923571472925
0.046677074817719905
0.04671965044084339
0.04721636604395078
0.04695145105562684
0.0471359454224953
0.047334631663738254
0.04741032166040224
0.04764212227518568
0.048432136615366
0.04829494849641253
0.04829967912120404
0.04811518475433558
0.04740559103561074
0.04722109666874228
0.04786446164038613
0.04784080851642864
0.048242911623706045
0.04863555348140046
0.04860243910785997
0.04863082285660896
0.04854094098557048
0.04853147973598748
0.04854567161036198
0.04858351660869397
0.04866866785494095
0.0489051990945159
0.04863555348140046
0.04861663098223446
0.04854094098557048
0.048427405990574504
0.04863082285660896
0.04822871974933155
0.04828548724682954
0.04793542101225862
0.04808207038079509
0.04764212227518568
0.047632661025602686
0.047415052285193736
0.047244749792699776
0.047183251670410285
0.04661557669543042
0.04656353982272393
0.0466865360673029
0.04544238174713868
0.04591544422628858
0.04586813797837359
0.04620401233857001
0.04606209359482504
0.046043171095659044
0.046057362970033544
0.04591071360149708
0.045905982976705575
0.04595328922462057
0.046019517971701555
0.0457971786065011
0.04569783548587963
0.04576879485775211
0.045872868603165085
0.046809532311881875
0.04673857294000939
0.04687576105896286
0.04681899356146487
0.04675276481438389
0.046748034189592384
0.046894683558128855
0.047618469151228186
0.04730151729019776
0.04727786416624027
0.04725421104228277
0.04772727352143266
0.047599546652062195
0.04766577539914318
0.04779350226851365
0.04774146539580716
0.04772727352143266
0.04761373852643669
0.046861569184588364
0.04690414480771185
0.04677641793834138
0.046222934837736006
0.04592490547587157
0.04598640359816106
0.045801909231292605
0.04584921547920759
0.04559849236525815
0.045655259862756134
0.04578298673212661
0.0457971786065011
0.045740411109003114
0.0457971786065011
0.046142514216280524
0.04645000482772795
0.046539886698766436
0.046710189191260396
0.04706971667541431
0.04685683855979686
0.04665815231855391
0.04689941418292035
0.046979834804375835
0.046610846070638916
0.04651150295001744
0.04672911169042639
0.04685683855979686
0.047031871677082324
