0.0
0.00017030249249396133
0.00014191874374496779
0.00017030249249396133
0.00017030249249396133
0.00017030249249396133
0.00017030249249396133
0.00017030249249396133
0.00017030249249396133
0.00057240559977137
0.0008042062145548174
0.0025971130105329103
0.0027390317542778783
0.002871489248439848
0.0034297029738367215
0.003439164223419719
0.004413672930468498
0.004413672930468498
0.004787392288996913
0.005970048486871645
0.007805530905973228
0.007881220902637211
0.00933825333841888
0.010795285774200549
0.010866245146073032
0.01122577263022695
0.01127307887814194
0.011481226368967893
0.012096207591862754
0.011476495744176394
0.012479388199974167
0.01127307887814194
0.011310923876473932
0.010563485159417102
0.01021341892484618
0.01075271015107706
0.011112237635230978
0.008340091507412606
0.00868069649240053
0.009082799599677938
0.008732733365107017
0.007805530905973228
0.008775308988230509
0.008846268360102992
0.009901197688607252
0.009499094581329843
0.010194496425680186
0.010374260167757145
0.015469143068201487
0.016424729276084273
0.01268280506600862
0.01343970503264845
0.014598708106565685
0.015204228079877547
0.0158570543011044
0.01668964426440821
0.01369515877138939
0.014385829990948234
0.01656664801982924
0.012559808821429649
0.012398967578518685
0.012346930705812198
0.012607115069344638
0.014461519987612217
0.015719866182150932
0.016188198036509324
0.015611061811946455
0.017034979874187634
0.02453775079350493
0.02295772211314429
0.020417376600109366
0.023856540823529084
0.028464169370449037
0.028776390606687966
0.029178493713965376
0.029386641204791328
0.030588219901832057
0.03176614547491529
0.034467332230861174
0.03576825404852338
0.03723001710909655
0.03827548518801781
0.03892358078445316
0.03947706388505854
0.03815721956823034
0.04189914377830599
0.040986133193546694
0.043181143096802196
0.04346024995950063
0.049165383458048335
0.043218988095134185
0.04532411612735121
0.04814356850308457
0.05292149954249849
0.05312491640853294
0.04416511305343397
0.044562485535919884
0.04497878051757179
0.04592490547587157
0.04157273066769256
0.04220190376496192
0.04088679007292522
0.044661828656541364
0.047821886017262644
0.04849363473765549
0.049212689705963326
0.05025342716009309
0.05075487338799198
0.052424783939391095
0.05357905638851684
0.05312491640853294
0.048039494757671594
0.050324386531965574
0.05315803078207343
0.05392439199829626
0.05446368322452713
0.05107182524902241
0.049080232211801356
0.05751966683983544
0.05827656680647527
0.06004582047849587
0.061077096683042634
0.062169871009878884
0.061526506038235035
0.06574149272746058
0.06578879897537557
0.06666396456180286
0.06879274571797739
0.07084110625269642
0.06507447463185922
0.0669336101749183
0.06876909259401989
0.06944557193920424
0.06948341693753622
0.06593544834391203
0.06461087340229234
0.06669234831055186
0.06962060505648969
0.07065188126103646
0.0713141687318463
0.07296988740887093
0.07370313425155327
0.07638539850833316
0.07200483995140515
0.07421404172903515
0.06371678531669904
0.06420877029501493
0.06662138893867937
0.0700510919125161
0.07205687682411165
0.07276647054283648
0.07361325238051479
0.0758035316589788
0.08362798506411802
0.08607844870611446
0.08818830736312298
0.09070499975220041
0.09394547773437717
0.09620671638471366
0.09817465629797721
0.101292138035575
0.10328373107279605
0.10560173722063053
0.10568215784208601
0.10674654842017327
0.10945719642570215
0.1092348570605017
0.11042224388316793
0.10226664674262378
0.10363852793215847
0.10546454910167706
0.10731895401994464
0.10801435586429498
0.10050212369539469
0.10153339989994145
0.10149555490160946
0.10199227050471685
0.10550239410000904
0.10666612779871779
0.10759333025785157
0.10805693148741846
0.10852053271698536
0.10982618515943907
0.11076284886815585
0.11226245692706101
0.11265036815996393
0.11287743814995588
0.112300301925393
0.11326534938285879
0.11393236747846014
0.11356810936951471
0.1136532606157617
0.11423985808990757
0.1123523387980995
0.11414051496928608
0.11596180551401318
0.110119483896512
0.11134471571751023
0.11204484818665206
0.11299097314495185
0.10963696016777912
0.10987349140735406
0.10972684203881759
0.10882802332843279
0.10785351462138401
0.1092443183100847
0.10822250335512093
0.10840699772198939
0.10853472459135986
0.10990660578089455
0.10976468703714957
0.11039386013441893
0.11255575566413395
0.11260306191204894
0.11544143678694829
0.11574419677360423
0.11354918687034872
0.11364852999097019
0.1135917624934722
0.11431081746178005
0.10717703527619966
0.10666612779871779
0.10330265357196204
0.10390344292048241
0.10626402469144038
0.10729530089598714
0.1074608727636896
0.10841645897157239
0.1074561421388981
0.10783932274700951
0.10900778707050975
0.10941935142737017
0.10939569830341267
0.110128945146095
0.1101336757708865
0.11309504689036483
0.11502041118050489
0.11505352555404538
0.11642540674358007
0.1167328973550275
0.11564958427777425
0.11433920121052904
0.11484537806321943
0.11549347365965477
0.1162834879998351
0.11355391749514022
0.1127970175285004
0.1136769137397192
0.11335996187868877
0.11357757061909772
0.11467980619551696
0.1154177836629908
0.11681331797648298
0.11811897041893668
0.11912186287473446
0.1202382903255282
0.12178047400755686
0.12171424526047586
0.12238126335607721
0.12275025208981413
0.12304355082688706
0.12449112201308574
0.12448639138829423
0.1251202951103551
0.12520071573181057
0.1264732538007238
0.12662463379405176
0.12666720941717524
0.12520071573181057
0.12587719507699494
0.1269273937807077
0.12746668500693856
0.127802559367135
0.12794920873567145
0.12921228555500167
0.12971373178290055
0.12986038115143703
0.13013475738934396
0.13116603359389073
0.1312417235905547
0.13027667613308894
0.1303097905066294
0.129954993647267
0.13048482362391486
0.13113764984514173
0.13153975295241913
0.1320648523042755
0.1316674798217896
0.13245749416196992
0.13056524424537036
0.13097680860223077
0.13140256483346566
0.13067404861557483
0.13110453547160122
0.13070243236432383
0.13134579733596768
0.13074973861223882
0.13135998921034217
0.13185670481344958
0.13161544294908312
0.13123699296576322
0.13114238046993323
0.13243384103801242
0.13141675670784017
0.13146879358054667
0.1312653767145122
0.1303902111280849
0.13077812236098782
0.13021044738600793
0.13074500798744731
0.1309153104799413
0.129954993647267
0.13044697862558288
0.12982726677789652
0.1294866617929086
0.12974211553164955
0.12955289053998958
0.13136471983513368
0.13050847674787236
0.13047536237433188
0.13062674236765984
0.13104776797410325
0.1307923142353623
0.1303334436305869
0.12940151054666163
0.12895683181626072
0.12763698749943253
0.1109899188581478
0.11065877512274287
0.11089057573752632
0.1109709963589818
0.11282540127724938
0.11283486252683238
0.1127639031549599
0.11178939444791113
0.11249425754184446
0.11264090691038092
0.11216784443123104
0.11289636064912187
0.11285378502599838
0.11250844941621896
0.11238545317163999
0.11288216877474737
0.11288216877474737
0.11252737191538495
0.11241383692038898
0.1118603538197836
0.11270240503267041
0.11277809502933439
0.1118745456941581
0.1114393282133402
0.11155286320833617
0.11220095880477153
0.11243275941955498
0.11197388881477958
0.11295785877141136
0.11346876624889324
0.11349241937285073
0.11402224934949862
0.11463723057239347
0.114537887451772
0.11369583623888518
0.11388506123054515
0.11382829373304716
0.11557862490590176
0.11731476420438186
0.11794393730165123
0.11772632856124228
0.11644905986753756
0.11633079424775009
0.11559754740506775
0.11431554808657154
0.11428243371303105
0.1144858505790655
0.11419728246678408
0.11459465494926999
0.11502514180529638
0.11491633743509191
0.11509610117716887
0.11547455116048878
0.114509503703023
0.11343565187535275
0.11351134187201672
0.11417362934282659
0.11381883248346417
0.11386613873137914
0.11399859622554112
0.1136059543678467
0.11328900250681628
0.11338834562743776
0.11261725378642343
0.11225299567747801
0.11225299567747801
0.11213946068248204
0.10975049516277509
0.10924904893487619
0.10943827392653616
0.10852526334177687
0.1083549608492829
0.10892736644905426
0.10934839205549768
0.1083596914740744
0.10712026777870168
0.10707296153078669
0.10682223841683725
0.1061221059476954
0.10606533845019742
0.10565377409333701
0.10495364162419517
0.1053178997331406
0.1043906972740068
0.10402643916506138
0.10456573039129226
0.10460357538962425
0.10474076350857772
0.10565377409333701
0.10360068293382647
0.10299516296051461
0.1030945060811361
0.10277755422010566
0.10295731796218263
0.10211526674929582
0.10180777613784839
0.10133471365869849
0.1017131636420184
0.10229503049137277
0.10209634425012983
0.10180304551305688
0.1013536361578645
0.10139621178098798
0.10209634425012983
0.10255994547969671
0.10275863172093967
0.10189292738409536
0.10188819675930387
0.10159962864702243
0.10204903800221483
0.10245587173428373
0.10246533298386674
0.1021814954963768
0.1008711124291316
0.10011421246249178
0.10075284680934413
0.10023247808227924
0.09996756309395531
0.0995512681123034
0.09978306872708685
0.10015205746082376
0.10020409433353025
0.10015205746082376
0.09966480310729937
0.09976887685271235
0.09924377750085597
0.09917754875377498
0.09901197688607252
0.09887951939191056
0.09878017627128907
0.09860041252921212
0.09827399941859868
0.09652839887053559
0.09694469385218749
0.096892656979481
0.09541670204453334
0.09461249582997852
0.09350552962876778
0.0929473159033709
0.09286689528191541
0.09272024591337895
0.09260671091838298
0.09281485840920893
0.09282431965879193
0.09250263717297
0.09224718343422905
0.09216676281277357
0.09245060030026352
0.0929142015298304
0.09318384714294585
0.09313654089503086
0.09327372901398433
0.09332576588669081
0.09406374335416465
0.09399751460708367
0.09354810525189126
0.09300408340086888
0.09345822338085279
0.09333049651148231
0.09316965526857135
0.0933494190106483
0.09368529337084473
0.09351972150314226
0.09396440023354317
0.09445638521185906
0.0942718908449906
0.09377990586667471
0.09328319026356732
0.09300881402566039
0.092540482171302
0.09189238657486663
0.09173154533195567
0.09102668223802234
