0.0
0.0
0.0
0.0
0.0
0.0
0.0
0.0
0.00011353499499597422
0.00011353499499597422
0.00011353499499597422
0.00015611061811946457
0.001726678048897108
0.0018969805413910693
0.002176087404089506
0.0022139324024214972
0.0027059173807373856
0.0034628173473772138
0.0034628173473772138
0.0035952748415391837
0.003973724824859098
0.0040021085736080915
0.004550861049421967
0.004692779793166934
0.003439164223419719
0.003879112329029119
0.004323791059430019
0.0056105210027177265
0.0056105210027177265
0.006244424724778582
0.00625388597436158
0.00713378218558038
0.00700605531620991
0.007237855930993357
0.007559538416815284
0.007720379659726247
0.007758224658058238
0.008893574608017981
0.00995796518610524
0.009967426435688237
0.010535101410668109
0.010629713906498087
0.010431027665255131
0.01193536634895179
0.01171302698375134
0.01224285696039922
0.01426756437116076
0.01510961558404757
0.01669910551399121
0.012148244464569241
0.012479388199974167
0.014901468093221617
0.015289379326124529
0.015232611828626542
0.01573405805652543
0.01651934177191425
0.01665179926607622
0.017730381718537976
0.017560079226044013
0.018979266663493692
0.019802395377214503
0.02162368592194159
0.02263603962732236
0.024059957689563538
0.026595572577806963
0.028043143764005633
0.0255453738740942
0.02602789760282709
0.027489660663400257
0.030592950526623554
0.032447355444891135
0.033185332912364966
0.0330292222942455
0.033980077877336784
0.034060498498792266
0.03561214343040391
0.03603789966163882
0.03659138276224419
0.0378686514559489
0.03937299013964556
0.03941083513797755
0.039235802020692094
0.04224921001287691
0.0431574899728447
0.04391912056427603
0.043767740570948066
0.04521058113235524
0.04550861049421967
0.04660138482105592
0.04681899356146487
0.04879639472431142
0.048427405990574504
0.046610846070638916
0.04785973101559463
0.04940664532241478
0.050712297764868484
0.05044738277654455
0.04980874842969219
0.05136039336130384
0.05481374945909805
0.05608155690321977
0.05625185939571373
0.0510954783729799
0.05175303521899825
0.04940664532241478
0.049889169051147673
0.0511049396225629
0.0506460690177875
0.05117116836964388
0.05270389080208954
0.053768281380176794
0.05628024314446272
0.056620848129450646
0.05775146745461889
0.057496013715877946
0.05805895806606632
0.0603438498403603
0.06219352413383638
0.06380666718773752
0.06399589217939747
0.06378301406378002
0.06160692665969052
0.06110548043179163
0.06287473410381222
0.06382085906211202
0.06510758900539972
0.06661665831388788
0.06732625203261272
0.06716068016491025
0.06885424384026687
0.07000378566460111
0.07012678190918008
0.07032073752563153
0.07191495808036667
0.07195280307869867
0.07407212298529019
0.07468710420818504
0.07550077167232286
0.07561430666731883
0.07728894784350945
0.0775302097078759
0.07832022404805622
0.07781877782015734
0.07779039407140834
0.07774308782349335
0.07764847532766338
0.07802692531098329
0.07806003968452378
0.0762245572654222
0.07720852722205397
0.07824453405139224
0.07727475596913495
0.0775018259591269
0.07774308782349335
0.07787081469286382
0.07773362657391035
0.07856621653721417
0.07718014347330497
0.07721325784684548
0.07421877235382665
0.07336725989135684
0.07262928242388302
0.07261035992471701
0.07258670680075952
0.07342875801364633
0.07316384302532239
0.07389235924321322
0.0731354592765734
0.07411942923320518
0.07459249171235506
0.0753446610542034
0.07570418853835731
0.07607317727209423
0.07676857911644457
0.07683007723873406
0.07560011479294433
0.07581772353335328
0.07633336163562666
0.07511759106421145
0.0735754073821828
0.07412889048278817
0.07384505299529824
0.07256305367680202
0.07252047805367853
0.07276647054283648
0.07297934865845393
0.07326791677073537
0.07198591745223916
0.07278539304200247
0.07328683926990136
0.07302192428157742
0.07345714176239532
0.07353283175905931
0.07380247737217474
0.07383559174571523
0.07520274231045843
0.07560011479294433
0.07621982664063069
0.07306923052949241
0.07420931110424366
0.07542981230045037
0.0757704172854383
0.07581299290856179
0.07731260096746695
0.07686319161227455
0.07694361223373003
0.07700511035601952
0.07767212845162087
0.07799854156223429
0.0783959140447202
0.07776201032265935
0.07767212845162087
0.0788595152742871
0.07919065900969202
0.0796921052375909
0.08027397208694527
0.08021720458944728
0.07993336710195735
0.08096937393129562
0.0814992039079435
0.07466345108422755
0.07564269041606783
0.0757136497879403
0.07354702363343381
0.07082218375353042
0.07251574742888704
0.07339564364010584
0.07304084678074342
0.07101613936998188
0.0708978737501944
0.07116278873851835
0.07120536436164183
0.07109182936664586
0.07255832305201053
0.07254886180242753
0.07238328993472506
0.07144662622600828
0.07187238245724319
0.07250628617930403
0.07126686248393133
0.07018828003146957
0.06924688569796128
0.0695638375589917
0.07059511376353847
0.07148920184913177
0.07154596934662975
0.07100667812039888
0.07142297310205079
0.07170207996474923
0.07161219809371074
0.07193861120432417
0.07165950434162573
0.07166896559120874
0.07165950434162573
0.07129051560788882
0.07014570440834607
0.06964898880523869
0.0700227081637671
0.06982402192252415
0.06986186692085614
0.06973414005148566
0.06972467880190267
0.07017881878188657
0.07051469314208299
0.0709120656245689
0.0713141687318463
0.0713520137301783
0.07123847873518233
0.07189130495640918
0.072676588671798
0.07231233056285258
0.07207106869848613
0.07239275118430806
0.07165004309204273
0.07172100246391522
0.07183453745891119
0.07151285497308926
0.07200957057619665
0.07165004309204273
0.07113913561456085
0.07062349751228747
0.0700747450364736
0.0695638375589917
0.06954491505982571
0.06949760881191072
0.07036804377354652
0.07012678190918008
0.0704342725206275
0.07143716497642529
0.07112021311539485
0.07128105435830581
0.07246371055618055
0.07200010932661366
0.07200483995140515
0.07203795432494564
0.07198118682744765
0.07262455179909151
0.07273335616929599
0.07210891369681813
0.07194807245390716
0.07188657433161769
0.07230759993806109
0.07328210864510987
0.07328210864510987
0.07374570987467675
0.0744600342181931
0.07402954736216669
0.0740058942382092
0.07393966549112821
0.07361798300530628
0.07371259550113626
0.07331522301865036
0.07300773240720293
0.07295096490970494
0.07319222677407139
0.07344294988802083
0.0735375623838508
0.07461141421152107
0.07410050673403917
0.0743985360959036
0.07405793111091569
0.07418092735549466
0.07435122984798861
0.07381193862175774
0.07380720799696625
0.0731449205261564
0.07304084678074342
0.07301719365678593
0.07311180615261591
0.07296515678407943
0.07275227866846198
0.07230286931326958
0.07226502431493759
0.07167369621600023
0.07145135685079979
0.07126213185913982
0.07101140874519038
0.07142770372684229
0.07068026500978546
0.07077487750561544
0.07059038313874698
0.07067080376020246
0.06996121004147762
0.06865555759902392
0.06857986760235993
0.06843321823382346
0.06829129949007849
0.0683007607396615
0.0682818382404955
0.0683007607396615
0.06814938074633353
0.06846160198257245
0.06823926261737201
0.06902927695755233
0.0691380813277568
0.06907185258067582
0.06713702704095276
0.06764320389364314
0.06749655452510668
0.06680115268075633
0.06681061393033934
0.06684372830387983
0.06669707893534335
0.06666869518659436
0.06648893144451741
0.06611521208598899
0.06584083584808205
0.06502716838394423
0.06420403967022342
0.06360798094649456
0.06206106663967441
0.06259562724111378
0.06270916223610977
0.06262874161465429
0.06193807039509544
0.06171100040510349
0.061077096683042634
0.06110074980700013
0.061025059810336145
0.06110074980700013
0.060821642944301695
0.0603438498403603
0.060334388590777305
0.06076487544680371
0.060235045470155825
0.06019246984703233
0.059274728637481545
0.05927945926227304
0.05905238927228109
0.059090234270613086
0.05869759241291867
0.058688131163335676
0.058640824915420685
0.05831441180480726
0.05821033805939428
0.05802584369252583
0.05841375492542874
0.058205607434602784
0.058167762436270795
0.05800219056856833
0.05822452993376878
0.05824345243293478
0.05810626431398131
0.05809680306439831
0.057935961821487345
0.05797853744461084
0.05789338619836386
0.05745343809275446
0.05745816871754596
0.05811099493877281
0.0581583011866878
0.05879220490874865
0.05875909053520816
0.058773282409582656
0.05880166615833165
0.058872625530204135
0.05876855178479116
0.05839010180147124
0.058219799308977284
0.058304950555224264
0.05938353300768602
0.05921796113998356
0.05919903864081756
0.0585982492922972
0.05863609429062919
0.05849417554688422
0.05847998367250972
0.05882058865749765
0.05866920866416968
0.05842794679980323
0.058035304942108824
0.05748182184150345
0.05743451559358846
0.05747709121671195
0.057415593094422464
0.057292596849843495
0.057245290601928504
0.05704187373589405
0.056843187494651094
0.05688576311777459
0.05664923187819964
0.05629916564362872
0.056270781894879725
0.05609574877759427
0.055915985035517306
0.05589706253635131
0.05539088568366093
0.05499824382596651
0.05498878257638352
0.055026627574715506
0.05442583822619514
0.05450152822285913
0.054544103845982614
0.05450152822285913
0.055059741948256
0.054809018834306555
0.05476644321118307
0.05458667946910611
0.05456775696994011
0.054241343859326684
0.053971698246211244
0.05382031825288328
0.05452991197160812
0.05456775696994011
0.05436434010390566
0.05427918885765868
0.05468129196493609
0.054742790087225573
0.054790096335140565
0.054544103845982614
0.054321764480782166
0.054066310742041226
0.05495093757805152
0.055040819449090006
0.055050280698673
0.055296273187830945
0.05520639131679247
0.05563687817281887
0.055797719415729835
0.05561795567365287
0.05511650944575399
0.0550550113234645
0.05490363133013654
0.05489890070534504
0.05438326260307166
0.0541751151122457
0.05387235512558977
0.053919661373504756
0.05365947700997232
0.05347498264310386
0.053678399509138316
0.05317222265644793
0.05300665078874547
0.05273700517563003
0.05260454768146806
0.05260454768146806
0.051781418967747246
0.05165842272316827
0.05221663644856515
0.05204633395607118
