0.0
0.0
0.0
0.0
0.00011353499499597422
0.00011353499499597422
0.00011353499499597422
0.00011353499499597422
0.00011353499499597422
0.00011353499499597422
0.00030275998665593127
0.00034060498498792265
0.00034060498498792265
0.00034060498498792265
0.0007190549683078368
0.0007285162178908346
0.001159003073917237
0.0013624199399516906
0.0013908036887006843
0.0013908036887006843
0.0013908036887006843
0.0014286486870326756
0.0015752980555691423
0.002251777400753489
0.002251777400753489
0.00224704677596199
0.0022754305247109836
0.0022754305247109836
0.002351120521374966
0.002351120521374966
0.0025214230138689278
0.0025403455130349234
0.002691725506362889
0.0029187954963548375
0.0029187954963548375
0.002956640494686829
0.0030275998665593128
0.0032262861078022676
0.0034202417242537235
0.003467547972168713
0.002355851146166465
0.002625496759281904
0.0025403455130349234
0.00325940048134276
0.003268861730925758
0.0032877842300917536
0.003325629228423745
0.003453356097794216
0.0038980348281951152
0.003202632983844773
0.004191333565268049
0.003264131106134259
0.004077798570272074
0.004678587918792438
0.008552969623030059
0.008798962112188002
0.009054415850928945
0.009376098336750871
0.010246533298386673
0.01246519632559967
0.012853107558502582
0.013226826917030997
0.012957181303915558
0.013297786288903482
0.01347755003098044
0.013912767511798341
0.014177682500122281
0.014660206228855171
0.015923283048185386
0.01990646912262748
0.020076771615121444
0.020247074107615403
0.025933285106997113
0.026188738845738056
0.026330657589483022
0.027418701291527774
0.028435785621700044
0.028464169370449037
0.028577704365445013
0.023813965200405594
0.024116725187061525
0.024438407672883453
0.02408834143831253
0.024216068307683
0.024561403917462424
0.02264077025211386
0.023970075818525057
0.023889655197069575
0.023818695825197092
0.024216068307683
0.021727759667354567
0.021793988414435552
0.0211317009436257
0.021377693432783645
0.022371124638998423
0.023766658952490603
0.02409780268789553
0.02435798705142797
0.02537507138160024
0.02527572826097876
0.025356148882434242
0.02546022262784722
0.025621063870758184
0.02581975011200114
0.025942746356580112
0.026212391969695548
0.02656245820426647
0.02681791194300741
0.027395048167570282
0.02792014751942666
0.02444313829767495
0.02185548653672504
0.021519612176528615
0.02167099216985658
0.022025789029219
0.0229056852404378
0.023951153319359063
0.024220798932474502
0.024343795177053474
0.02493039265119934
0.030583489277040556
0.03047468490683608
0.03090990238765398
0.031108588628896938
0.031472846737842355
0.03176614547491529
0.03201686858886473
0.03206417483677972
0.032177709831775696
0.03237166544822715
0.034396372858988694
0.03465655722252113
0.034855243463764084
0.03519111782396051
0.039652097002344
0.03993593448983394
0.04166261253873104
0.04243843500453687
0.042093099394757444
0.04248574125245185
0.04253304750036684
0.041832915031225
0.04255670062432434
0.04293515060764425
0.04298718748035074
0.04428810929801295
0.04509231551256776
0.04501662551590378
0.04554645549255166
0.04552280236859416
0.04648311920126845
0.0467007279416774
0.04700821855312483
0.047249480417491274
0.047296786665406265
0.050892061506945446
0.05371151388267881
0.05444949135015264
0.05486578633180454
0.05495093757805152
0.054908361954928035
0.05633701064196071
0.056488390635288675
0.056303896268420216
0.05628024314446272
0.05688576311777459
0.054861055707013044
0.05479482695993206
0.055078664447421995
0.05555645755136339
0.05572676004385735
0.05611467127676026
0.056355933141126704
0.05725002122672
0.06007420422724486
0.06012151047515985
0.06006001235287037
0.06038169483869229
0.061644771658022506
0.06469602464853931
0.06497986213602924
0.0651407033789402
0.0669525326740843
0.06717014141449325
0.06703768392033128
0.06683426705429683
0.06715121891532726
0.06718906391365925
0.0678087757613456
0.06794596388029907
0.06809261324883555
0.06822980136778901
0.0682345319925805
0.06806896012487805
0.068286568865287
0.06766212639280914
0.06753439952343866
0.0687217863461049
0.068258185116538
0.068248723866955
0.060187739222240834
0.06052834420722876
0.06049522983368827
0.06026342921890482
0.06120482355241311
0.061327819796992075
0.061696808530728994
0.061815074150516465
0.06213675663633839
0.06224083038175137
0.06227867538008336
0.06229759787924936
0.0625388597436158
0.06217460163467038
0.062065797264465906
0.06227867538008336
0.06172519227947799
0.06190495602155495
0.06199483789259343
0.0625057453700753
0.06275646848402475
0.06304030597151469
0.06393912468189948
0.06205633601488291
0.06231178975362385
0.06236382662633034
0.06424188466855542
0.06443584028500687
0.06462979590145833
0.06677749955679883
0.06701876142116528
0.06702822267074829
0.06733098265740421
0.0674397870276087
0.06684372830387983
0.0678229676357201
0.06847106323215546
0.0687359782204794
0.06882112946672637
0.06993755691752013
0.0691428119525483
0.06923742444837828
0.06955910693420021
0.06938407381691475
0.06952126193586822
0.06925161632275278
0.06898197070963734
0.06928946132108477
0.0695638375589917
0.06975779317544316
0.07014097378355458
0.07011259003480558
0.07030654565125703
0.07168788809037473
0.07225556306535459
0.07236436743555907
0.07326791677073537
0.07362744425488929
0.07360852175572329
0.0739633186150857
0.07429446235049063
0.0743985360959036
0.07437488297194611
0.07461141421152107
0.07457356921318907
0.06717960266407624
0.06532992837060017
0.06534885086976616
0.06515962587810621
0.0652116627508127
0.06593071771912053
0.06618144083306997
0.06620036333223597
0.06619090208265298
0.06638485769910443
0.06634228207598093
0.06636593519993843
0.06634228207598093
0.06637066582472993
0.06663085018826237
0.0665315070676409
0.06669707893534335
0.06662138893867937
0.06685318955346282
0.0669288795501268
0.06707552891866327
0.0673640970309447
0.06722690891199123
0.06764320389364314
0.06758170577135365
0.06864609634944091
0.06913335070296531
0.06923742444837828
0.06904819945671832
0.06945976381357873
0.06945030256399573
0.07593598915314076
0.07606371602251123
0.07724164159559446
0.07759643845495688
0.08694415304295876
0.08752128926752163
0.08696307554212476
0.08661300930755383
0.08688265492066928
0.08704349616358024
0.08716649240815921
0.08785243300292656
0.08602641183340796
0.08622982869944243
0.08624875119860842
0.08608790995569746
0.08629605744652341
0.08652785806130686
0.08660354805797084
0.0876300936377261
0.0871854149073252
0.08703403491399724
0.0872469130296147
0.0876537467616836
0.08784297175334356
0.08783824112855206
0.08789027800125855
0.08834441798124244
0.08864244734310688
0.08876071296289435
0.08899251357767779
0.08903981982559278
0.08867083109185588
0.08878436608685185
0.08833968735645094
0.08833022610686794
0.08826872798457847
0.08837280172999144
0.0885241817233194
0.08838699360436593
0.08913443232142276
0.0889830523280948
0.08918646919412926
0.08953653542870017
0.090331280393672
0.08978252791785812
0.08996702228472657
0.09038331726637848
0.09061038725637043
0.09178358220466216
0.09162747158654269
0.0916605859600832
0.0916132797121682
0.09243640842588902
0.09277228278608544
0.09281012778441743
0.09263982529192347
0.09262090279275748
0.09264455591671497
0.09267767029025546
0.09282431965879193
0.0925073677977615
0.09265401716629797
0.09254994342088499
0.09275336028691944
0.09263509466713198
0.09288108715628991
0.09344876213126979
0.09368529337084473
0.09373259961875972
0.09342983963210379
0.09351972150314226
0.09363798712292974
0.09351972150314226
0.0934109171329378
0.09404009023020715
0.09419620084832661
0.0942056620979096
0.09408266585333064
0.0938130202402152
0.09295677715295389
0.0933825333841888
0.09321696151648634
0.09299935277607739
0.09290474028024741
0.09276282153650244
0.09186873345090914
0.09175519845591316
0.09168423908404069
0.09149028346758922
0.09151866721633822
0.0916180103369597
0.09153758971550421
0.09150447534196372
0.09069553850261741
0.09073338350094941
0.09091314724302636
0.09100775973885634
0.09112129473385232
0.0911875234809333
0.09135782597342726
0.09158016533862771
0.09146663034363174
0.09138147909738475
0.09140513222134225
0.09126321347759728
0.09189711719965814
0.09193969282278162
0.09248371467380401
0.092493175923387
0.09283851153316643
0.0929236627794134
0.092464792174638
0.09249790654817851
0.09263509466713198
0.09240329405234853
0.09245060030026352
0.09240802467714002
0.09267293966546396
0.09261144154317448
0.0924789840490125
0.09270605403900445
0.09234179593005903
0.09229922030693555
0.09233233468047604
0.09219041593673107
0.09193023157319863
0.09150920596675523
0.09139567097175925
0.09221406906068856
0.09225664468381206
0.09243640842588902
0.09255940467046798
0.09240802467714002
0.09238910217797403
0.09233233468047604
0.09115440910739281
0.09132471159988677
0.09029343539534
0.09053469725970645
0.09048266038699995
0.09085164912073687
0.09086111037031987
0.09091787786781785
0.09069553850261741
0.09068134662824291
0.0911591397321843
0.09113075598343531
0.09105033536197983
0.09112129473385232
0.09096045349094135
0.09119225410572479
0.09130105847592927
0.09104560473718833
0.0911827928561418
0.09103141286281384
0.09130105847592927
0.09147136096842323
0.09144770784446574
0.0916605859600832
0.0915943572130022
0.09183561907736865
0.09186400282611765
0.09262090279275748
0.09257359654484248
0.09263509466713198
0.09245533092505501
0.09245533092505501
0.09246952279942951
0.09315546339419685
0.09320276964211184
0.09266347841588096
0.09265401716629797
0.09301354465045189
0.09346768463043578
0.09259251904400848
0.09304665902399238
0.09286689528191541
0.09259251904400848
0.09241275530193152
0.09196807657153062
0.09264455591671497
0.09257832716963398
0.0925546740456765
0.09239383280276553
0.09238910217797403
0.09234179593005903
0.092531020921719
0.09256886592005098
0.09271551528858746
0.09258305779442548
0.0920532278177776
0.09423877647145011
0.09442800146311006
0.09446111583665055
0.09414889460041162
0.09421039272270111
0.09415362522520312
0.09422458459707561
0.0942435070962416
0.09456992020685503
0.09485848831913646
0.09489633331746845
0.09497675393892394
