0.0
0.0
0.0
0.0
0.0
0.0
0.0
0.0
0.0
0.0
0.0
0.0
0.0
0.0
0.0
0.0
0.0
0.0
1.4191874374496777e-05
1.4191874374496777e-05
0.0
0.0
0.0
1.8922499165995704e-05
1.8922499165995704e-05
0.00013245749416196994
0.00013245749416196994
0.00013245749416196994
0.0006859405947673443
0.0007568999666398282
0.0007568999666398282
0.0010360068293382649
0.0011116968260022476
0.0011258887003767445
0.001343497440785695
0.0013860730639091853
0.0013860730639091853
0.0014286486870326756
0.0014854161845306627
0.001788176171186594
0.001788176171186594
0.0015185305580711552
0.001537453057237151
0.001537453057237151
0.0014428405614071724
0.001480685559739164
0.0016084124291096348
0.00211458928180002
0.002412618643664452
0.002549806762617921
0.003202632983844773
0.00330197610446625
0.0035479685936241944
0.003879112329029119
0.004233909188391539
0.014560863108233695
0.015171113706337057
0.015175844331128554
0.015365069322788511
0.01448990373636121
0.015043386836966585
0.01537453057237151
0.015573216813614465
0.015871246175478897
0.016538264271080245
0.028506744993572527
0.028856811228143448
0.028941962474390428
0.029060228094177902
0.02929675933375285
0.022465737134828398
0.022744843997526836
0.023052334608974268
0.02338820896917069
0.02436271767621947
0.024523558919130432
0.025247344512229767
0.026657070700096448
0.027272051922991307
0.026671262574470944
0.026463115083644993
0.026482037582810987
0.027253129423825313
0.021283080936953667
0.02153853467569461
0.02197375215651251
0.022144054649006473
0.023577433960830646
0.024523558919130432
0.024164031434976516
0.026316465715108525
0.02739031754277878
0.02921633871229737
0.02986916493352422
0.030285459915176123
0.030209769918512142
0.03158638173283833
0.0321351342086522
0.03179925984845578
0.03201686858886473
0.033005569170288004
0.03325156165944595
0.033677317890680854
0.03405576787400077
0.03445787098127818
0.0330481447934115
0.03297245479674751
0.032485200443223124
0.0326129273125936
0.032797421679462056
0.032698078558840576
0.032177709831775696
0.03212094233427771
0.032953532297581516
0.03404630662441777
0.035474955311450444
0.03499243158271756
0.035891250293102354
0.036345390273086246
0.036534615264746204
0.03799637832531937
0.037740924586578434
0.03800583957490237
0.036681264633282674
0.03838902018301379
0.037324629604926524
0.03760846709241646
0.03619874090454978
0.036496770266414215
0.03715905773722406
0.03468967159606162
0.0361041284087198
0.03715905773722406
0.03805314582281736
0.03845524893009477
0.038426865181345776
0.03895669515799365
0.039538562007348024
0.04038061322023483
0.040276539474821856
0.031080204880147944
0.031127511128062932
0.0312741604965994
0.031080204880147944
0.031993215464907236
0.03252304544155512
0.03267915605967458
0.03273119293238107
0.03233382044989516
0.032873111676126034
0.03272173168279807
0.03254196794072111
0.032447355444891135
0.03361581976839137
0.03386654288234081
0.034041575999626275
0.03424972349045222
0.03425445411524372
0.03440110348378019
0.03465182659772963
0.034282837863992714
0.0343490666110737
0.03452883035315066
0.0348126678406406
0.034732247219185115
0.03447206285565267
0.03462344284898064
0.03299610792070501
0.0334833622742294
0.03363474226755737
0.03413618849545625
0.03409834349712426
0.03457140597627415
0.03432068286232471
0.03462817347377214
0.03443894848211218
0.03450990785398467
0.030063120549975675
0.030252345541635632
0.030370611161423106
0.030493607406002078
0.030630795524955547
0.030673371148079037
0.03079636739265801
0.03088624926369649
0.03125050737264191
0.03148703861221685
0.031591112357629826
0.03181818234762178
0.03225339982843968
0.032310167325937666
0.03254669856551261
0.033033952919037
0.03366312601630636
0.03382396725921732
0.03382869788400882
0.03417403349378824
0.03410780474670726
0.034561944726691156
0.03501608470667505
0.035659449678318904
0.034916741586053575
0.03482685971501509
0.03468967159606162
0.03501608470667505
0.03573040905019139
0.036463655892873724
0.03705971461660259
0.037821345208033916
0.03793488020302989
0.0383038689367668
0.0391979570223601
0.03941556576276905
0.03956694575609702
0.03933041451652207
0.03939664326360306
0.039216879521526096
0.03985078324358695
0.039656827627135495
0.038951964533202155
0.039268916394232585
0.03931149201735608
0.037386127727216015
0.03735301335367552
0.03685629775056813
0.03671910963161466
0.03708809836535158
0.03625550840204777
0.0365771908878697
0.03677114650432115
0.036766415879529654
0.03709282899014308
0.03719690273555606
0.038441057055720276
0.03894250328361916
0.039018193280283144
0.03911280577611312
0.03889519703570417
0.03884789078778918
0.038866813286955175
0.039037115779449134
0.03895669515799365
0.038611359548214236
0.03906549952819813
0.03889046641091267
0.038918850159661664
0.039131728275279117
0.03972778699900798
0.03984605261879545
0.03990755074108494
0.039741978873382475
0.039794015746088963
0.03973251762379948
0.039633174503178
0.03981293824525496
0.04003054698566391
0.039453410761101045
0.03905603827861513
0.03870597204404421
0.039633174503178
0.039283108268607085
0.03961425200401201
0.039723056374216484
0.03996904886337443
0.03981766887004646
0.03944868013630955
0.039604790754429006
0.039888628241918946
0.03993120386504243
0.039354067640479565
0.039571676380888515
0.039656827627135495
0.040461033841690315
0.04175249440976952
0.04191806627747199
0.04224921001287691
0.044108345555935985
0.04410361493114449
0.04408469243197849
0.04408942305676999
0.04500716426632078
0.045201119882772235
0.04500243364152928
0.045451842996721684
0.04528627112901922
0.045097046137359265
0.04532411612735121
0.04529100175381072
0.0458113704808756
0.04527680987943622
0.043356176214087654
0.04352174808179012
0.043133836848887205
0.0431622205976362
0.04301084060430824
0.043384559962836654
0.043384559962836654
0.043148028723261705
0.04304395497784873
0.04311018372492971
0.042410051255787874
0.042575623123490336
0.042410051255787874
0.04234855313349838
0.04213094439308943
0.042410051255787874
0.04250466375161785
0.04267023561932031
0.042575623123490336
0.04258508437307333
0.04236747563266438
0.04292568935806126
0.04305341622743172
0.042977726230767746
0.04302030185389123
0.04304395497784873
0.04311964497451271
0.04292568935806126
0.043200065595968194
0.043001379354725235
0.04300610997951674
0.043805585569280055
0.04373462619740757
0.04354540120574761
0.043535939956164615
0.04354540120574761
0.043436596835543136
0.043200065595968194
0.0431764124720107
0.0427364643664013
0.04276484811515029
0.04297299560597624
0.04299191810514224
0.042968264981184744
0.04290203623410376
0.04288784435972926
0.04291149748368676
0.04292568935806126
0.04303449372826573
0.042878383110146266
0.042698619368069304
0.043687319949492584
0.04330413934138117
0.0436068993280371
0.04372989557261607
0.043938043063442025
0.04398061868656551
0.04391912056427603
0.04398534931135702
0.04395223493781652
0.04389546744031853
0.04398534931135702
0.04428810929801295
0.04435433804509393
0.0449172823952823
0.04459086928466888
0.04457667741029438
0.04443475866654941
0.044340146170719436
0.04426918679884695
0.04398061868656551
0.04484159239861832
0.04480847802507783
0.04480847802507783
0.044765902401954334
0.04458613865987738
0.044713865529247845
0.04458613865987738
0.04466655928133286
0.04463817553258387
0.04461452240862637
0.04463344490779237
0.04445368116571541
0.044463142415298404
0.04465709803174986
0.04477063302674584
0.04458613865987738
0.04457667741029438
0.04453883241196239
0.044557754911128386
0.0449220130200738
0.0449220130200738
0.044959858018405796
0.04509231551256776
0.04504027863986128
0.044728057403622346
0.044765902401954334
0.044950396768822794
0.04441583616738342
0.044392183043425924
0.04436379929467693
0.044359068669885426
0.04461452240862637
0.044879437396950314
0.044846323023409816
0.04471859615403935
0.045399806124015195
0.04548022674547068
0.04562214548921564
0.04560795361484114
0.045735680484211616
0.045584300490883654
0.04531938550255971
0.04529573237860222
0.04514435238527425
0.045399806124015195
0.046019517971701555
0.04608101609399104
0.046137783591489026
0.04545657362151318
0.04530992425297671
0.04480374740028633
0.044557754911128386
0.044340146170719436
0.04445368116571541
0.04426918679884695
0.04413199867989348
0.04416984367822547
0.043923851189067525
0.04373462619740757
0.044032655559272
0.044070500557603996
0.0436068993280371
0.04344605808512614
0.043365637463670656
0.04334671496450466
0.04330413934138117
0.0431622205976362
0.0431764124720107
0.0431574899728447
0.0431622205976362
0.04302503247868273
0.04320952684555119
0.04301084060430824
0.042897305609312264
0.04287365248535477
0.042140405642672435
0.04214986689225543
0.04202687064767646
0.04196064190059547
0.04176195565935252
0.04167680441310554
0.041738302535395025
0.04158219191727556
0.04216878939142143
0.04209783001954894
0.042178250641004424
0.041922796902263484
0.04188968252872299
0.04188495190393149
0.0418660294047655
0.04181872315685051
0.041832915031225
0.041870760029556996
0.04201740939809346
0.042055254396425455
0.04205052377163395
0.04206471564600845
0.042343822508706885
0.042410051255787874
0.04209783001954894
0.04201267877330196
0.0422775937616259
0.04222082626412792
0.04240059000620487
0.04223974876329391
0.042041062522050955
0.04186129877997399
0.04203633189725946
0.0418281844064335
0.04218771189058742
0.0422634018872514
0.04213094439308943
0.04214986689225543
0.042093099394757444
0.04211202189392344
0.04210256064434044
0.04159165316685856
0.04157746129248406
0.04144027317353059
0.04111386006291717
0.04067391195730777
0.04074014070438875
0.04075433257876325
0.04048941759043931
0.04004946948482991
0.03997851011295742
0.03986970574275295
0.03927364701902408
0.039302030767773076
0.03944394951151804
0.03942975763714355
0.03939664326360306
0.03929256951819008
0.03934933701568807
0.03929256951819008
0.038441057055720276
0.038412673306971276
0.038346444559890294
0.03863028204738023
