0.0
0.0
0.0
0.0
0.0
0.0
0.0
0.00022706998999194844
0.00029802936186443236
6.149812228948603e-05
0.01652407239670575
0.016755873011489196
0.013666775022640397
0.013690428146597891
0.013690428146597891
0.01369988939618089
0.014097261878666799
0.01897453603870219
0.0189508829147447
0.01959424788638855
0.01977401162846551
0.01175560260687483
0.012630768193302132
0.012715919439549113
0.012985565052664553
0.013004487551830547
0.01251250257351466
0.013013948801413546
0.013553240027644423
0.02166153092027358
0.02303341210980827
0.024036304565606043
0.024462060796840948
0.025559565748468696
0.025403455130349233
0.02550279825097071
0.026458384458853495
0.02117427656674919
0.022659692751279856
0.023066526483348764
0.022390047138164417
0.022394777762955915
0.01727151111376258
0.020119347238244933
0.022238667144836452
0.022380585888581418
0.02250831275795189
0.021245235938621678
0.02146284467903063
0.021741951541729063
0.022016327779636
0.022144054649006473
0.02355851146166465
0.02391803894581857
0.014939313091553608
0.015171113706337057
0.015875976800270395
0.01660449301816123
0.016718028013157204
0.015421836820286498
0.015336685574039518
0.016055740542347353
0.016282810532339303
0.016358500529003287
0.016107777415053842
0.01622131241004982
0.016935636753566154
0.01831697919268384
0.01682683238336168
0.017744573592912472
0.01767361422103999
0.01783918608874245
0.0189414216651617
0.018946152289953198
0.018913037916412707
0.01916849165515365
0.02008623286470444
0.019315141023690113
0.01991119974741898
0.021344579059243154
0.02091409220321675
0.022219744645670454
0.02404576581518904
0.023667315831869127
0.024566134542253922
0.024523558919130432
0.02479793515703737
0.025223691388272275
0.026212391969695548
0.026444192584478995
0.0277498450269327
0.027806612524430688
0.029665748067489766
0.029840781184775227
0.03026653741601013
0.03235747357385265
0.032494661692806126
0.030195578044137646
0.027645771281519724
0.02822290750608259
0.02981712806081773
0.029741438064153747
0.031184278625560922
0.0299448549301882
0.02823236875566559
0.02973670743936225
0.03156272860888083
0.030488876781210577
0.03229124482677167
0.03281634417862805
0.03545130218749295
0.03648730901683122
0.03678060775390415
0.03768415708908045
0.03796326395177888
0.03791122707907239
0.038327522060724296
0.03981293824525496
0.04062187508460128
0.04131727692895162
0.04265131312015432
0.04376300994615656
0.04540453674880669
0.046142514216280524
0.0466676135681369
0.048469981613698
0.049312032826584806
0.049567486565325745
0.05044738277654455
0.050892061506945446
0.05254304955917857
0.05192333771149221
0.04907077096221836
0.04986551592719018
0.04997905092218615
0.05096775150360943
0.05167734522233427
0.05214094645190116
0.05321006765477992
0.054657638840978594
0.053195875780405424
0.05541453880761842
0.057902847447946854
0.05892939302770212
0.06065607107659923
0.05982821173808692
0.06010731860078535
0.059142271143319575
0.05892939302770212
0.04850309598723849
0.04900454221513737
0.048626092231817464
0.05003108779489264
0.050797449011115464
0.05103398025069041
0.05310126328457544
0.052978267039996474
0.05400954324454324
0.054544103845982614
0.05498878257638352
0.05514962381929448
0.05554699630178039
0.056185630648632745
0.056232936896547736
0.05661138687986765
0.05659719500549315
0.05730678872421799
0.05852728992042471
0.06104871293429364
0.06259089661632229
0.06286054222943772
0.06054253608160325
0.060220853595781325
0.05933149613497953
0.05982821173808692
0.05942610863080951
0.059629525496843964
0.060282351718070816
0.06073649169805471
0.060840565443467685
0.06131362792261758
0.05970521549350795
0.06133728104657508
0.06197118476863593
0.062472630996534814
0.06315384096651067
0.06313018784255317
0.06338564158129412
0.0625293984940328
0.06162111853406501
0.06197591539342743
0.06187184164801445
0.062472630996534814
0.06091625544013167
0.061209554177204605
0.06195699289426143
0.06199010726780193
0.06323899221275764
0.06383032031169501
0.06364109532003505
0.061985376643010424
0.06086421856742518
0.062467900371743317
0.06170153915552049
0.061961723519052936
0.06230705912883235
0.061815074150516465
0.06171573102989499
0.06155488978698403
0.06114805605491512
0.06158327353573302
0.062335442877581346
0.06272808473527576
0.06320114721442566
0.06244424724778582
0.0634424090787921
0.06638485769910443
0.06744924827719169
0.06587395022162254
0.06632335957681494
0.06805476825050355
0.06837645073632548
0.0678135063861371
0.0678276982605116
0.06818722574466551
0.06954964568461722
0.07059511376353847
0.07220352619264811
0.07290365866178995
0.07303138553116043
0.07301719365678593
0.07317803489969689
0.07371732612592777
0.0730928836534499
0.07335779864177384
0.07325372489636087
0.07404373923654119
0.07367001987801278
0.0740390086117497
0.07433230734882262
0.07432284609923963
0.07551023292190585
0.07497094169567498
0.0748337535767215
0.07517435856170944
0.07388289799363022
0.07390182049279623
0.07425188672736714
0.07436069109757162
0.0736037911309318
0.07411469860841367
0.07451680171569108
0.07455464671402308
0.07456410796360607
0.07524058730879042
0.07449787921652509
0.07480536982797252
0.07618198164229871
0.07702403285518551
0.07699564910643653
0.0801557064671578
0.08031181708527727
0.08067134456943119
0.08047738895297973
0.08050577270172872
0.08164112265168846
0.08210472388125536
0.08313126946101063
0.0836894831864075
0.08373678943432249
0.08394966754993995
0.08242167574228579
0.08286635447268668
0.08441326877950683
0.08582299496737351
0.08571419059716905
0.08580880309299901
0.0871996067816997
0.08448422815137932
0.08474441251491176
0.08404901067056142
0.08250682698853277
0.08224664262500032
0.0828237788495632
0.08320222883288311
0.08394020630035694
0.08400643504743793
0.08618252245152744
0.08638120869277038
0.08651839681172385
0.08691103866941827
0.08748817489398114
0.0872137986560742
0.08680696492400529
0.08638593931756189
0.08611629370444646
0.08627240432256592
0.0863670168183959
0.08625348182339992
0.08718068428253371
0.08910604857267378
0.08729421927752969
0.08768686113522409
0.08747398301960664
0.08825926673499546
0.08842483860269792
0.088093694867293
0.08819303798791447
0.08774835925751358
0.08797542924750552
0.08886005608351583
0.0894466535576617
0.08962641729973865
0.08914862419579726
0.08889317045705632
0.08887424795789033
0.08903981982559278
0.09053469725970645
0.09069080787782591
0.0902887047705485
0.09011840227805454
0.09017043915076103
0.09137674847259325
0.09146663034363174
0.09150447534196372
0.09126321347759728
0.09114494785780981
0.09142878534529975
0.09275809091171094
0.09362379524855524
0.09399278398229216
0.09475914519851499
0.09438069521519507
0.09105506598677132
0.09124429097843129
0.09070973037699191
0.09102668223802234
0.08836807110519994
0.08914862419579726
0.08977306666827511
0.08950342105515968
0.0893993473097467
0.08710026366107823
0.08569999872279455
0.0854681981080111
0.08553442685509208
0.08567634559883705
0.08591287683841199
0.08648528243818336
0.08648055181339187
0.08650420493734937
0.08645216806464287
0.08602641183340796
0.08584664809133101
0.08575676622029253
0.08601221995903348
0.0863670168183959
0.08689684679504377
0.08662247055713683
0.08724218240482319
0.08722799053044869
0.08719014553211671
0.08870867609018786
0.08927635106516774
0.08961222542536415
0.08953653542870017
0.08967372354765364
0.08973995229473462
0.08981564229139861
0.08995283041035208
0.08958857230140665
0.08978252791785812
0.08882694170997534
0.08930946543870823
0.08981564229139861
0.08942773105849569
0.08973995229473462
0.09093680036698386
0.09094626161656685
0.09148082221800623
0.09138620972217626
0.08975414416910912
0.08973995229473462
0.08947030668161919
0.08993390791118608
0.09005690415576506
0.09029343539534
0.09062457913074493
0.09041643163991897
0.09148555284279773
0.09157543471383621
0.09185454157653465
0.09210526469048409
0.09189711719965814
0.09187819470049215
0.09208634219131809
0.0920816115665266
0.09191130907403264
0.09195861532194763
0.0925546740456765
0.09277228278608544
0.09277701341087694
0.09213837906402458
0.09217149343756507
0.09109764160989482
0.09111183348426931
0.09106925786114582
0.09093206974219235
0.09066242412907692
0.09083272662157088
0.0907002691274089
0.09079488162323889
0.09055361975887244
0.09069553850261741
0.09128213597676328
0.09152812846592122
0.09144770784446574
0.09141932409571675
0.0916463940857087
0.09126321347759728
0.0911780622313503
0.09217149343756507
0.0925168290473445
0.09246006154984651
0.09230868155651854
0.09173154533195567
0.0916227409617512
0.09193023157319863
0.09256886592005098
0.0934109171329378
0.09341564775772929
0.09361433399897225
0.09344403150647829
0.09317438589336284
0.09308923464711587
0.09265874779108946
0.09259251904400848
0.09258305779442548
0.09265401716629797
0.092493175923387
0.09284324215795792
0.09151866721633822
0.09152812846592122
0.09198699907069662
0.09276282153650244
0.09272497653817045
0.09266347841588096
0.09266347841588096
0.09238437155318252
0.09184981095174315
0.09238910217797403
0.09176939033028766
0.0920484971929861
0.09203903594340311
0.09175046783112167
0.09194915407236462
0.0920437665681946
0.0920201134442371
0.09168896970883218
0.0916227409617512
0.09129159722634628
0.09082799599677938
0.0916369328361257
0.09172208408237267
0.0916085490873767
0.09141932409571675
0.09143351597009124
0.0916322022113342
0.09156597346425321
0.09139567097175925
0.09150920596675523
0.09138620972217626
0.09131998097509526
0.08968791542202814
0.08924323669162725
0.09015624727638653
0.09008055727972256
0.09080907349761339
0.09048266038699995
0.09057727288282993
0.09059146475720443
0.09040223976554447
0.09025085977221652
0.08976833604348362
0.08981564229139861
0.08976360541869212
0.08953653542870017
0.0893851554353722
0.0885383735976939
0.08917227731975476
0.08928581231475073
0.08981091166660711
0.08831130360770195
0.08832549548207645
0.08816938486395698
0.08795177612354803
0.088055849868961
0.08993390791118608
0.08983929541535611
0.08993390791118608
