0.0
0.0
0.0
0.0
0.0
0.0
0.0
0.0
0.0
0.0
0.0
0.0
0.0
5.676749749798711e-05
0.00022706998999194844
0.00032168248582192696
0.004423134180051496
0.004593436672545457
0.004621820421294451
0.004479901677549483
0.0045981672973369565
0.004640742920460446
0.004735355416290425
0.0048110454129544076
0.0008042062145548174
0.002105128032217022
0.0037561160844501473
0.003907496077778113
0.0044278648048429944
0.005274646642521303
0.006012624109995135
0.00621131035123809
0.006324845346234064
0.006528262212268518
0.0068452140732989455
0.00709120656245689
0.007346660301197832
0.007744032783683742
0.008037331520756676
0.008529316499072563
0.008997648353430957
0.009272024591337896
0.009409212710291364
0.010279647671927166
0.011008163889818
0.011386613873137915
0.011613683863129864
0.011836023228330312
0.012176628213318236
0.012446273826433674
0.012474657575182667
0.012621306943719135
0.012616576318927635
0.013283594414528985
0.01444732811323772
0.016415268026501274
0.02440056267455146
0.025654178244298675
0.0233409027212557
0.023979537068108056
0.03735301335367552
0.037542238345335474
0.03847417142926077
0.038833698913414684
0.039316222642147576
0.03996904886337443
0.04031911509794535
0.04112332131250016
0.04144973442311359
0.04186129877997399
0.042003217523718966
0.03519584844875201
0.03603316903684732
0.036009515912889825
0.0343537972358652
0.03470859409522762
0.035555375932905926
0.036056822160804816
0.04347444183387513
0.04477536365153734
0.04534303862651721
0.045314654877768215
0.04708390854978881
0.048001649759339605
0.048072609131212085
0.04293515060764425
0.04365893620074359
0.0422917856360004
0.04371097307345008
0.044075231182395494
0.04416984367822547
0.044898359896116305
0.04527207925464472
0.05039534590383806
0.04836590786828502
0.04673857294000939
0.0471406760472868
0.04754750977935571
0.049231612205129324
0.051516503979423305
0.051965913334615706
0.04715486792166129
0.047552240404147204
0.04762793040081119
0.04809626225516958
0.04840375286661701
0.048522018486404486
0.0493309553257508
0.05001689592051815
0.05141243023401033
0.05278904204833652
0.05321006765477992
0.05347025201831236
0.05602005878093028
0.05641743126341619
0.056923608116106576
0.057193253729222016
0.057514936215043944
0.054643446966604094
0.054894170080553535
0.055258428189498957
0.055953830033849294
0.05784607995044887
0.057727814330661396
0.05794069244627885
0.05836171805272225
0.058286028056058266
0.05830968118001576
0.05806368869085782
0.05853675117000771
0.05888208677978713
0.05830968118001576
0.05805895806606632
0.05737301747129898
0.05884424178145514
0.058787474283957156
0.05928892051185604
0.058252913682517775
0.05863136366583769
0.059189577391234566
0.05942610863080951
0.05960587237288647
0.06005528172807886
0.05914700176811107
0.05923215301435805
0.059407186131643516
0.05910442614498758
0.05865028616500369
0.058692861788127174
0.05846106117334373
0.059577488624137476
0.060272890468487814
0.06030127421723681
0.06050942170806276
0.06071283857409722
0.05985186486204441
0.06019246984703233
0.06132308917220058
0.06266658661298627
0.06284161973027173
0.06295988535005921
0.06282742785589723
0.06293623222610172
0.06374516906544803
0.06463452652624983
0.06378774468857151
0.06414254154793393
0.06418511717105743
0.0621272953867554
0.06148393041511154
0.0616542329076055
0.06193333977030394
0.06290784847735272
0.0625388597436158
0.06280850535673124
0.06243005537341133
0.0634092947052516
0.06322006971359165
0.06392966343231649
0.0651785483772722
0.06528262212268518
0.0665125845684749
0.06662611956347088
0.06825345449174651
0.06804057637612905
0.06843321823382346
0.06837172011153397
0.0683102219892445
0.06852783072965345
0.0687359782204794
0.06835279761236798
0.06856567572798543
0.07063295876187047
0.07057146063958097
0.07097356374685838
0.07120536436164183
0.07156962247058725
0.0717730393366217
0.07191968870515818
0.07235963681076757
0.07300773240720293
0.07297934865845393
0.07339564364010584
0.07379301612259175
0.07349498676072731
0.07303138553116043
0.07128578498309732
0.07125740123434832
0.07151285497308926
0.0717730393366217
0.07182034558453669
0.07157908372017024
0.07174465558787271
0.07184399870849419
0.07167369621600023
0.0717919618357877
0.07188657433161769
0.07262455179909151
0.07238328993472506
0.07208052994806914
0.07265293554784051
0.07203322370015415
0.07196699495307317
0.07153177747225525
0.07188657433161769
0.07200010932661366
0.07175411683745571
0.07249682492972104
0.07272389491971298
0.07238328993472506
0.07324899427156938
0.07333414551781635
0.07420931110424366
0.07371259550113626
0.07370313425155327
0.07416200485632866
0.07518855043608393
0.07675911786686157
0.07685373036269155
0.07700984098081101
0.07668815849498908
0.07650366412812064
0.07674019536769558
0.07725110284517746
0.07778093282182534
0.07778093282182534
0.07807896218368977
0.07880274777678911
0.079256887756773
0.07936569212697749
0.07923796525760701
0.07968737461279941
0.08025031896298779
0.08026924146215378
0.08031654771006877
0.08054361770006072
0.08094572080733813
0.08122482767003655
0.08072338144213767
0.07954545586905444
0.07927581025593901
0.07856621653721417
0.07962114586571842
0.07946976587239046
0.07915281401136003
0.07901562589240656
0.07906293214032155
0.07909131588907055
0.07905820151553006
0.0788973602726191
0.0788311315255381
0.0784148365438862
0.07778093282182534
0.07786608406807233
0.07748290345996091
0.07730787034267544
0.07772889594911886
0.07729367846830096
0.07657935412478462
0.07688211411144055
0.07733152346663294
0.0832353432064236
0.0828616238478952
0.08266766823144374
0.08250209636374127
0.08329211070392159
0.08393547567556545
0.08390709192681645
0.08348133569558155
0.08446530565221333
0.08350498881953904
0.08321169008246611
0.08317384508413411
0.08317384508413411
0.08306504071392964
0.0827953951008142
0.08251155761332427
0.08265820698186073
0.08256359448603076
0.0823270632464558
0.08263928448269474
0.08257305573561376
0.0823885613687453
0.08252101886290726
0.08292312197018467
0.08250209636374127
0.08290419947101868
0.08288527697185269
0.08258251698519675
0.08262036198352875
0.0823128713720813
0.08229394887291532
0.08229394887291532
0.08207634013250636
0.08184927014251442
0.08176411889626743
0.0819533438879274
0.08166950640043746
0.08217095262833635
0.08300354259164015
0.08290893009581017
0.08279066447602271
0.08288054634706118
0.08245952074061778
0.08226083449937482
0.0823601776199963
0.08175465764668444
0.08176884952105894
0.08014624521757481
0.07999013459945534
0.0797062971119654
0.07947922712197346
0.07907239338990454
0.07923796525760701
0.07897305026928307
0.07901089526761507
0.07907712401469605
0.0788831683982446
0.07894939714532558
0.07884059277512111
0.07762009157891438
0.07698145723206203
0.07715175972455598
0.077104453476641
0.07718960472288798
0.07682534661394255
0.07692942035935553
0.07626713288854568
0.07671181161894658
0.07668815849498908
0.07683007723873406
0.07683953848831705
0.07701457160560252
0.07682534661394255
0.07671181161894658
0.07637593725875017
0.07629078601250318
0.07618198164229871
0.07635228413479267
0.07606371602251123
0.07588395228043428
0.0757514947862723
0.07607317727209423
0.07604952414813673
0.07604952414813673
0.07589341353001727
0.07570418853835731
0.07564269041606783
0.0757562254110638
0.07538723667732689
0.07537777542774389
0.07468710420818504
0.07418092735549466
0.07387816736883873
0.07370786487634477
0.07341929676406334
0.0731543817757394
0.07293677303533044
0.07280904616595997
0.0731543817757394
0.07334360676739934
0.07283742991470897
0.0731685736501139
0.07305030803032642
0.07278066241721097
0.07256305367680202
0.07255359242721902
0.07276647054283648
0.07284689116429197
0.07259143742555102
0.07248263305534655
0.07259616805034252
0.07282796866512596
0.07289892803699845
0.07279485429158547
0.07302192428157742
0.07274281741887899
0.07282796866512596
0.07291311991137295
0.07294623428491344
0.0721987955678566
0.07207579932327764
0.07174465558787271
0.07080799187915593
0.07117698061289283
0.07098775562123288
0.07076541625603243
0.07069918750895145
0.07068499563457695
0.07035385189917202
0.07010312878522258
0.07007947566126509
0.07007947566126509
0.07030654565125703
0.070495770642917
0.07056199938999798
0.07111548249060336
0.07014097378355458
0.07018828003146957
0.07037277439833803
0.07034912127438053
0.07019774128105256
0.06944084131441274
0.0691380813277568
0.06889681946339035
0.06875963134443688
0.06921850194921228
0.0691144282037993
0.06972467880190267
0.06969156442836218
0.06952599256065972
0.06945976381357873
0.06931311444504226
0.06969156442836218
0.06983348317210715
0.06989498129439663
0.06979563817377515
0.07005582253730759
0.07005582253730759
0.0699990550398096
0.06979090754898365
0.06970102567794517
0.0696064131821152
0.07017881878188657
0.06983348317210715
0.06967264192919619
0.06936042069295725
0.06987132817043913
0.06995647941668612
0.0696064131821152
0.06930365319545927
0.06892993383693086
0.06862717385027492
0.06818722574466551
0.06792704138113308
0.06938880444170625
0.0691380813277568
0.06893939508651385
0.06884005196589237
0.06881639884193488
0.06891574196255636
0.06884478259068387
0.06853256135444494
0.06801692325217155
0.0678135063861371
0.06756278327218766
0.06761008952010265
0.0669383407997098
0.06704714516991428
0.06680588330554783
0.06684845892867132
0.06684372830387983
0.06664504206263687
0.06617671020827848
0.06599221584141002
0.06573676210266907
0.06571783960350308
0.06565634148121359
0.06560430460850711
0.06541034899205565
0.06524477712435318
0.06536777336893217
0.06603006083974201
0.06584083584808205
0.06571310897871158
0.06579826022495856
0.06582664397370755
0.06586921959683105
0.06594017896870354
0.06590233397037154
0.06576041522662657
0.0656090352332986
0.06566580273079659
0.06557119023496662
0.06576987647620956
0.06576041522662657
0.06579352960016706
0.06575568460183508
0.0656137658580901
0.06555699836059212
