0.0
0.0
0.0
0.0
0.0
8.515124624698066e-05
8.515124624698066e-05
8.515124624698066e-05
0.0003689887337369162
0.0003689887337369162
0.00016084124291096348
0.00016084124291096348
0.00031222123623892914
0.00040683373206890766
0.0020720136586765297
0.0016746411761906198
0.0019159030405570651
0.0019159030405570651
0.0018496742934760802
0.0019442867893060586
0.0022659692751279856
0.003992647324025093
0.0043048685602640226
0.004602897922128455
0.00471170229233293
0.00471170229233293
0.00471170229233293
0.006069391607493122
0.006012624109995135
0.0059747791116631435
0.006041007858744129
0.006466764089979032
0.0067032953295539785
0.006731679078302972
0.007862298403471215
0.008004217147216183
0.008084637768671665
0.007507501544108796
0.007810261530764727
0.008113021517420658
0.008529316499072563
0.008936150231141471
0.00726623967974235
0.0075737302911897805
0.008912497107183977
0.009352445212793378
0.010293839546301663
0.0105729464090001
0.011003433265026502
0.010686481403996074
0.0110128945146095
0.011093315136064982
0.011031817013775496
0.011249425754184446
0.010563485159417102
0.010624983281706588
0.009839699566317766
0.011098045760856481
0.015260995577375536
0.01656191739503774
0.016713297388365706
0.01951382726493307
0.019944314120959473
0.019816587251589
0.019348255397230608
0.02044576034885836
0.02056402596864583
0.022413700262121913
0.02229543464233444
0.022399508387747416
0.022380585888581418
0.022432622761287907
0.024329603302678977
0.024566134542253922
0.024812127031411866
0.025521720750136707
0.025559565748468696
0.02586232573512463
0.029760360563319745
0.0295190986989533
0.02294826086356129
0.0233409027212557
0.02229070401754294
0.024064688314355036
0.025796096988043644
0.025639986369924178
0.026794258819049916
0.027461276914651264
0.027622118157562228
0.02766942440547722
0.028118833760669617
0.03021923116809514
0.030720677395994024
0.026543535705100475
0.02660503382738996
0.024741167659539383
0.026179277596155057
0.02757481190964724
0.028643933112525995
0.03079163676786651
0.032348012324269655
0.032466277944057126
0.029698862441030257
0.029708323690613256
0.03025707616642713
0.030687563022453533
0.030843673640572996
0.031307274870139894
0.03134985049326338
0.03280688292904505
0.0330481447934115
0.033672587265889356
0.033876004131923806
0.035068121579381537
0.03552699218415693
0.03571621717581689
0.03617508778059229
0.03720636398513905
0.03770307958824644
0.037490201472628985
0.037736193961786936
0.038611359548214236
0.04029546197398785
0.04275065624077579
0.04293988123243575
0.04409415368156149
0.04457667741029438
0.04452937116237939
0.045702566110671125
0.046308086083982986
0.04750493415623221
0.046530425449183434
0.046724381065634896
0.04594382797503757
0.04396169618739952
0.04532411612735121
0.031174817375977923
0.030001622427686187
0.03131200549493139
0.032078366711154216
0.03294407104799852
0.03276430730592156
0.033024491669454
0.03354486039651888
0.03370570163942985
0.033270484158611946
0.03339348040319092
0.03359689726922537
0.03355905227089338
0.03673803213078066
0.03692725712244062
0.037054983991811084
0.037248939608262546
0.03670964838203167
0.037286784606594535
0.03781188395845091
0.03766050396512295
0.03388546538150681
0.03421660911691173
0.0348126678406406
0.036241316527673276
0.03620347152934128
0.035072852204173034
0.03534722844207998
0.03441056473336319
0.03468021034647863
0.03449098535481867
0.035134350326462525
0.035536453433739935
0.03581082967164687
0.03669072588286567
0.038734355792793204
0.03736247460325852
0.037201633360347555
0.036279161526005264
0.0343585278606567
0.035233693447084
0.0356641803031104
0.035001892832300555
0.035995324038515325
0.036132512157468794
0.0343585278606567
0.03462344284898064
0.035224232197501
0.035186387199169014
0.03571148655102539
0.035522261559365435
0.03549387781061644
0.03590544216747685
0.035910172792268345
0.035976401539349334
0.03593855654101734
0.03607574465997081
0.03773146333699543
0.040593491335852286
0.040777985702720745
0.04104290069104468
0.04197010315017847
0.043569054329705106
0.04357851557928811
0.04488416802174181
0.042968264981184744
0.04309599185055522
0.043417674336377145
0.04151596317019458
0.04293988123243575
0.04290676685889526
0.04410361493114449
0.04648784982605995
0.04685683855979686
0.04738666853644474
0.04742451353477673
0.04748601165706622
0.04883423972264341
0.048810586598685916
0.04564579861317314
0.04699402667875033
0.04745762790831723
0.04785026976601164
0.04797799663538211
0.04804422538246309
0.04765631414956018
0.04760900790164519
0.04897142784159688
0.05036696215508907
0.050674452766536496
0.051062363999439406
0.0511096702473544
0.051194821493601377
0.05144081398275932
0.05234909394272712
0.05365474638518082
0.05434541760473966
0.0541845763618287
0.05468129196493609
0.05486578633180454
0.05514962381929448
0.054856325082221546
0.05498878257638352
0.055968021908223795
0.05609574877759427
0.05644581501216518
0.05642216188820769
0.05610521002717726
0.058068419315649315
0.05784134932565737
0.057548050588584435
0.05775619807941039
0.05764266308441442
0.05783661870086587
0.057548050588584435
0.05762374058524842
0.05879693553354015
0.057983268069402336
0.05817249306106229
0.0581251868131473
0.05755751183816743
0.06021612297098983
0.060220853595781325
0.05952072112663949
0.05633228001716921
0.056086287528011265
0.05622820627175623
0.0563795862650842
0.05654988875757816
0.056857379369025594
0.056857379369025594
0.0563937781394587
0.05586394816281082
0.05610521002717726
0.05598694440738979
0.057325711223383986
0.056805342496319106
0.056743844374029614
0.056772228122778615
0.05721690685317951
0.0576946999571209
0.05887735615499563
0.05976671361579743
0.06058038107993525
0.06066553232618223
0.06149812228948604
0.061696808530728994
0.06150285291427754
0.061881302897597454
0.061914417271137945
0.06274227660965026
0.06267604786256926
0.06280377473193974
0.05958221924892897
0.05925107551352405
0.05936461050852002
0.05904765864748959
0.05920376926560906
0.06001270610495538
0.06061349545347574
0.06170626978031199
0.06195699289426143
0.06173465352906098
0.060197200471823836
0.06074122232284621
0.06066080170139073
0.06071756919888872
0.061058174183876636
0.06288419535339522
0.06368840156795004
0.06414727217272544
0.0642702684173044
0.06451626090646236
0.06404792905210396
0.06363163407045205
0.06374989969023953
0.06421350091980642
0.06489944151457376
0.0647149471477053
0.06489471088978227
0.0656279577324646
0.06558065148454961
0.06585029709766504
0.06605371396369951
0.066077367087657
0.06755805264739616
0.0674066726540682
0.06747763202594068
0.06771889389030712
0.0665031233188919
0.06659300518993039
0.06687684267742032
0.06711810454178677
0.06701403079637379
0.06682007517992233
0.06616251833390398
0.06611994271078049
0.06620509395702746
0.066077367087657
0.06630443707764895
0.06635174332556394
0.06632335957681494
0.06671600143450936
0.06671127080971785
0.06685792017825432
0.0669714551732503
0.06727421515990623
0.06727894578469773
0.06707552891866327
0.06819195636945702
0.06834806698757648
0.06831968323882749
0.0687359782204794
0.06735936640615321
0.06732625203261272
0.06769997139114113
0.06728840703428073
0.06725529266074023
0.06667815643617736
0.0673877501549022
0.0665173151932664
0.0660820977124485
0.06590706459516303
0.06468183277416481
0.06491836401373977
0.06468656339895631
0.06443110966021537
0.06481902089311828
0.06490890276415677
0.06546711648955364
0.06610575083640599
0.06613413458515499
0.06590233397037154
0.06667342581138587
0.0665031233188919
0.0665362376924324
0.06680588330554783
0.06626659207931695
0.0669430714245013
0.06703768392033128
0.06698564704762479
0.06734990515657022
0.06756278327218766
0.06752020764906418
0.06735936640615321
0.06730732953344672
0.06726002328553173
0.06712283516657826
0.06723637016157423
0.0669478020492928
0.06708972079303777
0.06598275459182702
0.06594964021828653
0.06619563270744447
0.06622401645619347
0.0669052264261693
0.06661192768909638
0.06794123325550758
0.06875963134443688
0.06882112946672637
0.06887789696422436
0.06882586009151788
0.06890155008818186
0.0691428119525483
0.06910496695421631
0.06895831758567984
0.06876909259401989
0.06875490071964539
0.06992809566793712
0.06991390379356263
0.06983348317210715
0.07034912127438053
0.07127159310872282
0.07155543059621275
0.07157435309537875
0.07172100246391522
0.0722129874422311
0.07213729744556713
0.07215148931994161
0.07185819058286869
0.07155069997142126
0.07242113493305706
0.07273335616929599
0.07274281741887899
0.07289419741220696
0.07285635241387496
0.07235017556118457
0.0722224486918141
0.07235963681076757
0.07234071431160158
0.07234544493639307
0.07217987306869061
0.07250628617930403
0.07259143742555102
0.07257724555117652
0.07258197617596802
0.07284216053950046
0.07411942923320518
0.0762245572654222
0.07634282288520967
0.07593598915314076
0.07607790789688573
0.07454045483964858
0.07410996798362217
0.07388762861842173
0.07041061939667001
0.07029235377688255
0.06993755691752013
0.06976252380023466
0.06989971191918813
0.06996121004147762
0.07019301065626106
0.07083637562790492
0.07068026500978546
0.07074176313207493
0.0704626562693765
0.0700274387885586
0.06995174879189461
0.07001797753897561
0.07021666378021856
0.07042954189583601
0.07082691437832192
0.07068499563457695
0.07080799187915593
0.0709167962493604
0.07081272250394742
0.07086475937665392
0.07096410249727539
0.07071337938332595
0.07026870065292505
0.07042481127104451
0.07029708440167404
0.07029708440167404
0.07032546815042304
0.06990917316877113
0.06952126193586822
0.06945976381357873
0.06942191881524674
0.06939353506649774
0.06943138006482974
0.06964425818044719
0.06985713629606465
0.06779458388697111
0.06794123325550758
0.06811626637279304
0.06787973513321809
0.06755805264739616
0.06720325578803374
0.0665078539436834
0.0664983926941004
0.06663558081305387
0.06656462144118139
0.06662138893867937
0.06624766958015096
0.0647291390220798
0.06465344902541582
0.0647480615212458
0.06456356715437735
0.06447368528333887
0.06353702157462207
0.06349444595149858
0.0638823571844015
0.06399116155460598
0.06392020218273349
