0.0
0.0
0.0
0.0
0.0
0.0
0.0
5.676749749798711e-05
7.568999666398282e-05
7.568999666398282e-05
0.00024599248915794413
0.00044940935519239796
0.0005061768526903851
0.0008846268360102992
0.0012630768193302132
0.0014286486870326756
0.0014996080589051595
0.0015563755564031467
0.001669910551399121
0.0017456005480631037
0.0019490174140975576
0.0019963236620125467
0.002034168660344538
0.0026728030071968933
0.002682264256779891
0.002966101744269827
0.0030796367392658007
0.0032310167325937666
0.002303814273459977
0.002360581770957964
0.002493039265119934
0.0023416592717919685
0.002360581770957964
0.003472278596960212
0.003775038583616143
0.004044684196731581
0.004593436672545457
0.004853621036077898
0.0037513854596586483
0.004025761697565586
0.0043663666825535085
0.004181872315685051
0.002880950498022846
0.0034202417242537235
0.002814721750941861
0.0030890979888487987
0.003377666101130233
0.0032310167325937666
0.0035621604679986914
0.003959532950484601
0.004276484811515029
0.00356689109279019
0.0040210310727740875
0.0044042116808855
0.004820506662537406
0.005265185392938305
0.006102505981033615
0.006135620354574107
0.006353229094983058
0.006689103455179481
0.0072189334318273615
0.007171627183912372
0.008273862760331622
0.009172681470716417
0.009674127698615304
0.010345876419008151
0.010686481403996074
0.011519071367299885
0.012280701958731212
0.012313816332271705
0.011807639479581319
0.01096558826669451
0.011083853886481984
0.011169005132728964
0.011954288848117786
0.013146406295575515
0.013487011280563439
0.014196604999288277
0.014329062493450248
0.014778471848642645
0.015043386836966585
0.015530641190490975
0.01633957802983729
0.016897791755234162
0.01709174737168562
0.01793379858457243
0.01769726734499748
0.017772957341661465
0.018477820435594806
0.018482551060386303
0.018132484825815382
0.018704890425586755
0.019475982266601077
0.019840240375546495
0.020682291588433304
0.02110804781966821
0.02144392217986463
0.021883870285474033
0.02211094027546598
0.02238531651337292
0.02268807650002885
0.023515935838541162
0.014740626850310653
0.016112508039845343
0.017025518624604635
0.01731408673688607
0.01844470606205431
0.0193766391459796
0.019835509750754998
0.020682291588433304
0.021562187799652105
0.02259346400419887
0.02391803894581857
0.024499905795172937
0.02550279825097071
0.025526451374928205
0.026430000710104498
0.023473360215417672
0.022300165267125936
0.02313275523042975
0.023884924572278077
0.025928554482205615
0.026430000710104498
0.02669491569842844
0.026496229457185484
0.025890709483873623
0.02629281259115103
0.02528518951056176
0.02593801573178861
0.026666531949679446
0.027106480055288845
0.024944584525573837
0.025663639493881674
0.026169816346572058
0.026595572577806963
0.027324088795697796
0.028043143764005633
0.028620279988568503
0.029126456841258887
0.03079636739265801
0.030271268040801626
0.03075379176953452
0.031084935504939442
0.03162895735596182
0.032414241071350644
0.032248669203648175
0.03247100856884863
0.033724624138595845
0.03413145787066475
0.03476063096793411
0.03538034281562047
0.034278107239201216
0.03509177470333903
0.036227124653298776
0.036444733393707726
0.03664815025974218
0.037054983991811084
0.03753277709575248
0.03899454015632565
0.038795853915082695
0.03928783889339858
0.04203160127246796
0.04166734316352254
0.04197010315017847
0.043280486217423676
0.042481010627660354
0.04301084060430824
0.04286892186056327
0.046393237330229965
0.049983781546977656
0.05039061527904656
0.05004054904447564
0.05004527966926714
0.050291272158425084
0.04981820967927519
0.05036696215508907
0.05060349339466401
0.04952964156699376
0.04947287406949577
0.050087855292390626
0.04989863030073067
0.04627970233523399
0.04730624791498926
0.049009272839928876
0.04878693347472842
0.04876328035077093
0.04981820967927519
0.049804017804900694
0.05017773716342911
0.05069810589049399
0.052259212071688634
0.0519942970833647
0.05273227455083853
0.05238693894105911
0.05184291709003673
0.052003758332947694
0.0515306958537978
0.05179561084212174
0.05189495396274322
0.05103398025069041
0.05087313900777945
0.05058457089549802
0.0510860171233969
0.05060349339466401
0.05083529400944746
0.05103871087548191
0.051601655225670284
0.05244843706334859
0.05103871087548191
0.050858947133404955
0.05102451900110742
0.05076433463757497
0.051478658981091316
0.050977212753192426
0.05144554460755082
0.052069987080028676
0.051696267721500266
0.05167734522233427
0.05143608335796782
0.052183522075024656
0.05231124894439512
0.05300665078874547
0.05244370643855709
0.0532952189010269
0.05314856953249043
0.05322425952915442
0.05308234078540945
0.05310599390936695
0.052841078921043005
0.053110724534158445
0.05303503453749446
0.053716244507470305
0.053716244507470305
0.054856325082221546
0.05649785188487167
0.05615724689988375
0.05612413252634326
0.05440218510223765
0.054335956355156666
0.054373801353488654
0.05421296011057769
0.05392912262308776
0.05378247325455129
0.053460790768729366
0.05323845140352891
0.052978267039996474
0.052524127060012575
0.052155138326275656
0.052122023952735165
0.05180507209170474
0.05182872521566223
0.05180034146691324
0.05173884334462375
0.051502312105048804
0.05142662210838483
0.051563810227338296
0.05184764771482823
0.05149285085546581
0.05165369209837677
0.051199552118392874
0.050892061506945446
0.050669722141745
0.04981820967927519
0.04991755279989667
0.04974251968261121
0.04919849783158883
0.04885316222180941
0.048507826612029986
0.048389560992242515
0.04817668287662506
0.04730624791498926
0.04726840291665727
0.04770835102226667
0.04779823289330515
0.047315709164572256
0.04720217416957628
0.047230557918325276
0.04748128103227472
0.04730151729019776
0.04700348792833333
0.047197443544784785
0.04735355416290425
0.04681899356146487
0.04648311920126845
0.046137783591489026
0.04606209359482504
0.046322277958357486
0.04588232985274809
0.045801909231292605
0.045366691750474704
0.04456721616071138
0.04427391742363845
0.04433068492113643
0.04431649304676194
0.044325954296344935
0.04503554801506977
0.044879437396950314
0.0449172823952823
0.04477063302674584
0.04445368116571541
0.04434960742030243
0.04392858181385903
0.04391438993948453
0.044023194309689005
0.04370151182386708
0.043668397450326586
0.04351228683220712
0.043100722475346714
0.04337982933804515
0.04201740939809346
0.042055254396425455
0.042126213768297935
0.0422681325120429
0.04205052377163395
0.04107601506458518
0.040981402568755196
0.04077325507792924
0.04133146880332612
0.04107128443979367
0.04091990444646571
0.040811100076261236
0.04077325507792924
0.04078271632751224
0.04060768321022678
0.04086786757375922
0.04089152069771672
0.04114224381166616
0.0414071587999901
0.04132673817853462
0.041132782562083164
0.04079217757709524
0.04075906320355475
0.040598221960643784
0.04016300447982588
0.039959587613791425
0.039302030767773076
0.039169573273611105
0.03898980953153415
0.038866813286955175
0.03865866579612923
0.03845051830530327
0.038308599561558306
0.03730570710576053
0.037239478358679544
0.037031330867853596
0.03715905773722406
0.036898873373691625
0.03666234213411668
0.036629227760576186
0.03667180338369967
0.03579663779727237
0.03569729467665089
0.03559795155602942
0.03545130218749295
0.03589598091789385
0.035673641552693404
0.0356831028022764
0.03552699218415693
0.035555375932905926
0.03545603281228445
0.035337767192496976
0.035304652818956485
0.035233693447084
0.03526207719583299
0.035001892832300555
0.0347890147166831
0.03454302222752516
0.03464236534814664
0.034666018472104126
0.03432541348711621
0.03405103724920927
0.03370570163942985
0.03363001164276586
0.033771930386510836
0.033658395391514856
0.03331305978173544
0.033085989791743486
0.03293934042320702
0.03314748791403298
0.03314748791403298
0.03305760604299449
0.03300083854549651
0.033052875418202995
0.033275214783403444
0.033204255411530964
0.03330832915694394
0.03321371666111396
0.03324683103465445
0.03326575353382045
0.03324683103465445
0.03318060228757347
0.0330386835438285
0.032849458552168545
0.03307652854216049
0.03296299354716452
0.032698078558840576
0.0326034660630106
0.03267442543488308
0.032494661692806126
0.03226759170281417
0.03193644796740925
0.03207363608636272
0.03206417483677972
0.03184656609637077
0.03175195360054079
0.031520152985757346
0.031288352370973896
0.03114170300243743
0.031207931749518414
0.03100451488348396
0.030767983643909015
0.03061660365058105
0.030673371148079037
0.030697024272036532
0.030782175518283512
0.030725408020785525
0.030507799280376575
0.030242884292052633
0.03008204304914167
0.029831319935192228
0.029883356807898716
0.029656286817906767
0.028568243115862015
0.02858243499023651
0.028516206243155526
0.028468899995240538
0.02858243499023651
0.028790582481062463
0.028705431234815483
0.02867704748606649
0.028440516246491545
0.02866758623648349
0.028572973740653512
0.0286297412381515
0.028620279988568503
0.028345903750661566
0.027858649397137177
0.030318574288716617
0.030195578044137646
0.030053659300392676
0.03022396179288664
0.030290190539967624
0.030072581799558674
0.03008204304914167
0.029982699928520193
0.029925932431022206
0.029907009931856212
0.029665748067489766
0.02960424994520028
0.02965155619311527
0.0299637774293542
0.030011083677269186
0.0299448549301882
0.02982658931040073
0.029812397436026233
0.029717784940196255
0.029419755578331822
0.02937717995520833
0.02943394745270632
0.029131187466050385
0.0290649587189694
0.02912172621646739
0.0299448549301882
0.02999689180289469
0.029850242434358222
0.029831319935192228
0.03048414615641908
0.030654448648913042
0.030337496787882612
0.030176655544971648
0.030110426797890662
0.030105696173099165
0.030233423042469638
0.029930663055813704
0.029850242434358222
0.029916471181439207
0.029845511809566724
0.02965155619311527
0.029788744312068738
0.029500176199787304
0.029538021198119293
0.029585327446034284
0.029717784940196255
0.029784013687277237
0.029760360563319745
0.029571135571659787
0.02955694369728529
0.029490714950204305
0.029438678077497817
0.02937717995520833
0.02924472246104636
0.029221069337088866
0.029230530586671865
0.029088611842926895
0.028970346223139425
0.02880950498022846
0.028932501224807432
0.029003460596679916
0.02929202870896135
0.02923999183625486
