0.0
0.0
0.0
0.0
0.0
0.0
3.784499833199141e-05
3.784499833199141e-05
6.622874708098497e-05
6.622874708098497e-05
2.8383748748993554e-05
2.8383748748993554e-05
2.8383748748993554e-05
2.8383748748993554e-05
2.8383748748993554e-05
2.8383748748993554e-05
0.00024126186436644522
0.00024126186436644522
0.00024126186436644522
0.00024126186436644522
0.00024126186436644522
0.00024126186436644522
0.0003074906114474302
0.0003074906114474302
0.0003074906114474302
0.00031695186103042805
0.00031695186103042805
0.00031695186103042805
0.00037371935852841513
0.00037371935852841513
1.8922499165995704e-05
0.00011353499499597422
0.00011353499499597422
0.00011353499499597422
0.0001797637420769592
0.0004919849783158883
0.0006433649716438539
0.000832589963303811
0.0007285162178908346
0.0007285162178908346
0.0006906712195588432
0.0015705674307776435
0.0022754305247109836
0.0022754305247109836
0.002871489248439848
0.003193171734261775
0.004479901677549483
0.004650204170043444
0.004763739165039418
0.004915119158367384
0.005236801644189311
0.004981347905448369
0.004371097307345008
0.004768469789830918
0.004768469789830918
0.0049529641566993755
0.005217879145023315
0.005790284744794686
0.005785554120003186
0.005795015369586184
0.008590814621362049
0.009215257093839907
0.009139567097175925
0.0055395616308452425
0.005586867878760232
0.006532992837060016
0.00687359782204794
0.006911442820379931
0.007810261530764727
0.010885167645239028
0.011140621383979971
0.011150082633562968
0.012176628213318236
0.011618414487921362
0.012451004451225173
0.012782148186630099
0.010629713906498087
0.012044170719156266
0.012692266315591618
0.011944827598534788
0.012380045079352689
0.009598437701951321
0.009669397073823804
0.010185035176097187
0.010326953919842155
0.010402643916506138
0.010057308306726716
0.009905928313398751
0.010005271434020229
0.009342983963210379
0.009130105847592928
0.0096883195729898
0.009797123943194276
0.009816046442360272
0.010185035176097187
0.010800016398992049
0.007606844664730273
0.007521693418483293
0.009139567097175925
0.010284378296718666
0.01396480438450483
0.015445489944243994
0.018870462293289217
0.019187414154319644
0.01858189418100778
0.019282026650149622
0.019792934127631508
0.01941921476910309
0.020431568474483863
0.020554564719062834
0.025351418257642745
0.026283351341568034
0.02641580883573
0.0259805913549121
0.026841565066964907
0.028293866877955078
0.03465655722252113
0.03485997408855559
0.03531411406853948
0.03544657156270145
0.036917795872857616
0.03686102837535963
0.03781661458324242
0.03854040017634175
0.03954802325693102
0.03989808949150194
0.040815830701052734
0.04147338754707108
0.04144973442311359
0.04166734316352254
0.04255670062432434
0.038833698913414684
0.03284472792737704
0.03386181225754931
0.03554591468332293
0.036179818405383785
0.03629335340037976
0.03640215777058423
0.03690360399848312
0.03739085835200751
0.03854040017634175
0.038161950193021835
0.03837009768384779
0.03838902018301379
0.039855513868378455
0.040243425101281365
0.04064079758376728
0.04234855313349838
0.04255196999953284
0.04330886996617267
0.04631754733356599
0.04648784982605995
0.047334631663738254
0.047684697898309175
0.04760900790164519
0.048171952251833565
0.04959113968928324
0.050575109645915016
0.03712121273889207
0.037589544593250465
0.03796326395177888
0.039231071395900596
0.039235802020692094
0.0391979570223601
0.03946287201068404
0.039973779488165925
0.04300610997951674
0.04329467809179817
0.04213094439308943
0.04401846368489751
0.044325954296344935
0.04440637491780042
0.04560795361484114
0.04685683855979686
0.04704606355145682
0.0471028310489548
0.046880491683754355
0.047249480417491274
0.04706971667541431
0.04835171599391052
0.04688522230854585
0.048512557236821484
0.051549618352963796
0.052183522075024656
0.05291676891770699
0.053380370147273884
0.05335198639852489
0.05457721821952311
0.05454883447077412
0.05471440633847658
0.053919661373504756
0.05356959513893384
0.053446598894354866
0.05466710009056159
0.05584502566364482
0.056171438774258245
0.05673911374923812
0.05773727558024439
0.0585604042939652
0.05920376926560906
0.059293651136647536
0.06019246984703233
0.06042427046181578
0.061389317919281566
0.061848188524056956
0.06228340600487486
0.0621225647619639
0.06307815096984667
0.0634376784540006
0.06382085906211202
0.06443110966021537
0.06446422403375586
0.06435541966355139
0.0642986521660534
0.06508866650623372
0.06531573649622567
0.06503662963352723
0.06597802396703552
0.06629024520327445
0.06673492393367535
0.06638012707431293
0.06704714516991428
0.06731206015823822
0.06715594954011875
0.06700930017158228
0.06746817077635768
0.06738301953011071
0.06908604445505032
0.06904819945671832
0.0704437337702105
0.07114386623935234
0.07149393247392327
0.07201903182577965
0.07253466992805303
0.07340037426489733
0.07304557740553491
0.07331049239385885
0.07326791677073537
0.07366528925322127
0.07369840362676176
0.07388289799363022
0.07380247737217474
0.07389708986800472
0.07378355487300875
0.07335306801698235
0.0735801380069743
0.06838591198590847
0.06863663509985791
0.07000378566460111
0.06992809566793712
0.07237855930993357
0.07387816736883873
0.07252993930326153
0.07320641864844588
0.07326791677073537
0.07308815302865841
0.07289892803699845
0.0731449205261564
0.07346660301197833
0.07368894237717877
0.07375990174905125
0.07377882424821725
0.07366528925322127
0.07498986419484098
0.074885790449428
0.07615832851834121
0.07723691097080297
0.07737409908975644
0.07755859345662489
0.07791812094077881
0.07805057843494079
0.0783627996711797
0.0775160178335014
0.07830603217368172
0.07853310216367367
0.07945084337322446
0.07991444460279136
0.07998067334987234
0.07999486522424684
0.08113967642378958
0.08062876894630769
0.08069499769338868
0.08225610387458332
0.0828237788495632
0.08341037632370907
0.08373678943432249
0.08337253132537707
0.08349552756995604
0.08341983757329206
0.08437542378117484
0.08473495126532876
0.08467818376783078
0.08549185123196859
0.08605006495736546
0.08604533433257397
0.08741721552210865
0.08874652108851985
0.08878436608685185
0.08932365731308273
0.0894230004337042
0.08923377544204424
0.08867556171664737
0.08909185669829928
0.08949395980557669
0.08936150231141471
0.08970210729640264
0.08954126605349168
0.09005690415576506
0.09011367165326305
0.0898298341657731
0.08993390791118608
0.09009474915409704
0.09017043915076103
0.0898676791641051
0.0894324616832872
0.0894466535576617
0.08959803355098966
0.08973522166994313
0.08901616670163529
0.0885241817233194
0.08843429985228092
0.08868502296623036
0.08843903047707243
0.08861879421914938
0.08673127492734131
0.0872374517800317
0.08799435174667153
0.0876963223848071
0.08743613802127465
0.0881078867416675
0.08815046236479099
0.08846741422582141
0.08887897858268182
0.08904928107517579
0.08891209295622231
0.08876544358768584
0.08967845417244515
0.08981564229139861
0.08998594478389257
0.09035020289283799
0.09029343539534
0.09054415850928944
0.09045900726304246
0.09037385601679548
0.08905401169996728
0.08909658732309077
0.08824980548541246
0.08790920050042454
0.08824034423582947
0.08859987171998339
0.08915808544538026
0.08925269794121024
0.08910131794788227
0.08914862419579726
0.08963587854932165
0.0898061810418156
0.08960749480057266
0.08971629917077713
0.0907664978744899
0.09059619538199593
0.0911969847305163
0.09105506598677132
0.09102195161323083
0.09018936164992702
0.09000486728305856
0.09019882289951002
0.08970683792119413
0.08933311856266572
0.08962168667494716
0.08960276417578115
0.09019409227471853
0.09020828414909302
0.08729894990232118
0.08735571739981916
0.0876726692608496
0.0880795029929185
0.08824034423582947
0.0890114360768438
0.08907766482392478
0.08923377544204424
0.0894371923080787
0.08978252791785812
0.09017043915076103
0.09013732477722054
0.0902697822713825
0.09091314724302636
0.09082326537198789
0.09090841661823486
0.09107398848593733
0.0911591397321843
0.09125375222801428
0.09106925786114582
0.09134363409905276
0.09156124283946171
0.0916369328361257
0.09155651221467022
0.0912111766048908
0.0911969847305163
0.09112602535864381
0.09095099224135836
0.09116860098176731
0.0911875234809333
0.09110237223468631
0.09127267472718027
0.0911638703569758
0.09102195161323083
0.09170316158320668
0.09169843095841518
0.09156597346425321
0.09154705096508722
0.09147136096842323
0.0911354866082268
0.09108344973552032
0.09116860098176731
0.09136728722301025
0.09125848285280579
0.09011840227805454
0.09126794410238878
0.08892628483059681
0.08905874232475879
0.08886478670830733
0.08886478670830733
0.0885667573464429
0.08845322235144693
0.08831130360770195
0.08837753235478293
0.08846268360102992
0.08840591610353193
0.08931892668829122
0.08968791542202814
0.08971156854598564
0.08979198916744112
0.09003798165659906
0.09017043915076103
0.09013259415242904
0.09042589288950197
0.0902981660201315
0.0903170885192975
0.09046373788783396
0.0902697822713825
0.09010894102847154
0.08988660166327109
0.0902413985226335
0.09011840227805454
0.09068607725303442
0.09034547226804648
0.09070973037699191
0.09081853474719638
0.09064823225470242
0.09032181914408899
0.09109764160989482
0.0907475753753239
0.09123009910405679
0.09132471159988677
0.0911638703569758
0.09109291098510332
0.09122063785447379
0.09140040159655075
0.0907901509984474
0.09062457913074493
0.09057254225803844
0.09068607725303442
0.0911780622313503
0.09056308100845543
0.09057727288282993
0.09064350162991092
0.09052996663491494
0.0903170885192975
0.0903076272697145
0.0920674196921521
0.09197280719632211
0.09213364843923308
0.09187819470049215
0.0916463940857087
0.0915990878377937
0.09131998097509526
0.09126321347759728
0.0911638703569758
0.09120644598009929
0.09355756650147426
0.09343457025689529
0.09344403150647829
0.09327845963877582
0.09330684338752482
0.09366164024688724
0.09323588401565233
0.09342983963210379
0.09404009023020715
0.09359068087501475
0.09332103526189932
0.09372786899396822
0.09448476896060805
0.09455099770768903
0.09483010457038747
0.09503825206121343
0.09500513768767294
0.09478279832247248
0.09466926332747651
0.0946787245770595
0.0947165695753915
