0.0
0.0
0.0
0.0
0.0
0.0
0.0
0.0
0.0007285162178908346
0.002251777400753489
0.0026680723824053943
0.001986862412429549
0.002034168660344538
0.002105128032217022
0.0027390317542778783
0.0028431054996908545
0.0028431054996908545
0.0028998729971888414
0.00299448549301882
0.003065444864891304
0.003983186074442095
0.003983186074442095
0.004257562312349033
0.004371097307345008
0.0043758279321365065
0.005454410384598262
0.005766631620837191
0.007587922165564277
0.0075027709193172965
0.008141405266169651
0.005005001029405863
0.00585651349187567
0.006258616599153079
0.0069161734451714295
0.006764793451843464
0.0064714947147705305
0.0072094721822443635
0.00915848959634192
0.010123537053807702
0.010691212028787573
0.01590436054901939
0.016803179259404184
0.018936691040370202
0.019239451027026132
0.01933406352285611
0.02046941347281585
0.020067310365538445
0.020474144097607352
0.02053091159510534
0.020672830338850305
0.020994512824672233
0.023359825220421696
0.023549050212081653
0.025488606376596213
0.022054172777967992
0.02259346400419887
0.02278268899585883
0.02339293959396219
0.025081772644527305
0.02559268012200919
0.027290974422157305
0.027234206924659318
0.027551158785689745
0.02757481190964724
0.021396615931949643
0.02150542030215412
0.02210620965067448
0.023142216480012745
0.020516719720730842
0.022829995243773816
0.02353012771291566
0.02625969821761054
0.026718568822385935
0.02695510006196088
0.02967520931707276
0.029750899313736746
0.03207363608636272
0.03233382044989516
0.033554321646101885
0.03003473680122668
0.03178033734928978
0.03229124482677167
0.033104912290909484
0.033975347252545286
0.034552483477108153
0.038327522060724296
0.037116482114100575
0.038195064566562326
0.03894250328361916
0.04062660570939278
0.041284162555411126
0.04232016938474939
0.04276484811515029
0.044959858018405796
0.04483213114903532
0.04510650738694226
0.04654934794834943
0.04762793040081119
0.04743870540915123
0.047367746037278745
0.04760427727685369
0.046407429204604465
0.04824764224849755
0.04502608676548678
0.04576879485775211
0.04585867672879059
0.04858351660869397
0.04849836536244699
0.047415052285193736
0.0475617016537302
0.04955329469095125
0.04991282217510517
0.049501257818244764
0.04945868219512127
0.05007839404280763
0.05279850329791951
0.05314856953249043
0.05353648076539334
0.054790096335140565
0.05561795567365287
0.05619982252300724
0.057013489987145054
0.056942530615272574
0.056705999375697626
0.048427405990574504
0.05122793586714187
0.05127051149026536
0.05214567707669266
0.05206525645523718
0.0546292550922296
0.05570783754469135
0.05607682627842827
0.05647892938570568
0.055745682543023346
0.05654515813278666
0.05893412365249362
0.05977144424058893
0.0612284766763706
0.06202322164134242
0.06227394475529186
0.06332887408379612
0.063887087809193
0.06587395022162254
0.06720325578803374
0.06808788262404404
0.06881166821714338
0.07037277439833803
0.0713283606062208
0.07243532680743156
0.0722413711909801
0.07229813868847809
0.07217514244389911
0.07210418307202664
0.07166423496641723
0.072676588671798
0.07323953302198637
0.07383086112092374
0.07627659413812868
0.07653204787686962
0.07638066788354166
0.07725583346996896
0.0775444015822504
0.07748763408475241
0.0779654271886938
0.07737409908975644
0.07774308782349335
0.07861825340992065
0.07948868837155645
0.07974887273508889
0.07946976587239046
0.08053415645047772
0.08052469520089472
0.08084637768671664
0.0810829089262916
0.0801698983415323
0.07920012025927502
0.07940826775010097
0.07891628277178508
0.07848579591575869
0.0779748884382768
0.07810261530764727
0.07817830530431125
0.0783959140447202
0.07823507280180923
0.07794650468952781
0.07809315405806427
0.0788547846494956
0.07835806904638822
0.07801746406140028
0.07605425477292824
0.07626240226375419
0.07615832851834121
0.07733625409142444
0.07680642411477656
0.06070337732451422
0.06173465352906098
0.062368557251121844
0.06339037220608561
0.06314437971692767
0.06436015028834288
0.0652069321260212
0.06615778770911249
0.06598275459182702
0.06758170577135365
0.06795542512988208
0.06894412571130534
0.06948341693753622
0.06996594066626911
0.07009366753563959
0.06940299631608074
0.0695780294333662
0.0700274387885586
0.07010312878522258
0.07251101680409554
0.07308342240386691
0.07325372489636087
0.07335306801698235
0.0730786917790754
0.07327264739552687
0.07430392360007364
0.07474860233047453
0.07498986419484098
0.07543454292524188
0.07596437290188976
0.07583664603251929
0.07693888160893854
0.07654150912645262
0.07645162725541414
0.07783770031932333
0.07884059277512111
0.07836753029597121
0.07857567778679717
0.07856148591242267
0.07862298403471216
0.07998540397466385
0.08001378772341283
0.08122955829482806
0.08074230394130368
0.08110183142545759
0.0793089246294795
0.07902035651719806
0.07849525716534168
0.07921431213364952
0.07953599461947145
0.07974887273508889
0.08008947772007682
0.07975833398467189
0.08030708646048577
0.08033547020923476
0.08043008270506474
0.08171208202356095
0.08166004515085445
0.08133363204024104
0.08090787580900613
0.08078961018921865
0.08030708646048577
0.08062876894630769
0.08086056956109114
0.08093625955775513
0.0810308720535851
0.08109237017587459
0.08112548454941508
0.08092679830817212
0.08088895330984014
0.08055780957443522
0.08024085771340478
0.08037331520756676
0.08146135890961151
0.08181142514418242
0.08142824453607102
0.08084164706192515
0.08089368393463163
0.08026451083736227
0.08093625955775513
0.08121536642045356
0.08078961018921865
0.08087003081067413
0.0797346808607144
0.07884059277512111
0.07861352278512915
0.07739775221371392
0.07700984098081101
0.0766361216222826
0.07635701475958416
0.0757751479102298
0.07583664603251929
0.07623401851500519
0.07581299290856179
0.07497567232046648
0.07604479352334524
0.07586029915647678
0.07521220356004142
0.07519801168566692
0.07597383415147275
0.0757278416623148
0.07594545040272375
0.07579880103418729
0.07495674982130049
0.07546292667399086
0.07513178293858594
0.0752784323071224
0.07542981230045037
0.07501824794358997
0.07475806358005753
0.07410050673403917
0.07452626296527408
0.0749094435733855
0.07579407040939579
0.07595491165230675
0.07556226979461235
0.07522639543441592
0.07512232168900294
0.07521220356004142
0.07495674982130049
0.07477225545443203
0.07469183483297655
0.07417146610591166
0.07408158423487318
0.07373624862509376
0.07308342240386691
0.07348079488635281
0.07320641864844588
0.07323480239719488
0.07281850741554297
0.07261982117430002
0.0731307286517819
0.07317330427490538
0.07306923052949241
0.07305030803032642
0.07243059618264006
0.07274754804367048
0.07209472182244363
0.07201430120098815
0.07156962247058725
0.07134728310538681
0.07139931997809329
0.07076541625603243
0.07015989628272057
0.07029235377688255
0.07040588877187852
0.07016462690751207
0.06998013254064361
0.06975306255065167
0.06945976381357873
0.06919957945004629
0.06822507074299751
0.06846160198257245
0.06814465012154203
0.06796015575467357
0.06863663509985791
0.0683102219892445
0.06799327012821406
0.0669667245484588
0.06672073205930085
0.06687211205262882
0.06585975834724805
0.06582664397370755
0.06598275459182702
0.06539615711768115
0.0652116627508127
0.06508393588144222
0.06479063714436929
0.06485686589145027
0.06467237152458181
0.0647291390220798
0.0643364971643854
0.06401954530335496
0.06357013594816256
0.06361744219607755
0.06304030597151469
0.06293623222610172
0.06229286725445786
0.061999568517384925
0.061512314163860535
0.06029654359244531
0.06056145858076925
0.06013097172474285
0.05972413799267394
0.05957275799934598
0.05908550364582159
0.05890100927895313
0.05906658114665559
0.05830968118001576
0.058910470528536124
0.059213230515192054
0.05915173239290257
0.05891520115332762
0.05886316428062114
0.058995621774783104
0.05767577745795491
0.05738247872088197
0.057179061854847515
0.057548050588584435
0.057429784968796964
0.057259482476303
0.05688576311777459
0.05698037561360456
0.05688103249298309
0.05605790377926227
0.055684184420733855
0.0555091513034484
0.056185630648632745
0.05634174126675221
0.05632754939237771
0.05604844252967928
0.05554699630178039
0.05570310691989985
0.0554854981794909
0.05527262006387345
0.05470494508889358
0.05369259138351281
0.0537351670066363
0.05324791265311191
0.05268023767813204
0.052476820812097584
0.05202268083211369
0.0515354264785893
0.051549618352963796
0.05119009086880988
0.05130835648859735
0.05148812023067431
0.051346201486929345
0.05128943398943136
0.050996135252358424
0.0506649915169535
0.04994120592385416
0.04987970780156468
0.049482335319078766
0.048995080965554376
0.04891939096889039
0.04914173033409085
0.04915119158367384
0.04867339847973245
0.048436867240157506
0.04857878598390247
0.048744357851604934
0.04884843159701791
0.04881531722347742
0.04874908847639643
0.04857878598390247
0.04841794474099151
0.048304409745995536
0.04829494849641253
0.04815302975266757
0.047817155392471146
0.04776038789497316
0.04767523664872618
0.04735355416290425
0.04744343603394273
0.04735828478769575
0.047552240404147204
0.04760427727685369
0.047632661025602686
0.04754750977935571
0.047131214797703797
0.04679060981271588
0.04629862483439999
0.046057362970033544
0.04608574671878254
0.046270241085651
0.046539886698766436
0.04656353982272393
0.04648311920126845
0.04558903111567515
0.045097046137359265
0.04571202736025412
0.04542345924797269
0.045418728623181186
0.044912551770490805
0.04488416802174181
0.04451517928800489
0.04443002804175791
0.04428337867322145
0.04424553367488945
0.0440657699328125
0.044160382428642474
0.04395223493781652
0.04388127556594404
0.04395696556260802
0.043682589324701086
0.043583246204079606
0.043200065595968194
0.04305814685222323
0.04290676685889526
0.04187549065434849
0.040513070714396804
0.04029546197398785
0.04021977197732387
0.040158273855034385
0.04016773510461738
0.04012989010628539
0.039940665114625434
0.039756170747756975
0.03976563199733997
0.039642635752761
0.03954802325693102
0.03928783889339858
0.03905603827861513
0.03905603827861513
0.038729625168001706
