0.0
0.0
0.0
0.0
0.0
0.0
0.0
0.0
0.00017503311728546026
0.00017503311728546026
0.00057240559977137
0.0008373205880953099
0.001854404918267579
0.001854404918267579
0.002185548653672504
0.002426810518038949
0.002616035509698906
0.0024457330172049448
0.0029802936186443234
0.004371097307345008
0.004948233531907877
0.005818668493543679
0.0061261591049911095
0.006258616599153079
0.0068452140732989455
0.008921958356766974
0.008917227731975475
0.01000054080922873
0.00995796518610524
0.011154813258354468
0.012134052590194745
0.012152975089360741
0.013023410050996543
0.013099100047660526
0.0176121160987505
0.017668883596248488
0.01747965860458853
0.01792433733498943
0.018719082299961252
0.019272565400566623
0.020204498484491913
0.021964290906929515
0.021306734060911162
0.02180344966401855
0.021789257789644054
0.023454437716251674
0.024069418939146537
0.02505811952056981
0.026950369437169382
0.029344065581667838
0.02933460433208484
0.030209769918512142
0.030067851174767173
0.029452869951872313
0.03083421239099
0.02902238309584591
0.02959951932040878
0.0317046473526258
0.03442002598294618
0.03633119839871175
0.030767983643909015
0.030403725534963597
0.031236315498267407
0.03340294165277392
0.03424026224086923
0.034968778458760064
0.034855243463764084
0.03601897716247282
0.036047360911221814
0.03721109460993055
0.040645528208558775
0.041336199428117615
0.037551699594918476
0.03748074022304599
0.03828021581280931
0.03935879826527106
0.039406104513186054
0.040777985702720745
0.04030492322357085
0.04083475320021873
0.041686265662688536
0.04281215436306528
0.04294461185722725
0.04557956986609215
0.046005326097327055
0.041388236300824104
0.04334198433971316
0.044458411790506906
0.044377991169051424
0.04564579861317314
0.04621347358815301
0.04841794474099151
0.04962425406282373
0.05031019465759108
0.05227813457085463
0.052779580798753514
0.05347971326789536
0.056526235633620664
0.05641270063862469
0.05838064055188825
0.05948760675309899
0.05915646301769407
0.058588788042714196
0.05966737049517595
0.05827183618168377
0.06043846233619028
0.06194280101988694
0.06303557534672319
0.05528208131345645
0.0559632912834323
0.05607682627842827
0.05677695874757011
0.058300219930432766
0.060102587975993854
0.06074122232284621
0.05974306049183994
0.05997486110662338
0.06090206356575718
0.057950153695861845
0.05457721821952311
0.04966209906115573
0.05096775150360943
0.05113332337131189
0.05221190582377365
0.05323845140352891
0.053834510127257776
0.05483740258305555
0.05620455314779874
0.052405861440225104
0.05300192016395397
0.05312018578374144
0.05698510623839606
0.05722163747797101
0.058825319282289144
0.05851309804605022
0.05804476619169182
0.05863609429062919
0.060490499208896764
0.06269497036173527
0.06263347223944578
0.06227394475529186
0.06358432782253706
0.06398170030502297
0.06622401645619347
0.06603006083974201
0.06512178087977422
0.06549550023830263
0.06707079829387178
0.06950707006149372
0.06926107757233578
0.06712756579136976
0.06808315199925255
0.06848998573132145
0.06903873820713533
0.07033966002479754
0.07165477371683424
0.07151285497308926
0.07348079488635281
0.07687265286185754
0.07939407587572647
0.07993336710195735
0.0788500540247041
0.08025504958777928
0.08038277645714975
0.08156070203023298
0.08242167574228579
0.08153704890627549
0.08208580138208936
0.08137147703857303
0.0814897426583605
0.08151339578231799
0.08244059824145178
0.08344349069724956
0.08359487069057753
0.08433757878284286
0.08403481879618692
0.08532154873947463
0.08688265492066928
0.08896886045372031
0.08867556171664737
0.09045427663825097
0.09172208408237267
0.09302773652482638
0.09344876213126979
0.09182142720299416
0.09183088845257716
0.09227083655818655
0.09409212710291363
0.09509028893391991
0.09571000078160627
0.09677439135969353
0.09761644257258034
0.09737045008342239
0.10185981301055487
0.10063458118955665
0.10081907555642511
0.10019936370873875
0.10134890553307299
0.09974522372875486
0.09977360747750384
0.0969163101034385
0.09678858323406803
0.0977489000667423
0.09967899498167387
0.10027505370540274
0.10191658050805286
0.1022098792451258
0.1017273555163929
0.1039365572940229
0.10444273414671329
0.10367637293049047
0.10430554602775982
0.10502460099606765
0.10524694036126811
0.10388925104610791
0.10193077238242736
0.10429135415338532
0.10533209160751508
0.10520909536293611
0.10646744155747483
0.10622617969310838
0.10585246033457997
0.1061741428204019
0.1052753241100171
0.10456099976650077
0.10473130225899473
0.10545981847688556
0.10420620290713835
0.10405482291381038
0.10374733230236295
0.10349660918841351
0.10295258733739113
0.10390344292048241
0.10597072595436745
0.1065857071772623
0.10651474780538982
0.10636336781206185
0.10619306531956789
0.10546927972646855
0.10361960543299248
0.10364798918174147
0.1038987122956909
0.10543143472813657
0.10547401035126006
0.10623091031789988
0.11082907761523685
0.11146298133729769
0.112309763174976
0.11215838318164803
0.1127733644045429
0.11183197007103461
0.1145520793261465
0.11636390862129058
0.11647271299149506
0.11642067611878856
0.1162598348758776
0.11573946614881273
0.11659097861128254
0.1163118717485841
0.11664774610878052
0.11858730227329507
0.12007271845782574
0.12166693901256088
0.12225353648670674
0.11823250541393265
0.11859676352287808
0.11827981166184764
0.11898467475578099
0.11905090350286197
0.1197888809703358
0.11955234973076086
0.12103776591529151
0.12063093218322261
0.12079650405092508
0.12040859281802216
0.11961857847784184
0.11933947161514341
0.11931108786639441
0.11780674918269775
0.11725326608209238
0.11749452794645883
0.11795339855123423
0.11734314795313086
0.11768375293811878
0.1202430209503197
0.12110399466237251
0.12003960408428525
0.12082488779967407
0.12172370651005887
0.12149663652006691
0.12137837090027945
0.11922120599535593
0.118899523509534
0.11900359725494698
0.11877652726495504
0.12040386219323067
0.12152502026881591
0.12272186834106513
0.12310977957396806
0.12292055458230809
0.12187035587859534
0.1220028133727573
0.12196969899921681
0.12231976523378774
0.12348349893249647
0.12107088028883202
0.12168586151172688
0.12148244464569243
0.12214473211650227
0.12206904211983828
0.12183251088026334
0.12073027530384409
0.12147771402090092
0.12087219404758906
0.12082961842446557
0.11991187721491478
0.12090530842112955
0.12115603153507899
0.12166693901256088
0.121137109035913
0.12170005338610138
0.12177101275797385
0.12177101275797385
0.12037547844448167
0.1202666740742772
0.1184643060287161
0.1180385497974812
0.11905563412765346
0.11784932480582125
0.11783513293144675
0.11853053477579709
0.11793920667685973
0.11790136167852773
0.11751818107041632
0.11717757608542839
0.11733368670354787
0.1172106904589689
0.11738572357625435
0.11735260920271386
0.11708296358959842
0.11783986355623825
0.11842646103038411
0.1118981988181156
0.11131633196876123
0.11118860509939076
0.11128794822001223
0.10512394411668913
0.10407847603776788
0.10441435039796429
0.10413051291047436
0.10521855661251911
0.10382775292381843
0.10381829167423542
0.10511448286710613
0.10505298474481665
0.10586192158416297
0.10603695470144843
0.10599437907832493
0.10587138283374596
0.10566796596771151
0.10578150096270748
0.1052422097364766
0.10537466723063858
0.10553550847354955
0.10560646784542202
0.10542670410334506
0.10519963411335312
0.10540778160417907
0.10471711038462023
0.10511921349189764
0.10441435039796429
0.10432446852692581
0.10404063103943588
0.10577677033791598
0.10582407658583097
0.10548820222563456
0.10590449720728645
0.10586192158416297
0.10600857095269943
0.10504825412002515
0.10343511106612402
0.10347295606445601
0.10459884476483275
0.10480226163086721
0.10556389222229853
0.1052611322356426
0.10472184100941173
0.10472657163420322
0.10422985603109584
0.10318911857696607
0.10149555490160946
0.10115021929183003
0.10081907555642511
0.10065350368872265
0.09975468497833785
0.10008109808895128
0.09967899498167387
0.09925323875043897
0.09948030874043091
0.10013313496165777
0.09943773311730743
0.09891263376545105
0.099101858757111
0.09975468497833785
0.09882275189441256
0.09838753441359466
0.09834495879047117
0.0982314237954752
0.09842064878713516
0.09685008135635752
0.09619252451033916
0.09614048763763268
0.09623983075825415
0.0977630919411168
0.09650947637136958
0.09639121075158212
0.09705349822239197
0.09696834697614498
0.09711499634468146
0.09678385260927652
0.09634863512845862
0.09612156513846667
0.09664193386553156
0.09684535073156601
0.09761644257258034
0.09711499634468146
0.09700619197447698
0.09710553509509845
0.09667504823907205
0.09677439135969353
0.09629186763096063
0.09544508579328233
0.0951612483057924
0.09542616329411634
0.09533628142307786
0.09451315270935705
0.09452261395894004
0.09268240091504695
0.0925073677977615
0.0925262902969275
0.09120644598009929
0.09148082221800623
0.09149974471717223
0.09150447534196372
0.09145243846925724
0.09131998097509526
0.09080434287282188
0.09111656410906081
0.09098883723969034
0.09061511788116193
0.09047792976220846
0.08995756103514357
0.08988660166327109
0.09035966414242098
0.09050158288616596
0.09016097790117802
0.08994809978556058
0.0898724097888966
0.08978725854264961
0.09005690415576506
0.08979198916744112
0.08973995229473462
0.08960749480057266
0.08937569418578921
0.0885525654720684
0.08886005608351583
0.08848160610019591
0.08838226297957444
0.08817411548874848
0.08804638861937801
0.08795177612354803
0.08787608612688405
0.0871948761569082
0.08703876553878874
0.08714756990899322
0.08646162931422587
0.0862771349473574
0.0863149799456894
0.08640486181672788
0.08651366618693236
0.08671235242817531
0.0867501974265073
0.08700565116524825
0.08637647806797889
0.08604533433257397
0.08587503184008001
0.08555334935425808
0.08482956376115874
0.08487213938428223
0.08473022064053726
0.08333468632704508
0.08312653883621912
0.08154177953106699
0.08218987512750234
0.08203376450938288
0.08134309328982403
0.08171208202356095
0.08052469520089472
0.08030708646048577
0.07958330086738644
