0.0
0.0
0.0
0.0
0.0
0.0
0.0
1.4191874374496777e-05
0.0
3.784499833199141e-05
3.784499833199141e-05
0.0001088043702044753
0.0001088043702044753
0.0001088043702044753
0.0
0.0
0.00017030249249396133
0.0003074906114474302
0.00035479685936241944
0.00046833185435839366
0.0005440218510223765
0.0007427080922653314
0.0009177412095507917
0.0009792393318402777
0.001480685559739164
0.0018780580422250736
0.0019442867893060586
0.0025025005147029317
0.003264131106134259
0.002563998636992418
0.0025308842634519254
0.002871489248439848
0.002923526121146336
0.002871489248439848
0.002928256745937835
0.0035905442167476847
0.0035905442167476847
0.00281945237573336
0.0033114373540492482
0.0038601898298631235
0.004030492322357085
0.003708809836535158
0.0039500717009016036
0.004214986689225543
0.0044373260544259925
0.004740086041081924
0.005260454768146806
0.004986078530239868
0.004768469789830918
0.005634174126675221
0.005738247872088197
0.005847052242292672
0.006575568460183507
0.006566107210600509
0.00594639536291415
0.01044048891483813
0.011306193251682433
0.011788716980415323
0.013141675670784017
0.014116184377832795
0.014906198718013117
0.015298840575707526
0.015313032450082023
0.015885438049853394
0.015611061811946455
0.022016327779636
0.02206363402755099
0.022787419620650326
0.02757481190964724
0.021335117809660156
0.021249966563413176
0.021344579059243154
0.020729597836348295
0.020947206576757246
0.020062579740746947
0.020242343482823905
0.02260292525378187
0.016410537401709776
0.016836293632944678
0.01682210175857018
0.013089638798077528
0.013146406295575515
0.0136573137730574
0.014324331868658748
0.014385829990948234
0.011750871982083333
0.01171302698375134
0.011878598851453804
0.012493580074348663
0.013165328794741511
0.018118292951440886
0.018458897936428808
0.019319871648481615
0.019485443516184076
0.020814749082595275
0.019371908521188103
0.020379531601777374
0.016595031768578232
0.016987673626272643
0.017787149216035962
0.018118292951440886
0.018354824191015834
0.020048387866372447
0.02035587847781988
0.023364555845213197
0.025781905113669148
0.026065742601159084
0.02634011883906602
0.02656245820426647
0.027395048167570282
0.028360095625036063
0.0290744199685524
0.029547482447702292
0.030413186784546596
0.03223447732927368
0.0325892741886361
0.0321493260830267
0.03200267671449023
0.03515800345042002
0.03580136842206387
0.03840794268217978
0.03843632643092877
0.038530938926758754
0.03845524893009477
0.03890465828528717
0.03514854220083702
0.0348032065910576
0.03505392970500704
0.035522261559365435
0.03638796589620974
0.03651096214078871
0.03629335340037976
0.03652042339037171
0.03756589146929297
0.03775511646095293
0.03798218645094488
0.04065972008293327
0.04074487132918025
0.040560376962311795
0.04159165316685856
0.03818087269218783
0.038076798946774855
0.03837009768384779
0.03814775831864734
0.03839848143259678
0.04116116631083216
0.04135985255207511
0.041842376280808
0.04196537252538697
0.042107291269131944
0.04224447938808541
0.04295407310681025
0.04314329809847021
0.043100722475346714
0.043365637463670656
0.04396169618739952
0.04426445617405545
0.04519165863318924
0.04560795361484114
0.047888114764343626
0.048086801005586585
0.049212689705963326
0.04956275594053425
0.0502203127865526
0.05053726464758303
0.050996135252358424
0.05131781773818035
0.05159219397608729
0.05181453334128774
0.05077852651194947
0.051464467106716816
0.05226394269648013
0.0523964001906421
0.051682075847125766
0.05159692460087879
0.051700998346291764
0.05166315334795977
0.052136215827109665
0.04720690479436778
0.04721163541915928
0.04792595976267562
0.048001649759339605
0.04851728786161299
0.048460520364114995
0.04849836536244699
0.04902346471430337
0.04910388533575885
0.04915119158367384
0.049922283424688164
0.050759604012783476
0.0506460690177875
0.050896792131736944
0.04408942305676999
0.04453410178717089
0.04542345924797269
0.045702566110671125
0.046232396087319
0.04391438993948453
0.040598221960643784
0.04083002257542723
0.04105236194062768
0.045617414864424145
0.045584300490883654
0.04568364361150513
0.04573094985942012
0.050068932793224635
0.05013516154030562
0.052268673321271636
0.054605601968272105
0.05300665078874547
0.05496986007721752
0.05538615505886942
0.05591125441072581
0.056138324400717754
0.05661611750465915
0.058167762436270795
0.05819141556022829
0.05909969552019608
0.05886316428062114
0.05881112740791465
0.05710337185818354
0.05730678872421799
0.05743924621837996
0.05720271497880501
0.05760008746129092
0.0576994305819124
0.06287946472860373
0.06326264533671513
0.06371678531669904
0.06383978156127801
0.06411888842397645
0.06776146951343062
0.06776146951343062
0.06820141761904001
0.06928000007150177
0.06951653131107671
0.06974360130106867
0.0709073349997774
0.07336252926656535
0.07344768051281232
0.07359906050614029
0.072648204923049
0.07291311991137295
0.07323953302198637
0.07280904616595997
0.07150339372350627
0.07183453745891119
0.07375044049946826
0.0739633186150857
0.07416673548112017
0.0735375623838508
0.07432284609923963
0.07465872045943606
0.0749094435733855
0.07464925920985305
0.07529735480628841
0.07561430666731883
0.07505609294192196
0.07556226979461235
0.07574676416148081
0.07581772353335328
0.07618198164229871
0.07640905163229066
0.07679223224040206
0.07591233602918326
0.07583664603251929
0.07563322916648484
0.07582245415814479
0.07601167914980474
0.0761867122670902
0.07645635788020565
0.0775065565839184
0.07857567778679717
0.07852837153888217
0.07864190653387815
0.07838172217034571
0.0788453233999126
0.07911496901302804
0.07977725648383789
0.07985294648050187
0.08176884952105894
0.08173100452272694
0.08152285703190099
0.08132890141544953
0.081503934532735
0.0850377112519847
0.08525058936760214
0.08521747499406165
0.08286635447268668
0.08271024385456723
0.08289946884622718
0.08397332067389744
0.08398751254827193
0.08437542378117484
0.08548712060717709
0.08605479558215696
0.08602168120861647
0.08603114245819947
0.08618252245152744
0.0863244411952724
0.0863055186961064
0.08639066994235339
0.08628186557214891
0.08637647806797889
0.08624402057381692
0.08639540056714488
0.08668869930421783
0.08694415304295876
0.08581826434258202
0.08567634559883705
0.08525058936760214
0.08537831623697262
0.085903415588829
0.08691576929420977
0.08687792429587778
0.08691103866941827
0.08694888366775026
0.0872374517800317
0.08740302364773415
0.08771051425918158
0.08777674300626258
0.08790920050042454
0.08783824112855206
0.0876679386360581
0.08796596799792253
0.08815046236479099
0.088103156116876
0.08754021176668762
0.08755440364106212
0.08779566550542857
0.08795177612354803
0.0880984254920845
0.08807477236812701
0.08761590176335161
0.0885667573464429
0.08945138418245319
0.08947030668161919
0.08955072730307467
0.08824980548541246
0.08812207861604199
0.08803692736979501
0.08820722986228897
0.08833968735645094
0.08808423361771
0.08826399735978696
0.08831130360770195
0.08658462555880485
0.08658462555880485
0.08576149684508402
0.08602168120861647
0.08593652996236949
0.08605479558215696
0.08605952620694846
0.08640486181672788
0.08638120869277038
0.08644270681505987
0.08666031555546883
0.08688738554546077
0.08694415304295876
0.08683061804796278
0.08637647806797889
0.08628186557214891
0.0863386330696469
0.08645216806464287
0.08647109056380888
0.08704349616358024
0.08660354805797084
0.08776728175667957
0.08779093488063706
0.08812207861604199
0.08827818923416146
0.08843429985228092
0.08903035857600979
0.08868502296623036
0.08838699360436593
0.08849579797457041
0.08851945109852791
0.08833968735645094
0.08868502296623036
0.08865663921748138
0.08689684679504377
0.08785716362771806
0.08778147363105407
0.08787608612688405
0.08798489049708852
0.08794231487396503
0.08791866175000754
0.08873705983893686
0.0889735910785118
0.08892155420580532
0.08862825546873238
0.08855729609685989
0.08715230053378471
0.0872374517800317
0.08702930428920574
0.0871996067816997
0.08737463989898517
0.08751182801793864
0.08789500862605004
0.088065311118544
0.08786662487730106
0.08778620425584557
0.08792339237479904
0.08771997550876459
0.08803692736979501
0.08811261736645899
0.08749763614356414
0.08752601989231312
0.08754967301627062
0.088055849868961
0.08814573173999948
0.08829711173332745
0.08845322235144693
0.08841064672832342
0.08805111924416952
0.08798962112188002
0.08790446987563304
0.08801800487062902
0.08906347294955028
0.08895466857934581
0.08879382733643484
0.08885532545872432
0.08846741422582141
0.08862352484394088
0.08843429985228092
0.08883640295955833
0.08919593044371225
0.08930473481391672
0.08918646919412926
0.08915808544538026
0.08923850606683574
0.08928581231475073
0.08934731043704022
0.08956018855265767
0.09000959790785007
0.0902413985226335
0.09005217353097356
0.09007109603013955
0.09009947977888855
0.09044008476387647
0.08995283041035208
0.08962641729973865
0.08982510354098161
0.0898582179145221
0.08997648353430958
0.09123956035363978
0.09105506598677132
0.09097937599010734
0.09108344973552032
0.09070973037699191
0.09044481538866797
0.0903170885192975
0.09060565663157893
0.0903170885192975
0.09082799599677938
0.09009001852930555
0.09047319913741696
0.0903549335176295
0.09051104413574895
0.09013732477722054
0.09017516977555252
0.08971629917077713
0.08983929541535611
0.09022720664825902
0.08980145041702411
0.0898061810418156
0.08992444666160308
0.09058200350762144
0.09038804789116998
0.09035966414242098
0.09110237223468631
0.09099829848927334
0.09092260849260936
0.0907475753753239
0.09059146475720443
0.09053469725970645
0.09040697039033598
0.09094626161656685
0.09097937599010734
0.09089422474386036
0.09069553850261741
0.09055835038366394
0.09073338350094941
0.09065296287949393
0.09046846851262547
0.09045427663825097
0.09026032102179951
0.09017990040034403
0.09022247602346752
0.09016097790117802
0.09013732477722054
0.09055361975887244
0.09053469725970645
0.09061984850595342
0.09027451289617401
0.090340741643255
0.08989133228806259
0.0898582179145221
0.08893101545538831
0.08877490483726884
