0.0
0.0
0.00017030249249396133
0.00030275998665593127
0.0004919849783158883
0.0005629443501883722
0.0006007893485203636
0.0005487524758138754
0.0006812099699758453
0.0007568999666398282
0.003377666101130233
0.003883842953820618
0.005799745994377683
0.005799745994377683
0.0056010597531347284
0.0037466548348671492
0.003453356097794216
0.003775038583616143
0.003973724824859098
0.0043758279321365065
0.0032215554830107686
0.003453356097794216
0.004205525439642545
0.004200794814851046
0.004749547290664922
0.004470440427966485
0.0045887060477539585
0.004664396044417941
0.004886735409618391
0.004877274160035393
0.005454410384598262
0.005180034146691324
0.0057240559977137
0.0064714947147705305
0.007119590311205883
0.007814992155556226
0.009172681470716417
0.010227610799220677
0.011031817013775496
0.011443381370635903
0.012015786970407272
0.01048779516275312
0.010989241390652006
0.011306193251682433
0.012654421317259627
0.012767956312255602
0.010823669522949542
0.011854945727496308
0.012176628213318236
0.012176628213318236
0.012635498818093631
0.01369515877138939
0.015279918076541532
0.016372692403377784
0.017129592370017613
0.017385046108758552
0.012261779459565216
0.01264022944288513
0.013978996258879326
0.014773741223851146
0.015355608073205514
0.016140891788594337
0.019002919787451184
0.02012407786303643
0.021335117809660156
0.023061795858557263
0.01964628475909504
0.020265996606781397
0.021524342801320113
0.02581028886241814
0.026543535705100475
0.02607993447553358
0.026486768207602488
0.027125402554454843
0.027740383777349702
0.028043143764005633
0.032092558585528716
0.034211878492120235
0.03542764906353546
0.03292514854883252
0.032953532297581516
0.03680899150265314
0.03467074909689563
0.034765361592725606
0.03632173714912875
0.03586286654435336
0.03659138276224419
0.03687522024973413
0.03736720522805002
0.04120847255874714
0.041672073788314036
0.041955911275803975
0.03455721410189965
0.03635485152266925
0.037736193961786936
0.03968521137588449
0.03985078324358695
0.0409719413191722
0.04206944627079995
0.04219717314017042
0.043450788709917636
0.04365893620074359
0.03931149201735608
0.03979874637088046
0.03709755961493458
0.03818087269218783
0.040375882595443335
0.04942083719678928
0.04972832780823671
0.05047103590050204
0.050021626545309644
0.05125631961589086
0.05591125441072581
0.05657827250632715
0.05786973307440636
0.05919903864081756
0.06012624109995135
0.061881302897597454
0.06347079282754109
0.06385397343565251
0.0387674701663337
0.039803476995671966
0.04060768321022678
0.040025816360872414
0.03714486586284957
0.038128835819481344
0.038346444559890294
0.03885735203737218
0.039401373888394556
0.040394805094609326
0.04070702633084826
0.04056983821189479
0.041251048181870635
0.03981766887004646
0.0405272625887713
0.04114697443645766
0.04087259819855072
0.04101451694229569
0.042088368769965946
0.04223974876329391
0.04327575559263218
0.04349809495783263
0.043488633708249624
0.04342713558596014
0.04023396385169837
0.043550131830539116
0.04457194678550288
0.045182197383606244
0.04556064736692616
0.04716905979603579
0.048389560992242515
0.04951544969261926
0.05466236946577009
0.05626605127008823
0.0577230837058699
0.06003635922891287
0.060589842329518244
0.05748182184150345
0.05875435991041666
0.06084529606825918
0.061412971043239055
0.058607710541880194
0.05908550364582159
0.06145554666636255
0.06306395909547219
0.06279904410714825
0.06361744219607755
0.06392966343231649
0.06441218716104938
0.06457775902875183
0.06439799528667488
0.06263347223944578
0.0656468802316306
0.06628078395369146
0.0678371595100946
0.06811626637279304
0.07070864875853444
0.07119117248726733
0.07262455179909151
0.07403427798695819
0.07476752482964052
0.07517908918650093
0.07500878669400697
0.07622928789021369
0.07204741557452864
0.07289419741220696
0.07505609294192196
0.07583664603251929
0.07606844664730274
0.0753541223037864
0.07568999666398282
0.0735564848830168
0.07463506733547856
0.07454991608923157
0.06628078395369146
0.06796961700425656
0.06833387511320199
0.06851836948007045
0.06729313765907222
0.06820141761904001
0.06900089320880333
0.06918538757567179
0.06685318955346282
0.06661192768909638
0.06892520321213935
0.06948814756232773
0.07032546815042304
0.0704721175189595
0.07334360676739934
0.07370786487634477
0.07374570987467675
0.07455464671402308
0.07425188672736714
0.07637120663395866
0.07696726535768753
0.07767212845162087
0.07779039407140834
0.07904400964115556
0.07984821585571038
0.08003744084737033
0.0806382301958907
0.08051050332652022
0.08091733705858913
0.08068080581901418
0.08285689322310369
0.08292785259497618
0.08420985191347238
0.08297515884289117
0.08465453064387328
0.08484848626032473
0.08592233808799499
0.08608317933090595
0.08744086864606615
0.0872374517800317
0.08754494239147913
0.08888843983226483
0.08964533979890464
0.08974468291952613
0.08966899292286214
0.09085637974552838
0.08404901067056142
0.08482483313636724
0.08696780616691625
0.08662720118192833
0.08717595365774221
0.08714756990899322
0.08956491917744917
0.08970210729640264
0.08944192293287019
0.09070973037699191
0.090283974145757
0.0907002691274089
0.09120644598009929
0.09128686660155477
0.09144770784446574
0.09115440910739281
0.09185454157653465
0.09206268906736059
0.09268713153983846
0.09252155967213599
0.0942198539722841
0.09404009023020715
0.09491052519184295
0.09515651768100089
0.09597491576993021
0.09813681129964522
0.10059200556643316
0.10045008682268819
0.10070554056142914
0.10102722304725106
0.10100356992329357
0.10079069180767612
0.10080015305725912
0.09505717456037942
0.09623983075825415
0.09799016193110875
0.09864771877712711
0.09955599873709489
0.09891736439024254
0.09861933502837811
0.09861460440358662
0.09898359313732352
0.09899305438690653
0.0929142015298304
0.0942576989706161
0.09417727834916062
0.09377517524188321
0.09380355899063221
0.09356702775105726
0.09364744837251274
0.09321696151648634
0.09300881402566039
0.09313181027023935
0.0946881858266425
0.09491525581663446
0.09462195707956152
0.09459357333081253
0.09448003833581656
0.09485375769434497
0.09441380958873556
0.09497675393892394
0.09463614895393602
0.094730761449766
0.09476387582330649
0.09579988265264475
0.09632025137970963
0.09661828074157407
0.0973136825859244
0.0982834606681817
0.09885113564316156
0.09949450061480541
0.0995749212362609
0.09979726060146134
0.09968372560646536
0.10061565869039066
0.10031762932852623
0.10033655182769222
0.10112656616787254
0.1017273555163929
0.10149555490160946
0.10168951051806091
0.10182196801222289
0.10167058801889492
0.10156651427348194
0.10140094240577947
0.10102722304725106
0.0968879263546895
0.09677439135969353
0.09785297381215528
0.09884167439357856
0.09938569624460093
0.09917754875377498
0.09926743062481347
0.0994992312395969
0.09990606497166582
0.09978306872708685
0.10014732683603227
0.10009055933853428
0.10081434493163362
0.1004264336987307
0.1004358949483137
0.10069607931184614
0.10109345179433205
0.10200173175429984
0.10190711925846986
0.10231395299053878
0.10180304551305688
0.10296677921176563
0.1030803142067616
0.10410685978651686
0.10425350915505333
0.10446165664587928
0.10492998850023767
0.10429608477817683
0.10368110355528196
0.10457519164087525
0.10397913291714639
0.10288162796551864
0.10318911857696607
0.10318911857696607
0.1057152722156265
0.10536047535626408
0.10545035722730256
0.10420147228234684
0.10416835790880635
0.10383248354860992
0.10422039478151283
0.10370002605444796
0.10429608477817683
0.10358649105945199
0.10363852793215847
0.10337361294383453
0.10414470478484886
0.10373314042798845
0.10362433605778397
0.10301881608447211
0.1030282773340551
0.10293366483822514
0.10281539921843766
0.10270659484823318
0.1022051486203343
0.10213891987325331
0.10113129679266404
0.10133471365869849
0.10070554056142914
0.1008616511795486
0.10058254431685017
0.1008711124291316
0.10039804994998171
0.10018990245915575
0.10107452929516605
0.101301599285158
0.10195442550638485
0.10199227050471685
0.10168951051806091
0.10152866927514995
0.10148609365202646
0.10150501615119245
0.10210107487492132
0.10234233673928776
0.1017368167659759
0.10156651427348194
0.10140094240577947
0.10153813052473294
0.10108399054474905
0.10083326743079961
0.10143405677931998
0.10018517183436426
0.10148136302723496
0.1017131636420184
0.1017510086403504
0.10194023363201035
0.10241802673595175
0.1021862261211683
0.10165166551972893
0.10161855114618842
0.10095626367537858
0.10022774745748775
0.10040278057477321
0.10000540809228729
0.09992971809562332
0.09991552622124882
0.10029397620456873
0.10012367371207477
0.10066296493830565
0.09991079559645731
0.10001959996666179
0.10177939238909939
0.10144351802890297
0.10125429303724301
0.10104141492162556
0.10100830054808507
0.10061565869039066
0.09995337121958081
0.09987295059812533
0.09962222748417589
0.0995134231139714
0.09948503936522242
0.09848687753421614
0.09811315817568772
0.09826453816901569
0.09806585192777274
0.09760698132299735
0.09756440569987385
0.0982266931706837
0.09794758630798527
0.0986713719010846
0.09761171194778884
0.096902118229064
0.09664193386553156
0.0964432476242886
0.09631079013012664
0.09465980207789351
0.09477806769768098
0.0947544145737235
0.09483956581997047
0.09571473140639777
0.09552550641473781
0.09533155079828635
0.09532208954870336
0.09504298268600492
0.09487741081830246
0.09538358767099285
0.09522747705287338
0.09497202331413244
0.09473549207455749
0.09479225957205548
0.09441854021352707
0.09434758084165458
0.09433811959207158
0.09403535960541565
0.09382721211458969
0.09347714588001878
0.0933494190106483
0.09353391337751676
0.09340618650814629
0.09328319026356732
0.09307504277274137
0.09395966960875167
0.0934109171329378
0.09347714588001878
0.09334468838585681
0.09357175837584876
0.09355283587668276
0.09307504277274137
0.09276755216129394
0.09276755216129394
0.0933872640089803
0.09315073276940536
0.09288581778108142
0.09271078466379595
0.09273916841254494
0.09212891781444159
0.09193023157319863
0.09123956035363978
0.09108344973552032
0.09122063785447379
0.0911496784826013
0.0907239222513664
0.0907759591240729
