0.0
0.0
0.0
0.0
0.0
0.0
0.0
0.0
0.0
0.0
0.0
0.0
5.676749749798711e-05
0.00013245749416196994
0.0005865974741458668
0.0006291730972693572
0.00044467873040089905
0.0007474387170568303
0.0008893574608017981
0.0010501987037127615
0.0009272024591337895
0.0011164274507937466
0.0012488849449557166
0.0020625524090935317
0.0024362717676219467
0.004087259819855072
0.004068337320689076
0.004252831687557535
0.006296461597485071
0.0065424540866430144
0.004432595429634494
0.013288325039320483
0.0127774175618386
0.013614738149933909
0.004328521684221517
0.004432595429634494
0.004531938550255971
0.004602897922128455
0.0048015841633714095
0.005009731654197363
0.0024031573940814545
0.002313275523042975
0.00237950427012396
0.0028525667492738526
0.0028005298765673642
0.0032925148548832526
0.0034912010961262075
0.003637850464662674
0.0037324629604926526
0.003888573578612117
0.004702241042749932
0.0048110454129544076
0.004290676685889526
0.004640742920460446
0.0055395616308452425
0.006182926602489096
0.006192387852072094
0.00647622533956203
0.006173465352906099
0.006831022198924449
0.014792663723017142
0.01621185116046682
0.016192928661300825
0.016505149897539755
0.01669437488919971
0.016576109269412238
0.01835955481580733
0.02004365724158095
0.020275457856364396
0.02073905908593129
0.02233327964066643
0.021959560282138014
0.022319087766291934
0.02295772211314429
0.023099640856889255
0.02524261388743827
0.026453653834061994
0.024779012657871375
0.0251148870180678
0.026439461959687497
0.029713054315404754
0.027868110646720172
0.027957992517758653
0.028568243115862015
0.02871962310918998
0.027480199413817262
0.027730922527766703
0.02823709938045709
0.027863380021928674
0.027863380021928674
0.02805260501358863
0.028572973740653512
0.029050766844594903
0.02938191057999983
0.0352384240718755
0.03141134861555287
0.03158638173283833
0.03225813045323118
0.0330386835438285
0.03323263916027996
0.033421864151939915
0.03371516288901284
0.034065229123583764
0.03430176036315871
0.0295096374493703
0.029679939941864263
0.03311437354049248
0.03383342850880032
0.034126727245873255
0.03254196794072111
0.032802152304253554
0.03316167978840747
0.03228178357718867
0.03250412294238912
0.03285891980175154
0.0330481447934115
0.03324683103465445
0.03325629228423745
0.03353066852214439
0.033672587265889356
0.03418822536816274
0.034415295358154685
0.03515800345042002
0.03543237968832696
0.03608047528476231
0.037405050226382006
0.0378686514559489
0.03825656268885182
0.03857351454988224
0.03896142578278516
0.04157273066769256
0.04148757942144558
0.04292568935806126
0.04319060434638519
0.05077852651194947
0.04465236740695836
0.045650529237964636
0.05028181090884209
0.04952964156699376
0.049652637811572725
0.050693375265702494
0.05111913149693739
0.051298895239014354
0.05159219397608729
0.05101505775152442
0.05056564839633202
0.05086367775819645
0.05081637151028146
0.0510907477481884
0.052642392679800046
0.052959344540830476
0.05340875389602288
0.055258428189498957
0.05571256816948285
0.057817696201699874
0.05805422744127482
0.05827183618168377
0.05840429367584574
0.05869759241291867
0.05749128309108645
0.05779404307774238
0.05805895806606632
0.05382031825288328
0.05323845140352891
0.054156192613079704
0.05496986007721752
0.05884897240624664
0.059378802382894516
0.059307843011022036
0.06010731860078535
0.06185764977363996
0.061867111023222954
0.06197118476863593
0.062202985383419375
0.06216040976029589
0.06293150160131021
0.0629882690988082
0.06329102908546413
0.06400062280418897
0.06527789149789368
0.06532519774580867
0.06598748521661851
0.06428919091647041
0.06494201713769726
0.06477644526999479
0.06707552891866327
0.06790811888196709
0.06803584575133756
0.06774727763905612
0.06333833533337913
0.062184062884253384
0.06244424724778582
0.06227394475529186
0.062387479750287834
0.06270916223610977
0.06329102908546413
0.06418038654626593
0.06424661529334691
0.06437434216271738
0.06367894031836704
0.06481429026832679
0.06547184711434513
0.0656421496068391
0.06792704138113308
0.06897724008484583
0.06918538757567179
0.06953072318545121
0.07081745312873892
0.07061403626270447
0.0709120656245689
0.06757697514656216
0.07167369621600023
0.0718108843349537
0.07209472182244363
0.07147500997475727
0.07192441932994967
0.0722602936901461
0.07229340806368659
0.07232652243722708
0.07229340806368659
0.07249209430492955
0.07308342240386691
0.07306449990470092
0.07303611615595192
0.07273808679408748
0.07408158423487318
0.0753446610542034
0.07451680171569108
0.07507028481629646
0.07546292667399086
0.07374097924988526
0.07382613049613224
0.07477225545443203
0.07458303046277207
0.07437488297194611
0.07391128174237922
0.07419984985466066
0.07466345108422755
0.0739964329886262
0.07431811547444812
0.07438434422152912
0.07424715610257564
0.0744742260925676
0.07473441045610003
0.07494255794692599
0.07504663169233897
0.0753683141781609
0.07639012913312465
0.07718960472288798
0.07744032783683742
0.07791812094077881
0.07815938280514526
0.07823507280180923
0.07833914654722221
0.07833914654722221
0.07943192087405847
0.07940353712530947
0.08029289458611127
0.08019828209028129
0.08029762521090276
0.08036858458277525
0.08037331520756676
0.08028343333652828
0.0806240383215162
0.08080853268838466
0.08106398642712559
0.0810829089262916
0.08259670885957125
0.0828332400991462
0.08284270134872919
0.08284270134872919
0.08274335822810772
0.08394493692514844
0.0841152394176424
0.08398751254827193
0.08402535754660392
0.08414835379118289
0.08535939373780663
0.08698199804129075
0.08740775427252566
0.08670762180338382
0.08672654430254981
0.08711918616024422
0.0872090680312827
0.09130105847592927
0.09141459347092525
0.09233233468047604
0.09288581778108142
0.09306558152315837
0.09278174403566844
0.09284797278274942
0.09277701341087694
0.09156597346425321
0.09173627595674717
0.09225664468381206
0.09231341218131005
0.09225664468381206
0.09258305779442548
0.09421039272270111
0.0947165695753915
0.09489160269267696
0.0955349676643208
0.09564850265931679
0.09587084202451723
0.0960364138922197
0.09633444325408413
0.09697307760093649
0.09534101204786935
0.09542616329411634
0.09543562454369933
0.0955491595386953
0.08977779729306662
0.08978252791785812
0.08994336916076907
0.09042116226471048
0.09068607725303442
0.09068607725303442
0.09107871911072882
0.09032181914408899
0.09015151665159503
0.09043535413908498
0.09043535413908498
0.0991538956298175
0.09922958562648147
0.09992971809562332
0.10015205746082376
0.10006217558978528
0.10019463308394726
0.10059200556643316
0.10063931181434815
0.10079069180767612
0.10216257299721081
0.10253629235573922
0.10241802673595175
0.10243221861032624
0.10251736985657323
0.10290528108947614
0.10357702980986898
0.10362433605778397
0.10377571605111194
0.10373314042798845
0.10469345726066273
0.10474549413336923
0.10806639273700147
0.10781093899826052
0.10779674712388602
0.10785351462138401
0.107910282118882
0.10782513087263502
0.10799543336512898
0.10799543336512898
0.107910282118882
0.10824142585428692
0.1083691527236574
0.10852053271698536
0.10861514521281534
0.10881383145405829
0.10899832582092675
0.1092679714340422
0.10978360953631558
0.11042224388316793
0.11051212575420641
0.11050266450462341
0.11075338761857285
0.11004379389984802
0.11070608137065786
0.11150555696042118
0.1113920219654252
0.11163328382979165
0.11172789632562163
0.11179885569749412
0.11171370445124713
0.11176574132395363
0.11219149755518854
0.11181304757186862
0.11201646443790307
0.11211580755852454
0.1118840069437411
0.11184616194540911
0.11242329816997197
0.11235706942289099
0.11251791066580195
0.11223407317831202
0.11222461192872903
0.11202119506269456
0.11208742380977556
0.11181304757186862
0.11169005132728964
0.11178466382311962
0.11227191817664402
0.1136911056140937
0.11659570923607403
0.11707823296480692
0.11703092671689193
0.11801016604873221
0.11819466041560067
0.11823723603872416
0.11894209913265749
0.11836496290809463
0.11924012849452192
0.11928270411764542
0.11928270411764542
0.11956181098034385
0.1198125340942933
0.1198125340942933
0.11973211347283781
0.1202146372015707
0.12009164095699174
0.12037074781969018
0.12036601719489867
0.12031871094698368
0.12059781780968212
0.12043697656677116
0.12031871094698368
0.12085800217321456
0.12098099841779353
0.12083434904925706
0.12088165529717206
0.12078704280134207
0.12073500592863559
0.12197442962400831
0.1220311971215063
0.12208323399421278
0.12165747776297788
0.12178993525713985
0.12167640026214388
0.12165747776297788
0.12139256277465395
0.12225353648670674
0.12222515273795775
0.12221096086358325
0.12232449585857923
0.1224522227279497
0.12258941084690317
0.12257994959732017
0.12259887209648616
0.12238599398086872
0.12274552146502263
0.12325642894250452
0.12345038455895598
0.123299004565628
0.12275025208981413
0.1228874402087676
0.12284486458564411
0.12345511518374747
0.12358757267790944
0.1237578751704034
0.12403698203310184
0.12427351327267679
0.12459519575849871
0.12467088575516269
0.12453842826100073
0.12479861262453316
0.12497837636661013
0.1250114907401506
0.12443908514037925
0.1260096525711569
0.12608061194302939
0.12583935007866293
0.12534736510034705
0.125574435090339
0.12436339514371526
0.12490741699473765
0.12400859828435284
0.1237531445456119
0.12383356516706738
0.12483645762286516
0.12533317322597254
0.12566431696137748
0.125593357589505
0.12581569695470543
0.1255223982176325
0.12556024321596448
0.12532371197638956
0.12626037568510634
0.12625091443552333
0.12661044191967727
0.12707404314924414
0.12711188814757615
0.12768429374734752
0.1277032162465135
0.12749506875568756
0.12740045625985758
0.12738153376069158
0.12760860375068353
0.12745722375735558
0.1273011131392361
0.12715919439549114
0.12719230876903162
0.12688954878237568
0.1268942794071672
0.12677128316258823
0.12661990316926025
0.12688954878237568
0.12714027189632512
0.1269226631559162
0.1277505224944285
0.12778836749276049
0.12752345250443656
0.1277126774960965
