0.0
0.0
0.0
0.0
0.0
0.0
0.0
0.0
0.0
0.0
0.0
0.00013245749416196994
0.00013245749416196994
0.00013245749416196994
0.00013245749416196994
0.00013245749416196994
0.00013245749416196994
0.00013245749416196994
0.00013245749416196994
0.00013245749416196994
0.00013245749416196994
0.00013245749416196994
0.00013245749416196994
0.00013245749416196994
0.00013245749416196994
0.00013245749416196994
0.00013245749416196994
0.00013245749416196994
0.00013245749416196994
0.00013245749416196994
0.00013245749416196994
0.00013245749416196994
0.00013245749416196994
0.00013245749416196994
0.00013245749416196994
0.00013245749416196994
0.0001466493685364667
0.0001466493685364667
0.0002176087404089506
0.00024599248915794413
0.0002649149883239399
0.0002649149883239399
0.00028383748748993557
0.00028383748748993557
0.00028383748748993557
0.00028383748748993557
0.00028383748748993557
0.00028383748748993557
0.00028383748748993557
0.00028383748748993557
0.00028383748748993557
0.00032168248582192696
0.0003784499833199141
0.0003784499833199141
0.0003784499833199141
0.00040683373206890766
0.0004352174808179012
0.0004352174808179012
0.0004352174808179012
0.0004352174808179012
0.0008042062145548174
0.0008278593385123121
0.0008278593385123121
0.0009745087070487788
0.0010123537053807702
0.0010123537053807702
0.0010123537053807702
0.0010123537053807702
0.0011306193251682433
0.0012441543201642175
0.002105128032217022
0.0023416592717919685
0.002426810518038949
0.002426810518038949
0.0027295705046948802
0.0033445517275897405
0.0034202417242537235
0.0038081529571566356
0.003968994200067599
0.003968994200067599
0.004432595429634494
0.004432595429634494
0.004541399799838969
0.005142189148359333
0.005558484130011238
0.005586867878760232
0.00581393786875218
0.00594639536291415
0.0059842403612461416
0.005970048486871645
0.005870705366250167
0.0059653178620801455
0.006660719706430488
0.006660719706430488
0.006660719706430488
0.006717487203928475
0.00673640970309447
0.0069256346947544276
0.0069256346947544276
0.007762955282849738
0.00815086651575265
0.008226556512416633
0.008888843983226482
0.009139567097175925
0.009404482085499865
0.00999581018443723
0.010005271434020229
0.010062038931518216
0.010099883929850208
0.01017557392651419
0.01021341892484618
0.010369529542965645
0.01092301264357102
0.011339307625222925
0.01132038512605693
0.011315654501265432
0.011646798236670355
0.01123523387980995
0.011419728246678407
0.011476495744176394
0.011708296358959843
0.011821831353955816
0.011850215102704809
0.011949558223326287
0.01255507819663815
0.012763225687464103
0.01264022944288513
0.013222096292239497
0.013293055664111982
0.013349823161609969
0.014584516232191189
0.014882545594055621
0.015275187451750032
0.015473873692992987
0.01563471493590395
0.0158523236763129
0.015956397421725877
0.015946936172142878
0.01622131241004982
0.01634430865462879
0.01651934177191425
0.016415268026501274
0.01607939366630485
0.015842862426729904
0.015928013672976884
0.01589016867464489
0.01599424242005787
0.015790825554023415
0.016315924905879797
0.017110669870851615
0.017195821117098595
0.01754115672687802
0.01775403484249547
0.017895953586240437
0.017938529209363927
0.01814667670018988
0.018042602954776905
0.018132484825815382
0.017848647338325446
0.017408699232716048
0.017380315483967054
0.017427621731882042
0.017328278611260566
0.01735666236000956
0.017366123609592558
0.017441813606256542
0.017413429857507545
0.017375584859175557
0.01740396860792455
0.017512772978129025
0.01754115672687802
0.018354824191015834
0.018212905447270864
0.01809937045227489
0.01824601982081136
0.018179791073730373
0.01810883170185789
0.018028411080402408
0.01793379858457243
0.017947990458946926
0.01827913419435185
0.01828386481914335
0.01796691295811292
0.01801421920602791
0.017962182333321423
0.018080447953108897
0.018066256078734397
0.018085178577900395
0.017597924224376005
0.01754115672687802
0.017772957341661465
0.017782418591244464
0.017947990458946926
0.018458897936428808
0.016457843649624763
0.0167416811371147
0.016713297388365706
0.016765334261072195
0.016041548667972857
0.01602735679359836
0.016235504284424315
0.016637607391701722
0.01665652989086772
0.016902522380025663
0.016760603636280694
0.016807909884195685
0.016713297388365706
0.016590301143786734
0.01656191739503774
0.017077555497311124
0.017016057375021636
0.01669910551399121
0.016888330505651167
0.016888330505651167
0.01708701674689412
0.01731408673688607
0.017238396740222088
0.017337739860843564
0.017238396740222088
0.016945098003149153
0.017139053619600608
0.017181629242724098
0.017550617976461017
0.01743708298146504
0.017858108587908445
0.018028411080402408
0.01814667670018988
0.018700159800795254
0.018865731668497716
0.01876638854787624
0.018492012309969302
0.018605547304965275
0.019097532283281163
0.0189414216651617
0.0189414216651617
0.018818425420582728
0.019130646656821657
0.019173222279945147
0.019305679774107118
0.019466521017018082
0.019040764785783176
0.01911172415765566
0.019234720402234635
0.019059687284949174
0.019012381037034183
0.019315141023690113
0.019277296025358125
0.01943813726826909
0.01943813726826909
0.019452329142643585
0.019490174140975574
0.01951382726493307
0.019849701625129494
0.01969832163180153
0.019736166630133518
0.019651015383886538
0.019357716646813607
0.019352986022022105
0.019371908521188103
0.019371908521188103
0.019324602273273112
0.019324602273273112
0.019324602273273112
0.01903603416099168
0.019088071033698167
0.019163761030362148
0.019083340408906666
0.019097532283281163
0.018790041671833735
0.01880896417099973
0.01885627041891472
0.019584786636805553
0.01951382726493307
0.019220528527860138
0.019390831020354098
0.019409753519520092
0.019457059767435083
0.019357716646813607
0.01994904474575097
0.019897007873044482
0.01964628475909504
0.01986862412429549
0.019920660997001977
0.018719082299961252
0.01868123730162926
0.018879923542872212
0.018917768541204204
0.018903576666829708
0.018657584177671764
0.019272565400566623
0.019319871648481615
0.019792934127631508
0.019764550378882514
0.019518557889724567
0.01991119974741898
0.019788203502840006
0.019892277248252984
0.01965574600867804
0.019712513506176026
0.019622631635137545
0.019310410398898616
0.019310410398898616
0.01925364290140063
0.019300949149315617
0.019357716646813607
0.0193766391459796
0.0193766391459796
0.0193766391459796
0.0193861003955626
0.01934352477243911
0.019475982266601077
0.01993958349616797
0.02012407786303643
0.020256535357198402
0.020171384110951422
0.019324602273273112
0.019282026650149622
0.019007650412242685
0.0189508829147447
0.018969805413910693
0.018922499165995706
0.019173222279945147
0.018397399814139324
0.018482551060386303
0.019017111661825684
0.018988727913076688
0.018988727913076688
0.018913037916412707
0.01871435167516975
0.01862920042892277
0.0184967429347608
0.018439975437262814
0.01832644044226684
0.018378477314973326
0.018416322313305318
0.0185014735595523
0.018534587933092792
0.018468359186011807
0.018610277929756776
0.018477820435594806
0.018610277929756776
0.01840213043893082
0.01824601982081136
0.018260211695185855
0.018345362941432835
0.019405022894728594
0.01920160602869414
0.019239451027026132
0.01898399728828519
0.019097532283281163
0.019021842286617182
0.018879923542872212
0.018870462293289217
0.01879950292141673
0.01903130353620018
0.01911645478244716
0.018832617294957225
0.018879923542872212
0.019097532283281163
0.018917768541204204
0.018865731668497716
0.01902657291140868
0.0189414216651617
0.018917768541204204
0.0189319604155787
0.018771119172667737
0.0189319604155787
0.01880423354620823
0.018747466048710245
0.018936691040370202
0.018861001043706218
0.01875692729829324
0.01885153979412322
0.019589517261597054
0.019352986022022105
0.019509096640141572
0.0193861003955626
0.0193861003955626
0.019528019139307566
0.019546941638473564
0.019485443516184076
0.020474144097607352
0.01990646912262748
0.01994904474575097
0.019859162874712493
0.019669937883052536
0.020199767859700415
0.020450490973649857
0.020412645975317865
0.020459952223232856
0.02048833597198185
0.020545103469479836
0.020691752838016303
0.020691752838016303
0.02096612907592324
0.02148649780298812
0.02141080780632414
0.02127835031216217
0.021283080936953667
0.021283080936953667
0.021283080936953667
0.02132565656007716
0.02144392217986463
0.021169545941957694
0.0211411621932087
0.02110804781966821
0.02148649780298812
0.021571649049235104
0.021562187799652105
0.02136823218320065
0.021429730305490134
0.02149595905257112
0.02167099216985658
0.021500689677362617
0.02168045341943958
0.021689914669022575
0.02154799592527761
0.02144392217986463
0.02154799592527761
0.02136350155840915
0.021264158437787672
0.0211506234427917
0.02131146468570266
0.021155354067583197
0.021032357823004225
0.0207059447123908
0.020668099714058807
0.020601870966977822
0.02039372347615187
0.020327494729070885
0.02035587847781988
0.020247074107615403
0.019897007873044482
0.019859162874712493
0.019750358504508018
0.019703052256593027
0.019494904765767075
0.019546941638473564
0.019575325387222557
0.01959424788638855
0.019542211013682063
0.019494904765767075
0.019930122246584976
0.019755089129299516
0.019755089129299516
0.019755089129299516
0.01963682350951204
0.018827886670165727
0.018922499165995706
0.01916849165515365
0.019196875403902643
0.019225259152651636
0.019196875403902643
0.01925364290140063
0.01929148789973262
0.019045495410574678
0.019083340408906666
0.01890830729162121
0.018936691040370202
0.01885153979412322
0.018790041671833735
0.01880423354620823
0.018667045427254763
0.01867650667683776
0.018605547304965275
0.01868123730162926
0.018794772296625233
0.018870462293289217
0.018946152289953198
0.019102262908072664
0.019196875403902643
0.01889884604203821
0.018837347919748722
0.018865731668497716
0.019239451027026132
0.019144838531196154
0.018965074789119196
0.018685967926420757
0.018648122928088765
0.018685967926420757
0.018624469804131273
0.01871435167516975
0.018790041671833735
0.01888938479245521
0.018965074789119196
0.018879923542872212
0.018913037916412707
0.01884680916933172
0.018865731668497716
0.018865731668497716
0.019140107906404656
0.019040764785783176
0.01903603416099168
0.018969805413910693
0.0189319604155787
0.019040764785783176
0.0189414216651617
0.018780580422250736
0.018695429176003756
0.018695429176003756
