0.0
0.0
0.0
0.0
0.0
2.8383748748993554e-05
2.8383748748993554e-05
2.8383748748993554e-05
2.8383748748993554e-05
2.8383748748993554e-05
0.0
0.0
8.515124624698066e-05
8.515124624698066e-05
8.515124624698066e-05
8.515124624698066e-05
8.515124624698066e-05
8.515124624698066e-05
8.515124624698066e-05
0.00010407374541297637
0.0002885681122814345
0.0003926418576944109
0.0006339037220608561
0.0006339037220608561
0.0014570324357816692
0.0016367961778586285
0.0017692536720205984
0.0020057849115955447
0.0019537480388890564
0.002426810518038949
0.0025025005147029317
0.0031742492350957793
0.003325629228423745
0.00343443359862822
0.003510123595292203
0.0035385073440411968
0.003973724824859098
0.004257562312349033
0.0017550617976461015
0.0018118292951440887
0.002346389896583467
0.002431541142830448
0.002791068626984366
0.002791068626984366
0.0028099911261503623
0.002989754868227321
0.0024599248915794414
0.0026349580088649016
0.0029187954963548375
0.0029471792451038308
0.0030938286136402977
0.003467547972168713
0.0035337767192496978
0.0035905442167476847
0.0036615035886201686
0.0037939610827821386
0.004252831687557535
0.004290676685889526
0.004706971667541432
0.005605790377926227
0.005927472863748154
0.006689103455179481
0.00854823899823856
0.008586083996570551
0.008955072730307467
0.0063390372206085606
0.006381612843732051
0.006443110966021537
0.0066323359576814945
0.006689103455179481
0.006859405947673443
0.007015516565792908
0.007039169689750402
0.007289892803699845
0.007299354053282843
0.007635228413479266
0.007762955282849738
0.016155083662968833
0.016415268026501274
0.016642338016493223
0.01700186550064714
0.017181629242724098
0.017191090492307097
0.01859135543059078
0.01934352477243911
0.019466521017018082
0.020143000362202425
0.022248128394419447
0.02272119087356934
0.02299083648668478
0.023411862093128184
0.02362000958395414
0.023776120202073602
0.023795042701239597
0.024159300810185014
0.02435798705142797
0.02475535953391388
0.024849972029743858
0.024906739527241845
0.02506285014536131
0.026586111328223964
0.02678479756946692
0.027205823175910325
0.026940908187586383
0.02802422126483964
0.028175601258167603
0.019580056012014055
0.019726705380550522
0.020190306610117417
0.018998189162659686
0.021074933446127715
0.021216852189872685
0.024504636419964438
0.02458505704141992
0.025994783229286597
0.025734598865754157
0.025176385140357284
0.02541764700472373
0.025682561993047668
0.02585759511033313
0.0259900526044951
0.024168762059768013
0.024036304565606043
0.024471522046423944
0.024854702654535356
0.025119617642859297
0.025214230138689276
0.025540643249302702
0.02558321887242619
0.02651042133155998
0.026482037582810987
0.0317235698517918
0.030990323009109463
0.03110385800410544
0.03153907548492334
0.031841835471579275
0.03381450600963432
0.038866813286955175
0.03651569276558021
0.03673803213078066
0.03717324961159856
0.03740978085117351
0.03784499833199141
0.03928783889339858
0.04026234760044736
0.040934096320840205
0.04043738071773282
0.04073541007959725
0.0409719413191722
0.041421350674364595
0.03932568389173057
0.04309599185055522
0.04334198433971316
0.04372989557261607
0.04465709803174986
0.04636958420627247
0.046360122956689474
0.04647365795168545
0.04545657362151318
0.04529573237860222
0.04651150295001744
0.04730151729019776
0.047500203531440716
0.047855000390803135
0.048290217871621036
0.048422675365783006
0.048947774717639385
0.0484463284897405
0.04939245344804029
0.04942556782158078
0.04945868219512127
0.04946814344470427
0.049231612205129324
0.04895250534243089
0.048441597864949004
0.05104817212506491
0.05353648076539334
0.05356486451414234
0.05342294577039737
0.05355540326455934
0.05362636263643183
0.05467183071535309
0.05513070132012848
0.05560376379927837
0.05590652378593431
0.0559585606586408
0.056067365028845274
0.05648366001049718
0.05602478940572178
0.05803057431731733
0.0576852387075379
0.05762374058524842
0.05739193997046497
0.05749128309108645
0.06129943604824308
0.0612332073011621
0.06133728104657508
0.061460277291154046
0.06194280101988694
0.06191914789592944
0.061815074150516465
0.06289365660297822
0.06529208337226818
0.06539615711768115
0.06546238586476213
0.06552861461184312
0.06778039201259661
0.06792231075634159
0.0669525326740843
0.06730732953344672
0.06755332202260467
0.06844741010819796
0.06892047258734785
0.07022612502980155
0.07084110625269642
0.07084110625269642
0.07141351185246779
0.07129051560788882
0.07123847873518233
0.07161219809371074
0.07173992496308121
0.07189130495640918
0.07171627183912371
0.07110602124102036
0.07104925374352238
0.07111075186581185
0.07155543059621275
0.07158381434496175
0.0744505729686101
0.074904712948594
0.07505609294192196
0.07497094169567498
0.07510812981462844
0.07552442479628035
0.0762150960158392
0.07650839475291213
0.0766597747462401
0.07660300724874211
0.0762387491397967
0.07629551663729468
0.07624821038937969
0.07647054975458013
0.0761772510175072
0.07608736914646873
0.07612521414480072
0.0766266603726996
0.0774923647095439
0.07758224658058238
0.07742140533767142
0.08027870271173677
0.08050104207693723
0.08058146269839271
0.08085110831150814
0.08129578704190904
0.08278120322643971
0.08273862760331621
0.08296569759330817
0.08258251698519675
0.0841341619168084
0.0841672762903489
0.08432338690846836
0.0841388925415999
0.08416254566555739
0.08553915747988358
0.0854066999857216
0.08525058936760214
0.08551077373113458
0.08550131248155159
0.08526478124197664
0.08529316499072563
0.08536885498738962
0.08563376997571356
0.08592233808799499
0.08581826434258202
0.08576149684508402
0.08572365184675204
0.08564796185008805
0.08585137871612251
0.08585137871612251
0.0858703012152885
0.08629605744652341
0.08617306120194444
0.08636228619360439
0.08657043368443035
0.08709080241149522
0.08726583552878069
0.08687792429587778
0.08759697926418561
0.088093694867293
0.08804638861937801
0.08762536301293461
0.08802746612021202
0.08845795297623842
0.08903508920080129
0.0889972442024693
0.08892628483059681
0.08935677168662322
0.08826399735978696
0.08801327424583752
0.08807477236812701
0.08817411548874848
0.08824034423582947
0.0885241817233194
0.08866610046706437
0.0884768754754044
0.08841064672832342
0.0885667573464429
0.09019409227471853
0.09004744290618205
0.09037385601679548
0.09078542037365589
0.09052523601012345
0.09043062351429347
0.09026032102179951
0.09112602535864381
0.09133890347426127
0.09162747158654269
0.09147609159321474
0.09152339784112973
0.09155178158987871
0.09151866721633822
0.09155178158987871
0.09066242412907692
0.09082326537198789
0.09091314724302636
0.09104560473718833
0.09046846851262547
0.09034547226804648
0.09049212163658296
0.09057727288282993
0.09061984850595342
0.0907144610017834
0.0907475753753239
0.09147609159321474
0.09148555284279773
0.09217622406235658
0.09198226844590512
0.09218568531193957
0.09241275530193152
0.09214784031360758
0.09218095468714807
0.09219514656152257
0.09189711719965814
0.09116860098176731
0.09083745724636237
0.09061984850595342
0.09083272662157088
0.08996702228472657
0.0898724097888966
0.08956964980224066
0.09073338350094941
0.09109764160989482
0.09134836472384426
0.09143824659488274
0.09147609159321474
0.092493175923387
0.09158016533862771
0.09135782597342726
0.09142878534529975
0.0911969847305163
0.09154232034029572
0.09149028346758922
0.09038331726637848
0.0903549335176295
0.09032181914408899
0.09035020289283799
0.08995756103514357
0.09190184782444964
0.09225664468381206
0.09184034970216015
0.09155651221467022
0.0916085490873767
0.09153285909071272
0.09136728722301025
0.0911733316065588
0.0911733316065588
0.09144297721967425
0.09169370033362369
0.09147609159321474
0.09122063785447379
0.09111656410906081
0.09092733911740086
0.09090368599344337
0.09061511788116193
0.09055361975887244
0.09051577476054046
0.09062930975553643
0.09081380412240489
0.09047792976220846
0.0903076272697145
0.08997648353430958
0.09009001852930555
0.08991025478722858
0.09021301477388452
0.08989133228806259
0.08954126605349168
0.08948922918078518
0.08963587854932165
0.0894135391841212
0.08945138418245319
0.08944192293287019
0.08948922918078518
0.09042589288950197
0.09034547226804648
0.09169370033362369
0.09151866721633822
0.09187819470049215
0.0902413985226335
0.08977779729306662
0.08964533979890464
0.08956964980224066
0.08965480104848765
0.08945138418245319
0.08936623293620621
0.08930000418912523
0.08922431419246124
0.08921958356766975
0.08913916294621427
0.08880328858601784
0.08870394546539637
0.08858567984560889
0.0885478348472769
0.08842483860269792
0.08688265492066928
0.08698672866608226
0.08701984303962275
0.08729421927752969
0.088103156116876
0.08803692736979501
0.08791866175000754
0.08819776861270598
0.08787608612688405
0.08855729609685989
0.08871340671497936
0.08888370920747332
0.08896886045372031
0.08871813733977085
0.08870394546539637
0.08843903047707243
0.08834914860603395
0.0872185292808657
0.08722799053044869
0.08620144495069343
0.08602641183340796
0.08580407246820752
0.08563850060050505
0.08580880309299901
0.08553915747988358
0.08518436062052116
0.08521274436927015
0.0858892237144545
0.0854729287328026
0.08574257434591803
0.085931799337578
0.08591287683841199
0.08604060370778246
0.08613521620361245
0.08616359995236143
0.08609264058048896
0.08636228619360439
0.0867880424248393
0.08640013119193639
0.08650420493734937
0.0862913268217319
0.08634809431922989
0.08623455932423392
0.08628186557214891
0.08613994682840394
0.088093694867293
0.08820722986228897
0.08797069862271403
0.08818357673833148
0.08822615236145497
0.08839172422915743
0.08821196048708048
0.08798489049708852
0.08819303798791447
0.0881078867416675
0.08749290551877263
0.08731314177669568
0.08734152552544468
0.08882694170997534
0.0885431042224854
0.08840118547874043
0.08827345860936996
0.08822615236145497
0.08835387923082544
0.08818357673833148
0.0881173479912505
0.08813627049041649
0.08801800487062902
0.08806058049375251
0.08913916294621427
0.08905401169996728
0.08906820357434178
0.08927162044037623
0.08912024044704826
0.08926215919079324
0.08967845417244515
0.08971629917077713
