0.0
0.0
0.0
0.0
0.0
0.0
0.0
0.0
0.0
0.0
0.0008704349616358024
0.0008704349616358024
0.0008704349616358024
0.0009130105847592928
0.0013671505647431896
0.001083313077253254
0.001159003073917237
0.0016415268026501273
0.0016415268026501273
0.001598951179526637
0.0016557186770246241
0.0018354824191015833
0.0019159030405570651
0.0020956667826340244
0.002360581770957964
0.0030228692417678137
0.0030938286136402977
0.0037277323357011536
0.004986078530239868
0.005061768526903851
0.005061768526903851
0.0057240559977137
0.005790284744794686
0.006287000347902073
0.007242586555784856
0.007242586555784856
0.007256778430159353
0.007256778430159353
0.006556645961017511
0.006556645961017511
0.006726948453511473
0.008027870271173677
0.009096991474052435
0.008311707758663613
0.008046792770339673
0.008084637768671665
0.008472549001574577
0.008798962112188002
0.00956059270361933
0.008344822132204105
0.008515124624698066
0.00929094709050389
0.011750871982083333
0.01141026699709541
0.011580569489589371
0.01242262070247618
0.01193536634895179
0.013723542520138384
0.0145324793594847
0.015535371815282473
0.01572459680694243
0.01589962992422789
0.01642945990087577
0.01704917174856213
0.017385046108758552
0.019196875403902643
0.0193813697707711
0.021188468441123688
0.024381640175385466
0.026098856974699575
0.02461817141496041
0.02493039265119934
0.02594747698137161
0.02704498193299936
0.027622118157562228
0.02779242065005619
0.027186900676744327
0.02806206626317163
0.02858716561502801
0.02941502495354032
0.030238153667261135
0.030067851174767173
0.03124104612305891
0.030980861759526468
0.03164787985512781
0.03198848484011574
0.032248669203648175
0.03247573919364013
0.03274538480675557
0.032735923557172565
0.03320898603632246
0.03394696350379629
0.03257508231426161
0.03366785664109786
0.03366785664109786
0.03528573031979049
0.03485997408855559
0.03638796589620974
0.038195064566562326
0.03770781021303794
0.0400778532335789
0.040461033841690315
0.041771416908935516
0.042007948148510464
0.04199848689892746
0.04242424313016237
0.0422634018872514
0.042495202502034854
0.04251885562599235
0.04111386006291717
0.04194645002622098
0.04175722503456102
0.041823453781642005
0.042296516260791894
0.042977726230767746
0.04172884128581203
0.04309126122576372
0.043450788709917636
0.04391438993948453
0.044425297416966415
0.045702566110671125
0.046260779836067994
0.04518692800839774
0.045801909231292605
0.04768942852310067
0.04810099287996108
0.04920795908117183
0.049435029071163775
0.0501966596625951
0.05006420216843313
0.049534372191785254
0.04959587031407474
0.05074541213840898
0.05072175901445149
0.05180507209170474
0.05252885768480407
0.05400954324454324
0.051819263966079235
0.05191387646190922
0.0533094107754014
0.05276538892437902
0.05435014822953116
0.054676561340144585
0.05232544081876962
0.0532999495258184
0.053399292646439875
0.05317695328123943
0.05356486451414234
0.05517327694325198
0.05479482695993206
0.05481848008388956
0.05491782320451103
0.058588788042714196
0.05898616052520011
0.058621902416254694
0.059274728637481545
0.05920376926560906
0.06030600484202831
0.059832942362878415
0.059747791116631435
0.060135702349534345
0.0607885285707612
0.060466846084939276
0.06133255042178357
0.06150285291427754
0.06138458729449006
0.06043373171139878
0.06043846233619028
0.06113859480533212
0.061696808530728994
0.06411888842397645
0.06438380341230038
0.06556645961017511
0.06682953642950533
0.06710391266741227
0.06726948453511473
0.06760062827051966
0.068277107615704
0.06818722574466551
0.06859405947673443
0.06765739576801764
0.06770470201593264
0.06805003762571205
0.0682818382404955
0.06942191881524674
0.0695780294333662
0.06920904069962928
0.07200957057619665
0.07173992496308121
0.07012205128438859
0.0695780294333662
0.07120536436164183
0.07248736368013804
0.07250155555451254
0.0731023449030329
0.07279485429158547
0.07238802055951657
0.07251101680409554
0.07273335616929599
0.07285635241387496
0.07141824247725928
0.07119117248726733
0.07382613049613224
0.07498986419484098
0.07545346542440787
0.07560011479294433
0.07518381981129243
0.07551496354669736
0.07589814415480876
0.0766597747462401
0.07603533227376223
0.07651312537770363
0.07770997344995285
0.07877909465283162
0.07893520527095108
0.07912443026261104
0.07952180274509695
0.07946503524759896
0.07898724214365757
0.07920485088406652
0.07898724214365757
0.07937042275176898
0.07890209089741058
0.07823507280180923
0.07860879216033766
0.07834387717201372
0.07975833398467189
0.0805909239479757
0.07978671773342089
0.07950761087072244
0.07918592838490052
0.0801415145927833
0.07966845211363341
0.07956437836822043
0.07986713835487637
0.08005636334653632
0.07962114586571842
0.08022666583903029
0.08054834832485222
0.08042062145548175
0.0801888208406983
0.08021720458944728
0.07997121210028935
0.07905820151553006
0.07914335276177703
0.079304194004688
0.07901089526761507
0.07831549342326471
0.07832495467284772
0.0784006446695117
0.07863244528429515
0.07956910899301194
0.07949814962113945
0.08038750708194126
0.08035439270840075
0.0797677952342549
0.07994755897633185
0.08051523395131172
0.08082745518755065
0.07984821585571038
0.0797015664871739
0.08051523395131172
0.0805956545727672
0.08009420834486831
0.079304194004688
0.07937042275176898
0.07935623087739449
0.07986240773008486
0.07857567778679717
0.07921904275844102
0.07903454839157256
0.07900143401803207
0.07895885839490857
0.0788547846494956
0.07903927901636405
0.07979144835821239
0.07953126399467994
0.0801131308440343
0.07937042275176898
0.07904400964115556
0.07902981776678106
0.07846687341659268
0.07857094716200566
0.07808369280848128
0.07786608406807233
0.07756332408141639
0.07779985532099133
0.07805057843494079
0.07770997344995285
0.07718014347330497
0.07686319161227455
0.07629551663729468
0.07594071977793226
0.07598802602584726
0.07586976040605978
0.07586502978126827
0.07552442479628035
0.07515070543775194
0.07531154668066291
0.07457829983798057
0.07448841796694208
0.07413835173237117
0.07348079488635281
0.07414781298195416
0.07317803489969689
0.07257724555117652
0.0718061537101622
0.07163112059287674
0.07139931997809329
0.0713567443549698
0.07192914995474117
0.07239275118430806
0.07279485429158547
0.07146081810038278
0.07156016122100425
0.07149866309871476
0.07164531246725124
0.07176830871183021
0.07201903182577965
0.07197645620265616
0.07187238245724319
0.0718156149597452
0.0717730393366217
0.0718156149597452
0.07236909806035056
0.072676588671798
0.07189130495640918
0.07165477371683424
0.07054307689083199
0.07051942376687449
0.06967737255398768
0.07081745312873892
0.07068499563457695
0.0691759263260888
0.06867448009818991
0.06880693759235187
0.06892047258734785
0.06907185258067582
0.06891574196255636
0.06971994817711118
0.06950707006149372
0.0695922213077407
0.06977671567460916
0.06732152140782122
0.0669572632988758
0.06711337391699526
0.0665078539436834
0.06796961700425656
0.06725529266074023
0.0674161339036512
0.06714648829053575
0.0665078539436834
0.06619090208265298
0.06593071771912053
0.06615305708432098
0.06596856271745252
0.06597329334224403
0.06583137459849905
0.06558538210934112
0.06500824588477824
0.06489471088978227
0.06535358149455767
0.06504609088311024
0.06531100587143417
0.06513597275414872
0.06528262212268518
0.06547184711434513
0.0664936620693089
0.06614359583473799
0.06589287272078855
0.06579352960016706
0.0656090352332986
0.06601586896536751
0.0656090352332986
0.06555699836059212
0.06491836401373977
0.0647196777724968
0.06452099153125385
0.06437434216271738
0.06408104342564445
0.0642986521660534
0.06426080716772141
0.06435068903875989
0.06358905844732857
0.06285581160464623
0.06274700723444175
0.06203741351571691
0.062486822870909314
0.06243005537341133
0.061767767902601474
0.06180561290093347
0.061767767902601474
0.06173938415385248
0.06193333977030394
0.06187657227280595
0.06140350979365606
0.061327819796992075
0.06133728104657508
0.061465007915945544
0.06128524417386859
0.06094936981367216
0.06092098606492317
0.060670262950973726
0.0608027204451357
0.0607601448220122
0.060637148577433235
0.06071756919888872
0.06017354734786634
0.05998905298099788
0.0590192748987406
0.05981875048850392
0.05967210111996745
0.05965790924559296
0.0599086323595424
0.0599228242339169
0.05926999801269004
0.05890100927895313
0.0585793267931312
0.05880639678312315
0.05854621241959071
0.05826237493210077
0.057292596849843495
0.05748655246629495
0.05733517247296698
0.056857379369025594
0.056639770628616644
0.05642689251299919
0.05635120251633521
0.05587340941239381
0.056053173154470774
0.05575514379260634
0.055736221293440344
0.054572487594731614
0.053985890120585744
0.05404738824287523
0.05400481261975174
0.05377301200496829
0.053616901386848825
0.053465521393520864
0.05314856953249043
0.0532904882762354
0.05283634829625151
0.052779580798753514
0.05226394269648013
0.05193279896107521
0.051852378339619726
0.0519611827098242
0.05211256270315217
0.052642392679800046
0.05258562518230206
0.05266604580375754
0.05250520456084658
0.052959344540830476
0.05343240701998037
0.05276538892437902
0.05260454768146806
0.05253358830959557
0.05227813457085463
0.051885492713160224
0.05180980271649624
0.05189495396274322
0.0515354264785893
0.051284703364639854
0.05175776584378975
0.05140296898442733
0.051582732726504286
0.05181453334128774
0.05157800210171279
0.051384046485261334
0.05122793586714187
0.05145027523234232
0.050641338392996005
0.05046157465091904
0.05062241589383001
0.05040007652862956
0.05158746335129579
0.051563810227338296
0.05149758148025731
0.051502312105048804
0.05145500585713382
0.052003758332947694
0.0510860171233969
0.05090152275652844
0.0502345046609271
0.05027708028405058
0.05047103590050204
0.05046630527571054
0.050272349659259086
0.05014462278988861
0.04969521343469622
0.04972359718344521
0.04961006218844924
0.04962898468761523
0.04908496283659285
0.048876815345766905
0.048843700972226414
0.04864974535577495
0.04827129537245504
0.047821886017262644
0.047817155392471146
