0.0
0.00114481119954274
0.00114481119954274
1.8922499165995704e-05
0.0006812099699758453
0.0007758224658058238
0.0015800286803606413
0.0016178736786926326
0.0016462574274416263
0.0029140648715633385
0.0035574298432071924
0.006225502225612587
0.0096883195729898
0.009825507691943269
0.00995796518610524
0.01097504951627751
0.01127307887814194
0.011613683863129864
0.012867299432877078
0.01290514443120907
0.016178736786926325
0.017030249249396133
0.017588462974793006
0.0184967429347608
0.015781364304440416
0.0158570543011044
0.015497526816950482
0.01581920930277241
0.014797394347808641
0.014612899980940182
0.014679128728021167
0.015795556178814913
0.014248641871994766
0.014877814969264122
0.016088854915887848
0.016235504284424315
0.0163064636562968
0.018307517943100843
0.01836428544059883
0.01872381292475275
0.018794772296625233
0.018156137949772878
0.019319871648481615
0.019759819754091013
0.020582948467811828
0.020814749082595275
0.020672830338850305
0.02118373781633219
0.026004244478869596
0.028421593747325547
0.02405049643998054
0.024329603302678977
0.02484524140495236
0.028643933112525995
0.028681778110857988
0.026751683195926426
0.024911470152033346
0.026936177562794886
0.028487822494406533
0.028658124986900495
0.029925932431022206
0.03323263916027996
0.03521477094791801
0.039940665114625434
0.044160382428642474
0.044174574303016974
0.025744060115337156
0.028572973740653512
0.028733814983564476
0.026846295691756405
0.026846295691756405
0.027768767526098696
0.02924472246104636
0.017895953586240437
0.017635769222707997
0.013595815650767914
0.014825778096557635
0.019409753519520092
0.02004365724158095
0.020015273492831956
0.01973143600534202
0.01995377537054247
0.020256535357198402
0.021212121565081184
0.023378747719587693
0.02352066646333266
0.02717270880236983
0.027343011294863794
0.029169032464382377
0.029041305595011908
0.026959830686752378
0.027201092551118824
0.02792014751942666
0.024949315150365334
0.018922499165995706
0.01912118540723866
0.021770335290478057
0.02638269446218951
0.026841565066964907
0.02884261935376895
0.030115157422682164
0.03263658043655109
0.0317141086022088
0.035621604679986915
0.03728205398180304
0.03999743261212342
0.03948179450985004
0.03990755074108494
0.04295407310681025
0.04567891298671363
0.04685683855979686
0.04686629980937986
0.046965642930001335
0.04721163541915928
0.04833752411953603
0.04854094098557048
0.05074541213840898
0.05100086587714992
0.050641338392996005
0.04987497717677318
0.05675330562361262
0.056772228122778615
0.05669653812611463
0.05688103249298309
0.06024450671973882
0.06094463918888066
0.06259562724111378
0.05489890070534504
0.05640797001383319
0.05661611750465915
0.05797380681981934
0.048209797250165554
0.04841794474099151
0.05005001029405864
0.05222609769814814
0.05229705707002063
0.04832806286995303
0.0480063803841311
0.04994120592385416
0.04999797342135215
0.0502297740361356
0.050541995272374525
0.05080691026069847
0.0440279249344805
0.04539034487443219
0.04706025542583132
0.04925526532908682
0.04966209906115573
0.0501966596625951
0.05140769960921883
0.05179561084212174
0.05450152822285913
0.05649785188487167
0.04761373852643669
0.04836590786828502
0.0528552707954175
0.05358851763809983
0.0546197938426466
0.05501716632513251
0.059785636114963424
0.06180088227614197
0.06662138893867937
0.06227394475529186
0.06617197958348697
0.06906712195588433
0.070457925644585
0.07168315746558322
0.07217514244389911
0.0735422930086423
0.07402008611258369
0.0757893397846043
0.07835333842159671
0.08028816396131977
0.08160800827814797
0.08216622200354484
0.08449368940096232
0.08919593044371225
0.08929527356433373
0.08948449855599369
0.09013732477722054
0.0937704446170917
0.09667977886386356
0.09946611686605641
0.10022301683269624
0.1008521899299656
0.10156651427348194
0.10204903800221483
0.10162801239577143
0.10630660031456386
0.10614102844686141
0.10651474780538982
0.10674181779538176
0.10713919027786768
0.10690265903829273
0.10780147774867753
0.10692158153745873
0.10940042892820416
0.11035601513608695
0.11024248014109098
0.11116495197543326
0.1114062138397997
0.11181304757186862
0.1105972770004534
0.11035601513608695
0.11172316570083013
0.11190766006769859
0.11215365255685654
0.11212526880810754
0.11294366689703686
0.1127591725301684
0.11291528314828786
0.1091922814373782
0.10945719642570215
0.10953288642236614
0.10945719642570215
0.10949504142403414
0.11520017492258185
0.10885640707718179
0.1123144937997675
0.11262671503600644
0.11270240503267041
0.11260779253684043
0.11255102503934244
0.11259360066246593
0.11177520257353663
0.11304301001765833
0.11328427188202478
0.10996810390318404
0.11032290076254646
0.1114345975885487
0.11137309946625921
0.1113920219654252
0.11126429509605475
0.11223880380310351
0.11336469250348026
0.11349714999764224
0.11377152623554918
0.1136343381165957
0.11510083180196037
0.11511502367633486
0.11512921555070936
0.11486903118717692
0.11508663992758587
0.11790136167852773
0.11823723603872416
0.11872922101704005
0.118946829757449
0.11974157472242082
0.11976522784637832
0.11985984034220828
0.11993079971408077
0.12042278469239666
0.1197794197207528
0.12123172153174298
0.1224758758519072
0.1250919113616061
0.12431135827100878
0.12488849449557164
0.12602384444553139
0.1254467082209685
0.12788771061338197
0.12857365120814931
0.132116889176982
0.13204119918031804
0.13294474851549432
0.13321439412860975
0.13331846787402274
0.1335076928656827
0.1334935009913082
0.13328062287569073
0.1334935009913082
0.13269875602633638
0.13331846787402274
0.13380099160275563
0.13438285845210998
0.13592977275893015
0.13639810461328852
0.13848904077113106
0.1369799714626429
0.13757603018637177
0.13747668706575028
0.1374861483153333
0.1375145320640823
0.1369610489634769
0.13718338832867735
0.13063620361724285
0.1309153104799413
0.13098626985181377
0.13118968671784823
0.12978942177956454
0.1295434292904066
0.1299786467712245
0.1339618328456666
0.13448220157273147
0.13366853410859367
0.1340091390935816
0.13413686596295205
0.1343213603298205
0.13326170037652474
0.13372530160609164
0.1356790496449807
0.13668667272556997
0.13665355835202947
0.13677182397181695
0.1373584214459628
0.13676236272223394
0.1366440971024465
0.1369563183386854
0.13995553445649572
0.14066512817522056
0.1405042869323096
0.1405610544298076
0.14074081817188455
0.14069824254876107
0.13682386084452344
0.13734422957158832
0.13543305715582277
0.13534790590957577
0.13545671027978023
0.13547563277894625
0.13473765531147242
0.13447274032314846
0.13466196531480842
0.1348133453081364
0.13500257029979634
0.13465723469001692
0.13324750850215025
0.1334461947433932
0.13498364780063035
0.1356979721441467
0.13392398784733459
0.1339192572225431
0.13341308036985272
0.13368272598296815
0.13366380348380216
0.13376787722921513
0.13373949348046613
0.13337050474672923
0.13334685162277174
0.13407063721587106
0.13408955971503705
0.12962384991186207
0.12967588678456857
0.12933055117478914
0.12964277241102806
0.1298651117762285
0.12988403427539452
0.12970427053331757
0.12964277241102806
0.12937312679791263
0.12917444055666968
0.12932582054999764
0.12957181303915558
0.12931162867562315
0.1294346249202021
0.12924539992854217
0.12925959180291666
0.1294819311681171
0.12976576865560704
0.12954815991519808
0.12985565052664552
0.1299408017728925
0.1299786467712245
0.13089638798077527
0.13097680860223077
0.13102884547493726
0.1316911329457471
0.1317005941953301
0.13197497043323703
0.13021990863559094
0.1303854805032934
0.13055578299578735
0.13065985674120034
0.13020571676121645
0.1308206979841113
0.1317147860697046
0.1316911329457471
0.13245276353717844
0.13300151601299232
0.1325804904065489
0.13277917664779185
0.132202040423229
0.13197970105802853
0.1317668229424111
0.13149244670450413
0.13153029170283614
0.1317100554449131
0.13162490419866613
0.1313268748368017
0.13099573110139676
0.13111872734597574
0.13131268296242718
0.13151136920367015
0.13201281543156904
0.13307720600965628
0.13333265974839723
0.1334745784921422
0.13357865223755516
0.13379153035317262
0.13409429033982856
0.13415578846211804
0.13416998033649255
0.1339429103465006
0.1339003347233771
0.13376314660442362
0.1338766815994196
0.13314343475673726
0.13316708788069476
0.13075446923703032
0.13073081611307283
0.13070716298911533
0.13054632174620437
0.1303050598818379
0.13014894926371845
0.1326041435305064
0.13261833540488088
0.13278390727258335
0.13283121352049834
0.13288325039320484
0.1330157078873668
0.13269875602633638
0.13281229102133235
0.13242911041322095
0.13238180416530596
0.13199862355719452
0.13285959726924734
0.13276025414862586
0.13285013601966433
0.13295420976507732
0.13269875602633638
0.13324277787735875
0.13362595848547015
0.13369691785734264
0.13369691785734264
0.13354080723922318
0.13378679972838112
0.13418417221086704
0.13403752284233056
0.134345013453778
0.13387195097462812
0.13278390727258335
0.13294947914028582
0.13320020225423526
0.13283121352049834
0.13281702164612386
0.13310558975840528
0.1325568372825914
0.1325994129057149
0.13267510290237888
0.1326041435305064
0.1325852210313404
0.13317181850548626
0.13322385537819276
0.13326643100131624
0.13316235725590328
0.13223988542156098
0.13229665291905895
0.13218311792406298
0.13282175227091533
0.13374895473004914
0.1325331841586339
0.1325331841586339
0.13239126541488894
0.13269875602633638
0.1326325272792554
0.1325568372825914
0.13256629853217441
0.1326041435305064
0.1326514497784214
0.13238653479009743
0.13200335418198603
0.13229192229426748
0.13226353854551848
0.1334556559929762
0.13364015035984467
0.13417944158607553
0.13456262219418694
0.13468088781397441
0.13452004657106345
0.13449166282231448
0.13456735281897844
0.13447274032314846
0.13449166282231448
0.13444908719919096
0.13455316094460396
0.13490322717917488
0.1360764221274666
0.13624199399516906
0.13631295336704155
0.1361804958728796
0.13623726337037756
0.1360291158795516
0.13576420089122768
0.1356270127722742
0.13563647402185722
0.1357500090168532
0.1361804958728796
0.1360764221274666
0.1361000752514241
0.13609534462663261
