0.0
0.0
0.0
0.0
0.0
0.0
0.0
0.0
0.0
0.0
0.0
0.0
0.0
0.0
0.0
0.0
3.784499833199141e-05
3.784499833199141e-05
3.784499833199141e-05
3.784499833199141e-05
3.784499833199141e-05
3.784499833199141e-05
8.042062145548174e-05
3.784499833199141e-05
3.784499833199141e-05
5.676749749798711e-05
7.095937187248389e-05
7.095937187248389e-05
0.0001797637420769592
0.0001797637420769592
0.0001797637420769592
0.00044467873040089905
0.00048252372873289044
0.0007379774674738324
0.0020105155363870438
0.002048360534719035
0.0020294380355530394
0.0020294380355530394
0.0020909361578425253
0.0020909361578425253
0.0020909361578425253
0.0020909361578425253
0.0025356148882434244
0.003131673611972289
0.0033208986036322463
0.003377666101130233
0.003472278596960212
0.0035385073440411968
0.0036141973407051793
0.003633119839871175
0.0038223448315311322
0.003916957327361111
0.0039642635752761
0.0039642635752761
0.004039953571940083
0.004115643568604065
0.004560322299004964
0.004683318543583937
0.004848890411286399
0.004848890411286399
0.004905657908784386
0.004853621036077898
0.004853621036077898
0.0050428460277378555
0.0016888330505651166
0.00171721679931411
0.0015563755564031467
0.0015563755564031467
0.001726678048897108
0.0018023680455610909
0.0020862055330510263
0.00211458928180002
0.0021429730305490137
0.002180818028881005
0.002180818028881005
0.0017597924224376006
0.0018875192918080715
0.0019584786636805554
0.002034168660344538
0.0021477036553405123
0.0022612386503364865
0.0023321980222089705
0.0023889655197069574
0.002545076137826422
0.0032120942334277706
0.0032877842300917536
0.003306706729257749
0.00457924479817096
0.004905657908784386
0.005227340394606313
0.005492255382930253
0.005657827250632716
0.004957694781490874
0.0048015841633714095
0.005232071019397812
0.005402373511891773
0.0055395616308452425
0.0055395616308452425
0.007427080922653314
0.007568999666398282
0.007687265286185755
0.007729840909309245
0.007862298403471215
0.008004217147216183
0.007890682152220208
0.007810261530764727
0.0079285271505522
0.008056254019922672
0.008113021517420658
0.008226556512416633
0.00824074838679113
0.008377936505744598
0.008396859004910594
0.009087530224469438
0.009182142720299415
0.009622090825908815
0.009622090825908815
0.008997648353430957
0.009044954601345946
0.00991065893819025
0.010199227050471684
0.010667558904830078
0.010762171400660056
0.010894628894822027
0.010894628894822027
0.01092774326836252
0.013047063174954038
0.013061255049328535
0.012985565052664553
0.013023410050996543
0.013061255049328535
0.013136945045992518
0.013155867545158514
0.01317005941953301
0.013283594414528985
0.014258103121577763
0.014258103121577763
0.014286486870326756
0.014371638116573738
0.014390560615739734
0.0145372099842762
0.014769010599059646
0.014958235590719604
0.014721704351144657
0.014873084344472624
0.011864406977079307
0.01194009697374329
0.012053631968739263
0.012389506328935687
0.012389506328935687
0.013099100047660526
0.013912767511798341
0.014210796873662774
0.012857838183294081
0.012801070685796093
0.013132214421201018
0.013638391273891404
0.014735896225519154
0.016197659286092323
0.016216581785258317
0.016216581785258317
0.016287541157130804
0.016315924905879797
0.016088854915887848
0.016107777415053842
0.016216581785258317
0.016292271781922302
0.016410537401709776
0.01721947424105609
0.018137215450606883
0.018085178577900395
0.018307517943100843
0.01863866167850577
0.01863866167850577
0.01889884604203821
0.019002919787451184
0.01911645478244716
0.019528019139307566
0.019632092884720544
0.019901738497835983
0.019986889744082963
0.01986389349950399
0.019930122246584976
0.02079582658342928
0.021202660315498185
0.021387154682366644
0.02146284467903063
0.021751412791312062
0.02004365724158095
0.02008150223991294
0.024159300810185014
0.024462060796840948
0.024708053285998892
0.02475535953391388
0.025048658270986814
0.025299381384936256
0.02542710825430673
0.02603735885241009
0.026524613205934477
0.026231314468861545
0.024031573940814545
0.024145108935810518
0.02431068080351298
0.02453302016871343
0.024594518291002915
0.02436744830101097
0.024499905795172937
0.024632363289334908
0.025077042019735808
0.024159300810185014
0.024381640175385466
0.023728813954158615
0.023908577696235573
0.023984267692899554
0.027655232531102723
0.027735653152558205
0.02783499627317968
0.027499121912983256
0.02778769002526469
0.02783499627317968
0.028071527512754626
0.02813775625983561
0.028080988762337625
0.028426324372117045
0.028260752504414583
0.028175601258167603
0.028203985006916597
0.02845943874565754
0.02959951932040878
0.029750899313736746
0.029788744312068738
0.029883356807898716
0.029968508054145696
0.029854973059149723
0.03139715674117837
0.031742492350957795
0.03185602734595377
0.033119104165283984
0.03325629228423745
0.03325629228423745
0.032868381051334536
0.03294880167279002
0.03284472792737704
0.032650772310925585
0.03262238856217659
0.032920417924041025
0.03301029979507951
0.03386654288234081
0.03608993653434531
0.03646838651766522
0.036411619020167235
0.03664815025974218
0.03770307958824644
0.037253670233054044
0.03646838651766522
0.03758481396845897
0.03771727146262094
0.03779769208407642
0.037405050226382006
0.0378781127055319
0.03682318337702764
0.037168518986807064
0.037248939608262546
0.03761792834199946
0.03771254083782944
0.03780242270886792
0.03824237081447732
0.039037115779449134
0.03996431823858293
0.04013935135586839
0.04013935135586839
0.040177196354200376
0.04023869447648987
0.040375882595443335
0.04048468696564781
0.04117535818520665
0.04135512192728361
0.04135512192728361
0.04116116631083216
0.04142608129915609
0.041482848796654086
0.041653151289148045
0.04171464941143753
0.04201267877330196
0.042698619368069304
0.042878383110146266
0.042055254396425455
0.04241478188057937
0.042443165629328365
0.04426918679884695
0.04469967365487335
0.04495512739361429
0.045030817390278276
0.04528627112901922
0.045655259862756134
0.045801909231292605
0.04550387986942817
0.04709336979937181
0.04721163541915928
0.048436867240157506
0.04908969346138436
0.04893358284326489
0.04893358284326489
0.04913699970929934
0.04851728786161299
0.048451059114532
0.04832806286995303
0.0484557897393235
0.04855513285994498
0.04967156031073872
0.049047117838260865
0.04987970780156468
0.05008312466759913
0.049884438426356176
0.049884438426356176
0.04984186280323268
0.049922283424688164
0.04987497717677318
0.049619523438032234
0.049737789057819705
0.0484652509889065
0.048611900357442964
0.048895737844932896
0.049737789057819705
0.049983781546977656
0.05013043091551412
0.05076433463757497
0.050631877143413
0.05068864464091099
0.050877869632570946
0.05186183958920273
0.052084178954403176
0.05449679759806763
0.05487051695659604
0.05488470883097054
0.055007705075549515
0.05532465693657994
0.05553753505219739
0.05576933566698084
0.05586394816281082
0.056526235633620664
0.05646946813612268
0.05690468561694058
0.05671546062528062
0.05675330562361262
0.0568195343706936
0.0567958812467361
0.056824264995485096
0.057013489987145054
0.05718852310443052
0.05718852310443052
0.05728313560026049
0.05735882559692448
0.057510205590252446
0.05787446369919786
0.0581441093123133
0.058205607434602784
0.058290758680849764
0.058120456188355804
0.05817722368585379
0.058200876809811286
0.05827183618168377
0.058423216175011734
0.05861244116667169
0.05854621241959071
0.058773282409582656
0.05890100927895313
0.058971968650825615
0.05935041863414552
0.059161193642485566
0.05938826363247752
0.059397724882060514
0.058839511156663644
0.05887735615499563
0.05895304615165962
0.058910470528536124
0.0585840574179227
0.05881112740791465
0.058872625530204135
0.05919430801602606
0.05908077302103009
0.0585604042939652
0.05832860367918176
0.05836644867751375
0.05844213867417773
0.05834752617834776
0.05849890617167572
0.05836644867751375
0.05853675117000771
0.058300219930432766
0.05800219056856833
0.0581630318114793
0.05801165181815133
0.058068419315649315
0.058588788042714196
0.058602979917088696
0.05867866991375268
0.059293651136647536
0.059307843011022036
0.05944030050518401
0.06120482355241311
0.06081691231951019
0.06115278667970662
0.06085948794263368
0.06054253608160325
0.06031546609161131
0.05849417554688422
0.05875435991041666
0.05906658114665559
0.05880166615833165
0.05863609429062919
0.05869759241291867
0.05892939302770212
0.05889627865416163
0.05782715745128287
0.057732544955452894
0.05777512057857638
0.05790757807273835
0.05767104683316341
0.05755751183816743
0.05782242682649137
0.05782242682649137
0.05775619807941039
0.057803504327325374
0.05819614618501979
0.05832387305439026
0.05838064055188825
0.05839010180147124
0.05889627865416163
0.059430839255601005
0.05945922300435
0.05950652925226499
0.05953491300101398
0.059629525496843964
0.05997013048183188
0.05994647735787439
0.06069391607493122
0.06073649169805471
0.06131835854740908
0.061289974798660087
0.06202322164134242
0.06326264533671513
0.06391547155794199
0.06368367094315855
0.06389181843398449
0.0638728959348185
0.06478590651957779
0.06481902089311828
0.06497040088644625
0.0656516108564221
0.0655995739837156
0.06549076961351114
0.06479536776916078
0.06465344902541582
0.06458722027833484
0.0647669840204118
0.06500824588477824
0.06530154462185117
0.06681061393033934
0.06676330768242435
0.06678223018159034
0.06674438518325834
0.0669146876757523
0.06692414892533531
0.06713229641616125
0.06710391266741227
0.06704714516991428
0.06704714516991428
0.06699037767241629
0.0669194183005438
0.0669336101749183
0.06708025954345477
0.06700930017158228
0.06764320389364314
0.0673877501549022
0.06696199392366729
0.06719852516324225
0.06733098265740421
0.06732152140782122
0.0673972114044852
0.06723637016157423
0.06732625203261272
0.06723163953678274
0.06716541078970176
0.06723637016157423
0.06726475391032323
0.06692414892533531
0.06645581707097692
0.0664983926941004
0.06659773581472188
0.06657881331555589
0.06645108644618541
0.06644162519660242
0.06690049580137782
0.06689103455179482
0.06700930017158228
0.06704241454512277
0.06677276893200734
0.06655042956680689
0.06726948453511473
