0.0
7.568999666398282e-05
0.00011826561978747315
0.0002176087404089506
0.0002176087404089506
0.0002176087404089506
0.0004115643568604066
0.0008657043368443034
0.0009839699566317765
0.001532722432445652
0.0019348255397230608
0.001972670538055052
0.0019963236620125467
0.0022612386503364865
0.0031174817375977924
0.0033161679788407472
0.004555591674213466
0.0035526992184156934
0.0037892304579906395
0.0032357473573852652
0.006646527832055991
0.007351390925989331
0.009096991474052435
0.0069871328170439135
0.0015752980555691423
0.0017314086736886069
0.0018496742934760802
0.0020294380355530394
0.0021902792784640026
0.00770618778535175
0.007124320935997383
0.015568486188822965
0.014172951875330783
0.01347281940618894
0.013832346890342859
0.011443381370635903
0.011930635724160291
0.012299624457897208
0.012176628213318236
0.01387492251346635
0.014300678744701253
0.011817100729164318
0.015407644945912001
0.014120915002624294
0.017593193599584507
0.018042602954776905
0.017432352356673543
0.01775403484249547
0.019764550378882514
0.017772957341661465
0.01814667670018988
0.021126970318834204
0.023856540823529084
0.02496350702473983
0.03147757736263385
0.02876219873231347
0.028960884973556426
0.03074433051995152
0.031245776747850406
0.03264604168613409
0.032717001058006574
0.03202159921365623
0.03587232779393636
0.03619874090454978
0.03760846709241646
0.037991647700527875
0.03750912397179498
0.03499716220750906
0.03584394404518736
0.039368259514854065
0.040125159481493894
0.04030492322357085
0.04086786757375922
0.041236856307496135
0.04164369003956504
0.03889046641091267
0.038729625168001706
0.03571148655102539
0.0357020253014424
0.03452883035315066
0.03460452034981464
0.03469440222085313
0.0352289628222925
0.035706755926233895
0.03595274841539184
0.03360162789401687
0.03394696350379629
0.03505866032979854
0.03280688292904505
0.031170086751186425
0.03123158487347591
0.03148230798742535
0.032882572925709036
0.02716324755278683
0.02726732129819981
0.03151542236096584
0.032277052952397176
0.03386181225754931
0.034552483477108153
0.034699132845644624
0.03506339095459004
0.03538507344041197
0.028681778110857988
0.030105696173099165
0.031709377977417304
0.034259184740035226
0.038090990821149355
0.038663396420920725
0.03840321205738828
0.03867758829529522
0.0422917856360004
0.04199848689892746
0.03769834896345494
0.03820452581614533
0.03951017825859903
0.039808207620463464
0.03475590034314261
0.03401792287566878
0.034765361592725606
0.0352289628222925
0.03607574465997081
0.036430541519333226
0.03254669856551261
0.03254196794072111
0.03279269105467056
0.03349755414860389
0.033625281017974365
0.027806612524430688
0.03141607924034437
0.031605304232004326
0.03188441109470276
0.03426864598961822
0.034363258485448196
0.027759306276515697
0.02823709938045709
0.028483091869615035
0.028558781866279016
0.02889465622647544
0.029708323690613256
0.03069229364724503
0.034718055344810615
0.031912794843451754
0.033928041004630295
0.03473697784397661
0.03498297033313456
0.03509650532813053
0.03554118405853143
0.036832644626610636
0.03709755961493458
0.03863028204738023
0.04930730220179331
0.06499878463519525
0.056015328156138786
0.05628024314446272
0.056890493742566085
0.05721217622838801
0.05745343809275446
0.05669653812611463
0.05695199186485557
0.057207445603596516
0.05744397684317146
0.05747236059192045
0.06087841044179968
0.060840565443467685
0.061744114778643985
0.061611657284482015
0.062486822870909314
0.06269970098652676
0.06339510283087711
0.06356540532337107
0.06366001781920105
0.06152177541344353
0.062250291631334366
0.06381612843732051
0.0643364971643854
0.06464398777583283
0.06805003762571205
0.06833387511320199
0.07718487409809648
0.07780931657057434
0.07919538963448353
0.08238383074395379
0.08218514450271085
0.08397805129868893
0.09010894102847154
0.08992917728639459
0.09092260849260936
0.09014205540201203
0.09019409227471853
0.09607425889055168
0.09640540262595661
0.09635336575325013
0.09662774199115706
0.0964952844969951
0.096939963227396
0.0959843770195132
0.0960080301434707
0.09566742515848278
0.0991065893819025
0.099111320006694
0.09897886251253203
0.09900251563648953
0.09895994001336603
0.09772524694278481
0.09784351256257229
0.09810842755089623
0.09627767575658615
0.09655205199449308
0.09941407999334993
0.10022301683269624
0.10072446306059513
0.09982091372541883
0.0999581018443723
0.10029870682936023
0.10011894308728327
0.10025613120623673
0.10118333366537052
0.09992025684604032
0.10030343745415173
0.10036493557644122
0.10033182120290073
0.1021814954963768
0.10492052725065468
0.10519490348856161
0.10873341083260281
0.10888952145072228
0.10890844394988827
0.10895575019780326
0.10912605269029722
0.10857256958969184
0.10859149208885785
0.10893682769863727
0.10947611892486815
0.10338780481820903
0.1043575829004663
0.10564431284375402
0.10551185534959205
0.1056868884668775
0.10568215784208601
0.10637755968643635
0.1065573234285133
0.10665193592434329
0.10671343404663278
0.10696888778537371
0.10716757402661667
0.107948127117214
0.10771632650243054
0.11116968260022476
0.11090476761190082
0.11133998509271872
0.11165220632895766
0.1118272394462431
0.11209688505935855
0.11326534938285879
0.11308558564078183
0.11300989564411784
0.11300516501932635
0.11311396938953082
0.11516706054904136
0.11493999055904941
0.11491633743509191
0.11534682429111831
0.1153562855407013
0.11650582736503555
0.11647271299149506
0.11694104484585345
0.11720595983417739
0.11732895607875636
0.11782094105707225
0.1180527416718557
0.11830819541059664
0.11837442415767763
0.1184879591526736
0.1184879591526736
0.11864406977079306
0.11869137601870805
0.1189610216318235
0.11926378161847942
0.11923539786973043
0.11912659349952595
0.11967061535054833
0.1193820472382669
0.12308612645001056
0.12090530842112955
0.12098572904258503
0.12117968465903649
0.1211607621598705
0.10623091031789988
0.10636336781206185
0.10652893967976432
0.1043906972740068
0.10461303663920725
0.10494418037461217
0.10400751666589539
0.1035533766859115
0.10405482291381038
0.10382775292381843
0.10401697791547838
0.1044001585235898
0.10468872663587123
0.10604168532623992
0.10587138283374596
0.10655259280372181
0.10672762592100726
0.10690265903829273
0.1070209246580802
0.10710607590432718
0.1083738833484489
0.10827454022782741
0.10824615647907843
0.10999648765193303
0.10988295265693705
0.11062093012441089
0.11087638386315182
0.11073446511940686
0.11175628007437063
0.11266929065912992
0.11248479629226146
0.11198808068915407
0.11201173381311157
0.11239018379643148
0.11239964504601448
0.11251318004101046
0.11196442756519658
0.11215838318164803
0.11203538693706906
0.11203538693706906
0.11214892193206503
0.11215365255685654
0.11294839752182836
0.11328900250681628
0.11314708376307131
0.11421147434115857
0.11436758495927804
0.11449058120385701
0.11458519369968699
0.1145615405757295
0.11549820428444628
0.1158766542677662
0.1180480110470642
0.1185116122766311
0.1185021510270481
0.11863933914600157
0.12267929271794165
0.12540413259784502
0.12857365120814931
0.12791136373733947
0.1286682637039793
0.1285878430825238
0.12849323058669382
0.12879125994855825
0.12918863243104417
0.12898521556500972
0.13099100047660525
0.1313221442120102
0.1312511848401377
0.13144514045658917
0.13237234291572295
0.13139783420867418
0.13158232857554264
0.13198443168282004
0.1325757597817574
0.13337050474672923
0.13359284411192968
0.13376787722921513
0.1339050653481686
0.13358338286234667
0.1334603866177677
0.13452477719585496
0.13387195097462812
0.13370637910692565
0.13374422410525763
0.13276971539820887
0.13245749416196992
0.13287378914362183
0.1329967853882008
0.1334036191202697
0.1334698478673507
0.13351715411526568
0.1339334490969176
0.13397129409524958
0.13290690351716233
0.13289744226757932
0.13387195097462812
0.13557970652435922
0.13540467340707377
0.13541413465665675
0.13543305715582277
0.13539994278228226
0.1347944228089704
0.1347849615593874
0.1374624951913758
0.13668667272556997
0.13733003769721383
0.13719758020305184
0.13724488645096683
0.13723542520138385
0.13749560956491627
0.13900940949819593
0.13967642759379728
0.1396480438450483
0.1395912763475503
0.13978050133921027
0.1395912763475503
0.13970008071775478
0.13979469321358476
0.13993661195732973
0.1401258369489897
0.14013529819857268
0.1400548775771172
0.13973319509129528
0.1396385825954653
0.13988457508462324
0.13988930570941474
0.13933109198401786
0.13939732073109884
0.1391891732402729
0.14029140881669214
0.14024410256877717
0.1401731431969047
0.14019206569607068
0.14018260444648767
0.13994607320691274
0.13975211759046127
0.13975211759046127
0.1396291213458823
0.14017787382169616
0.13891479700236598
0.13886749075445098
0.1392364794881879
0.1391891732402729
0.13908983011965143
0.138668804513208
0.13859784514133552
0.13865934326362503
0.13859784514133552
0.13834712202738608
0.13853161639425454
0.1370320083353494
0.13712189020638788
0.13764225893345275
0.1382525095315561
0.1391560588667324
0.1387870701329955
0.13890533575278297
0.13888168262882547
0.13901887074777894
0.13897629512465545
0.13898575637423843
0.13899994824861295
0.138763417009038
0.13837550577613508
0.13805382329031315
0.13808693766385366
0.13793555767052568
0.13824777890676462
0.13824777890676462
0.13813424391176865
0.13791190454656818
0.13776998580282324
0.1369610489634769
0.1370083552113919
0.13694212646431092
0.13662517460328047
0.13662990522807197
0.13634133711579055
0.13632241461662456
0.13644541086120351
0.13648325585953552
0.13682859146931495
0.13667721147598696
0.13555605340040172
0.13588246651101515
0.13546617152936324
0.13539521215749076
0.13617103462329658
0.13561282089789972
0.13550874715248673
0.13617576524808808
0.13728746207409034
0.13719284957826036
0.13721177207742635
0.13724015582617535
0.1370083552113919
0.1369988939618089
0.13729692332367333
0.1369563183386854
0.13671505647431897
0.13674817084785945
0.13682386084452344
0.13679547709577444
0.13663936647765498
0.13645960273557803
0.13619941837204558
0.13602438525476013
0.13596288713247062
0.1360101933803856
0.13584462151268317
0.1360906140018411
0.13584462151268317
