0.0
0.0
0.0
0.0
0.0
0.0
0.0
0.0
0.0
0.0
0.0
7.568999666398282e-05
7.568999666398282e-05
7.568999666398282e-05
7.568999666398282e-05
7.568999666398282e-05
7.568999666398282e-05
7.568999666398282e-05
7.568999666398282e-05
7.568999666398282e-05
0.0002176087404089506
0.0002176087404089506
0.0002176087404089506
0.0002176087404089506
0.0002176087404089506
0.0002601843635324409
0.0011116968260022476
0.001140080574751241
0.002691725506362889
0.0027674155030268715
0.0027674155030268715
0.002824183000524859
0.003647311714245672
0.003647311714245672
0.0036851567125776633
0.0037230017109096546
0.00409672106943807
0.0042954073106810245
0.00510907477481884
0.004858351660869397
0.005090152275652844
0.006216040976029589
0.007015516565792908
0.007237855930993357
0.00722366405661886
0.007337199051614834
0.006452572215604535
0.00673640970309447
0.007904874026594705
0.008690157741983527
0.008699618991566524
0.009333522713627381
0.00964574394986631
0.009764009569653783
0.009764009569653783
0.009811315817568772
0.009811315817568772
0.009272024591337896
0.009319330839252885
0.009451788333414854
0.009641013325074811
0.009641013325074811
0.009049685226137446
0.009238910217797403
0.009276755216129393
0.011112237635230978
0.011911713224994295
0.013496472530146436
0.01519476683029455
0.016476766148790758
0.01677479551065519
0.016841024257736176
0.019475982266601077
0.019792934127631508
0.01991119974741898
0.020100424739078936
0.0202707272315729
0.020143000362202425
0.0202707272315729
0.02031330285469639
0.02171356779298007
0.021869678411099536
0.021954829657346516
0.021330387184868658
0.021817641538393048
0.0224515452604539
0.023553780836873154
0.023672046456660625
0.023799773326031098
0.024078880188729532
0.02474589828433088
0.02432014205309598
0.022139324024214972
0.02229543464233444
0.02255561900586688
0.02329832709813221
0.023591625835205143
0.02361054833437114
0.024438407672883453
0.02409307206310403
0.02413091706143602
0.025885978859082122
0.026008975103661094
0.026188738845738056
0.02634011883906602
0.026458384458853495
0.026836834442173406
0.027011867559458867
0.027385586917987283
0.027466007539442765
0.023104371481680756
0.023241559600634225
0.02300029773626778
0.0233503639708387
0.0237808508268651
0.022229205895253453
0.022437353386079405
0.02273065212315234
0.02281580336939932
0.022574541505032877
0.022934068989186793
0.0228962239908548
0.022725921498360842
0.02267861525044585
0.022725921498360842
0.023274673974174716
0.02457559579183692
0.02568729261783917
0.02577244386408615
0.026179277596155057
0.02633538821427452
0.026723299447177433
0.026713838197594434
0.027385586917987283
0.02745181566506827
0.029036574970220407
0.02956167432207679
0.029367718705625333
0.029277836834586853
0.02894669309918193
0.02902711372063741
0.028818966229811456
0.029741438064153747
0.028520936867947023
0.02866758623648349
0.031127511128062932
0.03218717108135869
0.03208782796073722
0.03230543670114617
0.031340389243680385
0.031170086751186425
0.0321682485821927
0.033104912290909484
0.03313329603965848
0.03351174602297839
0.034079420997958264
0.03490728033647057
0.035266807820624496
0.03532357531812248
0.03380504476005133
0.033989539126919786
0.03425445411524372
0.03371516288901284
0.032617657937385094
0.03230543670114617
0.03247573919364013
0.03285418917696004
0.03370570163942985
0.03371516288901284
0.03381450600963432
0.03393277162942179
0.03386654288234081
0.03505866032979854
0.03594328716580884
0.03705971461660259
0.037116482114100575
0.037116482114100575
0.039084422027364125
0.037031330867853596
0.03718271086118156
0.03754696897012698
0.03917903452319411
0.04041845821856682
0.0422917856360004
0.04285946061098027
0.0427364643664013
0.04290676685889526
0.04319060434638519
0.044983511142363285
0.044983511142363285
0.044713865529247845
0.04487470677215881
0.04346024995950063
0.04480847802507783
0.04485578427299282
0.04540453674880669
0.04636958420627247
0.04639796795502146
0.046374314831063974
0.04611886109232303
0.046175628589821015
0.04609520796836553
0.04629862483439999
0.046189820464195515
0.046795340437507375
0.047282594791031765
0.04522477300672973
0.046492580450851445
0.04698929605395883
0.04816249100225056
0.048645014730983455
0.048659206605357955
0.04615197546586352
0.04592490547587157
0.046043171095659044
0.04630335545919149
0.046459466077310954
0.04764212227518568
0.04794488226184161
0.048020572258505596
0.048526749111195984
0.050409537778212554
0.050631877143413
0.05231124894439512
0.052486282061680586
0.05288838516895799
0.05301611203832846
0.05428391948245018
0.05235855519231011
0.0524342451889741
0.05260454768146806
0.05258089455751056
0.052675507053340544
0.05250520456084658
0.052807964547502514
0.05543819193157591
0.055513881928239896
0.05563214754802737
0.05655935000716116
0.057514936215043944
0.05830968118001576
0.05805422744127482
0.05753858933900144
0.05710337185818354
0.05680061187152761
0.0568148037459021
0.056672885002157135
0.05668234625174013
0.05654988875757816
0.05570783754469135
0.05582610316447883
0.055125970695336986
0.05470494508889358
0.05481848008388956
0.0546292550922296
0.05473332883764257
0.054738059462434076
0.05466710009056159
0.05501716632513251
0.05508812569700499
0.05528681193824795
0.05519219944241797
0.05625659002050523
0.05619982252300724
0.05619509189821574
0.05642216188820769
0.0563795862650842
0.06014043297432585
0.06004582047849587
0.05835698742793075
0.058503636796467216
0.05968156236955045
0.058692861788127174
0.059076042396238586
0.05931730426060503
0.054591410093897605
0.05527262006387345
0.05487997820617904
0.05476644321118307
0.05458194884431461
0.05399535137016874
0.053948045122253756
0.05365001576038932
0.0537351670066363
0.05433122573036517
0.05470967571368508
0.054387993227863154
0.054335956355156666
0.054373801353488654
0.055362501934911934
0.05538615505886942
0.055934907534683304
0.05519219944241797
0.055144893194502984
0.055069203197839
0.055310465062205445
0.05538615505886942
0.055480767554699405
0.05532465693657994
0.055381424434077925
0.05564160879761037
0.05559430254969538
0.05587814003718532
0.055968021908223795
0.056119401901551756
0.056232936896547736
0.05646946813612268
0.05563687817281887
0.05584029503885332
0.05537669380928643
0.05538615505886942
0.05538615505886942
0.05528208131345645
0.05538615505886942
0.05562268629844437
0.05543819193157591
0.054638716341812596
0.05468602258972759
0.054761712586391564
0.05511650944575399
0.05492728445409403
0.05479955758472356
0.05436434010390566
0.05434541760473966
0.05435960947911416
0.05497459070200902
0.0541798457370372
0.05472859821285107
0.055196930067209465
0.055045550073881504
0.05559430254969538
0.05537669380928643
0.0554854981794909
0.05554226567698889
0.05556118817615489
0.055244236315124456
0.055040819449090006
0.05403792699329223
0.05400008199496024
0.05454883447077412
0.05387235512558977
0.05402373511891773
0.05360270951247433
0.05338510077206538
0.05323845140352891
0.05265185392938305
0.053195875780405424
0.05347025201831236
0.05338510077206538
0.05356013388935084
0.053460790768729366
0.05356959513893384
0.05342294577039737
0.05423188260974369
0.0546103325930636
0.05481374945909805
0.05496986007721752
0.05508812569700499
0.054993513201175015
0.05475225133680857
0.05474752071201707
0.05556118817615489
0.05558957192490388
0.055665261921567864
0.05560376379927837
0.05540034693324392
0.05577406629177234
0.05603898128009628
0.055901793161142806
0.05489890070534504
0.05501243570034101
0.054387993227863154
0.05465290821618709
0.054643446966604094
0.05488943945576204
0.05457721821952311
0.053971698246211244
0.053919661373504756
0.053933853247879256
0.05341821514560587
0.053366178272899384
0.05323372077873741
0.05320533702998842
0.05308707141020095
0.05313910828290744
0.05298772828957947
0.053498635767061355
0.05361217076205733
0.05347971326789536
0.053460790768729366
0.053460790768729366
0.05333779452415039
0.053597978887682834
0.053545942014976346
0.05351282764143585
0.05325737390269491
0.053181683906030924
0.05288838516895799
0.05260454768146806
0.05270389080208954
0.05270389080208954
0.052561972058344564
0.05265185392938305
0.053281027026652404
0.05352701951581035
0.05360744013726583
0.05363582388601482
0.05358851763809983
0.05369732200830431
0.05248155143688909
0.05222609769814814
0.05214094645190116
0.05219771394939915
0.05170572897108326
0.051696267721500266
0.051700998346291764
0.05149285085546581
0.05135566273651234
0.05130362586380585
0.05069810589049399
0.05008312466759913
0.04995066717343716
0.04989389967593917
0.04972832780823671
0.049652637811572725
0.04960533156365774
0.04985605467760718
0.05025342716009309
0.05114278462089489
0.05131308711338885
0.05142662210838483
0.051279972739848356
0.051279972739848356
0.051332009612554845
0.05136039336130384
0.05126578086547386
0.05145500585713382
0.051516503979423305
0.051563810227338296
0.05159219397608729
0.05187603146357722
0.05212675457752666
0.052869462669792
0.05299245891437097
0.052964075165621974
0.05342294577039737
0.05250520456084658
0.0524295145641826
0.052524127060012575
0.0519706439594072
0.0519611827098242
0.05179561084212174
0.05180980271649624
0.051700998346291764
0.05176249646858125
0.051767227093372746
0.051686806471917264
0.051516503979423305
0.05151177335463181
0.05149758148025731
0.051365123986095336
0.05127524211505686
0.05136039336130384
0.051346201486929345
0.05134147086213785
0.05119009086880988
0.05098667400277542
0.05073122026403448
0.05184764771482823
0.05142662210838483
0.051502312105048804
0.051464467106716816
0.05103398025069041
0.051062363999439406
0.05120428274318437
0.050844755259030455
0.05056091777154052
0.05063660776820451
0.05080217963590697
0.05043792152696155
0.050272349659259086
0.0501966596625951
0.05031019465759108
0.05031019465759108
0.05034803965592307
0.05014462278988861
0.049983781546977656
0.049600600938866236
0.04964317656198973
0.04957694781490875
0.04919376720679733
0.04915592220846534
0.048526749111195984
0.04836590786828502
0.048290217871621036
0.048342254744327524
0.048171952251833565
0.04794961288663312
0.04762793040081119
0.047599546652062195
