0.0
1.4191874374496777e-05
5.2036872706488185e-05
5.2036872706488185e-05
1.4191874374496777e-05
1.4191874374496777e-05
3.3114373540492485e-05
6.149812228948603e-05
8.98818710384796e-05
0.00024599248915794413
0.00043994810560940014
0.0018260211695185855
0.001906441790974067
0.0023416592717919685
0.002497769889911433
0.0028099911261503623
0.00312694298718079
0.0034297029738367215
0.006935095944337426
0.007176357808703871
0.00678371595100946
0.006812099699758454
0.006717487203928475
0.006849944698090445
0.006802638450175456
0.007758224658058238
0.007890682152220208
0.007909604651386204
0.00832589963303811
0.00849620212553207
0.008571892122196055
0.008751655864273013
0.009224718343422906
0.009461249582997853
0.009868083315066759
0.010014732683603226
0.011069662012107486
0.023232098351051226
0.0228962239908548
0.023061795858557263
0.023884924572278077
0.024656016413292403
0.025398724505557732
0.02518111576514878
0.025299381384936256
0.026042089477201588
0.026169816346572058
0.026765875070300923
0.027059173807373858
0.03029965178955062
0.026742221946343427
0.039794015746088963
0.04766104477435168
0.0488910072201414
0.06158800416052452
0.05773727558024439
0.057231098727554004
0.05808734181481531
0.058352256803139255
0.05767104683316341
0.060102587975993854
0.06040061733785829
0.06055672795597775
0.05928418988706454
0.06024450671973882
0.06113386418054062
0.061512314163860535
0.05916592426727707
0.059213230515192054
0.060353311089943296
0.06086421856742518
0.05864555554021218
0.06535831211934916
0.06635647395035543
0.06665450331221986
0.07234071431160158
0.06597802396703552
0.06152177541344353
0.062084719763631904
0.06278958285756525
0.06407158217606146
0.05520639131679247
0.05915173239290257
0.058219799308977284
0.05918011614165156
0.05948760675309899
0.05957275799934598
0.05970521549350795
0.06015462484870034
0.062420594123828325
0.058602979917088696
0.06614832645952948
0.06084529606825918
0.06410942717439344
0.06447841590813036
0.06567053335558809
0.06589760334558004
0.0664936620693089
0.06648893144451741
0.06774727763905612
0.06812099699758453
0.06550496148788564
0.0660820977124485
0.06595437084307802
0.06352756032503908
0.06414254154793393
0.061777229152184476
0.06261928036507128
0.05709864123339204
0.060722299823680215
0.0664936620693089
0.06509812775581672
0.06757224452177066
0.07230286931326958
0.07534939167899489
0.07595018102751526
0.0757798785350213
0.07067080376020246
0.07101140874519038
0.07121009498643334
0.07199064807703065
0.07244951868180605
0.07348552551114432
0.07192914995474117
0.07133309123101231
0.07100667812039888
0.07157435309537875
0.0718392680837027
0.07218933431827361
0.07042481127104451
0.07075595500644943
0.06953072318545121
0.06793177200592458
0.06812099699758453
0.06896777883526284
0.06890628071297336
0.06985713629606465
0.07032073752563153
0.0704437337702105
0.07119590311205884
0.061597465410107514
0.062255022256125864
0.06279431348235674
0.06303557534672319
0.06419930904543192
0.06591652584474604
0.06627132270410846
0.06658354394034738
0.06760535889531115
0.06732625203261272
0.06730259890865523
0.06672073205930085
0.06734044390698721
0.06833860573799348
0.07052415439166598
0.07099721687081588
0.06993755691752013
0.07020247190584407
0.07035858252396353
0.070495770642917
0.07121955623601633
0.07142770372684229
0.0721987955678566
0.07213729744556713
0.07226975493972909
0.07245897993138906
0.07320641864844588
0.07413362110757966
0.0740390086117497
0.07626240226375419
0.07715175972455598
0.07769578157557835
0.07798434968785979
0.07785189219369783
0.07504663169233897
0.0748337535767215
0.07674492599248707
0.07725110284517746
0.07541088980128438
0.07693888160893854
0.07744032783683742
0.0775349403326674
0.08043954395464774
0.08096937393129562
0.08069972831818018
0.08303192634038915
0.083684752561616
0.08375098130869699
0.08408212504410191
0.0863149799456894
0.09140513222134225
0.09229922030693555
0.09132471159988677
0.09194442344757313
0.09227083655818655
0.09258305779442548
0.09330211276273331
0.0933778027593973
0.09069553850261741
0.09019882289951002
0.09088949411906887
0.09063877100511943
0.08853364297290241
0.08909658732309077
0.08973049104515163
0.09011840227805454
0.09065769350428542
0.09079961224803039
0.0889877829528863
0.08999067540868406
0.08886951733309882
0.08920066106850374
0.08972102979556863
0.0898345647905646
0.08991971603681159
0.08994336916076907
0.09021301477388452
0.09043062351429347
0.09089422474386036
0.09113075598343531
0.09463614895393602
0.09264928654150646
0.09319330839252885
0.09382721211458969
0.09678385260927652
0.09668450948865505
0.09667031761428055
0.09678858323406803
0.09699200010010248
0.096939963227396
0.09875179252254009
0.09873287002337408
0.09951815373876291
0.09925323875043897
0.0995512681123034
0.1004832011962287
0.1008285368060081
0.1008616511795486
0.10144824865369446
0.10064404243913964
0.10266401922510969
0.10538885910501307
0.10521382598772762
0.10521855661251911
0.1052422097364766
0.10624510219227438
0.10598964845353344
0.10694523466141623
0.10677966279371376
0.10667085842350928
0.10657624592767931
0.10667085842350928
0.10649582530622383
0.10641067405997684
0.10646744155747483
0.1066235521755943
0.1070256552828717
0.10631606156414686
0.1065857071772623
0.10748452588764709
0.10821304210553793
0.10844484272032139
0.10545508785209406
0.10501040912169315
0.10536993660584708
0.10538885910501307
0.10560646784542202
0.10672289529621577
0.10687900591433523
0.10722907214890616
0.1083975364724064
0.10859622271364934
0.11114129885147576
0.11110345385314378
0.1118272394462431
0.11164747570416615
0.11154813258354468
0.11159070820666817
0.11162855320500016
0.11169005132728964
0.11131160134396972
0.11131633196876123
0.11136363821667622
0.11166166757854065
0.11176574132395363
0.11155759383312767
0.1114582507125062
0.11156232445791918
0.1114251363389657
0.11167112882812365
0.1109804576085648
0.10861514521281534
0.10865772083593883
0.1087901783301008
0.1083738833484489
0.10849214896823636
0.10849214896823636
0.10826980960303592
0.10825088710386993
0.10846376521948738
0.10808058461137596
0.10785824524617552
0.10776836337513704
0.10741829714056611
0.1105878157508704
0.10856310834010885
0.10907874644238223
0.10914497518946323
0.10952342517278313
0.10988768328172856
0.10821304210553793
0.10752237088597909
0.10737572151744262
0.10740410526619161
0.10754602400993658
0.10737572151744262
0.10630660031456386
0.10590922783207796
0.1061694121956104
0.09495310081496644
0.09826453816901569
0.09803273755423224
0.09821250129630921
0.09835915066484567
0.09848214690942464
0.09859568190442061
0.09887951939191056
0.09931000624793695
0.09948503936522242
0.0995654599866779
0.10053050744414367
0.10055416056810117
0.10080961430684211
0.10019463308394726
0.10022301683269624
0.10015205746082376
0.10000540809228729
0.10076230805892712
0.10062038931518216
0.10083799805559111
0.10092314930183809
0.1013157911595325
0.10186927426013788
0.09984929747416783
0.09979252997666985
0.10024666995665374
0.1009184186770466
0.10113602741745555
0.10134890553307299
0.10141040365536248
0.10170843301722692
0.10183615988659737
0.10173208614118441
0.10193550300721886
0.10187873550972087
0.10180777613784839
0.10296204858697412
0.10344457231570701
0.10335942106946003
0.10333103732071104
0.10339726606779202
0.10343038044133251
0.10331684544633654
0.10358176043466048
0.10377571605111194
0.10344457231570701
0.1008521899299656
0.10054469931851817
0.10035547432685822
0.10025613120623673
0.10047847057143719
0.1004075111995647
0.10021828620790475
0.10052577681935218
0.10036020495164971
0.10077649993330162
0.10094207180100408
0.09919647125294098
0.0991538956298175
0.09922485500168997
0.09940934936855843
0.09974522372875486
0.09941407999334993
0.09970264810563137
0.0995370762379289
0.09935731249585195
0.09957965186105239
0.09888425001670205
0.09897413188774053
0.09912078125627699
0.09932892874710295
0.09907347500836201
0.09903089938523851
0.09903089938523851
0.09832603629130518
0.09768740194445283
0.09789554943527877
0.09761171194778884
0.09756913632466535
0.09754548320070786
0.09829765254255618
0.0982361544202667
0.0982077706715177
0.09796650880715126
0.0982077706715177
0.09844430191109264
0.09888898064149355
0.09904982188440452
0.09947084749084792
0.09937623499501794
0.09941407999334993
0.09941881061814142
0.09940461874376694
0.09979252997666985
0.09973103185438036
0.09967426435688237
0.1008758430539231
0.10108399054474905
0.10114548866703854
0.1004169724491477
0.1003933193251902
0.10058727494164166
0.1008805736787146
0.10100356992329357
0.1004217030739392
0.0999959468427043
0.09992025684604032
0.10075757743413563
0.10074338555976113
0.10063931181434815
0.09947557811563941
0.09966007248250787
0.09931946749751995
0.09938569624460093
0.09969318685604836
0.09958438248584389
0.09977360747750384
0.09723326196446892
0.09711499634468146
0.09744140945529488
0.09751709945195886
0.0973657194586309
0.09729476008675841
0.09851526128296513
0.09863825752754411
0.09870921689941659
0.09916335687940049
0.09878017627128907
0.09885113564316156
0.09855783690608863
0.09839226503838616
0.09851053065817364
0.0986808331506676
0.09850580003338213
0.09725218446363493
0.09694942447697899
0.096892656979481
0.09739883383217139
0.0982550769194327
0.09814154192443672
0.09716703321738794
0.0969541551017705
0.09686900385552351
0.0969163101034385
0.09685954260594051
0.09602695264263669
0.09608845076492618
0.09615467951200717
0.09631079013012664
0.09611210388888368
0.09623036950867116
0.09669397073823804
0.09657570511845058
0.09652366824574408
0.09262090279275748
0.09351499087835077
0.09385559586333869
0.09378936711625771
0.09392655523521118
0.09363798712292974
0.09114494785780981
0.0920958034409011
0.09198226844590512
0.09169370033362369
0.09176939033028766
0.09144297721967425
0.09157543471383621
0.09154705096508722
0.09156124283946171
0.09167477783445768
0.09213364843923308
0.0920674196921521
0.09212418718965008
0.09194915407236462
0.09109291098510332
0.09091314724302636
0.09087530224469437
0.09075703662490689
0.09063404038032792
0.09062457913074493
