0.0
0.0
0.0
0.0
0.0
0.0
0.0
0.0
0.0
0.0
0.0
9.461249582997852e-05
9.461249582997852e-05
9.461249582997852e-05
9.461249582997852e-05
9.461249582997852e-05
0.00010407374541297637
0.00037371935852841513
0.0007237855930993357
0.0008846268360102992
0.0011022355764192498
0.0012015786970407272
0.0018827886670165727
0.00211458928180002
0.0026680723824053943
0.00281945237573336
0.0030796367392658007
0.003585813591956186
0.003718271086118156
0.007346660301197832
0.007479117795359802
0.00849620212553207
0.008605006495736546
0.008623928994902542
0.008756386489064513
0.009125375222801428
0.008879382733643484
0.009347714588001878
0.008997648353430957
0.009390290211125368
0.009499094581329843
0.010591868908166095
0.011131160134396974
0.011552185740840378
0.01176506385645783
0.012531425072680655
0.013179520669116008
0.013397129409524958
0.01356743190201892
0.01426756437116076
0.01440475249011423
0.014660206228855171
0.014603438731357185
0.014811586222183138
0.014873084344472624
0.014835239346140632
0.015322493699665022
0.015365069322788511
0.015289379326124529
0.015445489944243994
0.015521179940907976
0.014830508721349132
0.014191874374496777
0.010459411414004126
0.011656259486253354
0.011930635724160291
0.012167166963735238
0.011017625139400999
0.011022355764192497
0.01096085764190301
0.011216311380643953
0.010733787651911063
0.010762171400660056
0.010691212028787573
0.009868083315066759
0.010132998303390699
0.010341145794216652
0.010776363275034553
0.010809477648575046
0.01105547013773299
0.01114535200877147
0.011254156378975946
0.011282540127724939
0.011348768874805924
0.009527478330078836
0.009839699566317766
0.010416835790880635
0.010852053271698536
0.011088584511273482
0.011821831353955816
0.012214473211650227
0.01246519632559967
0.013794501892010869
0.013799232516802366
0.013543778778061425
0.013846538764717356
0.014915659967596114
0.015213689329460546
0.016140891788594337
0.016538264271080245
0.016542994895871743
0.0167416811371147
0.016770064885863693
0.016755873011489196
0.0171863598675156
0.017465466730214034
0.017555348601252515
0.018406861063722323
0.018208174822479366
0.018785311047042234
0.019400292269937097
0.021164815317166196
0.02075798158509729
0.02141080780632414
0.02236639401420692
0.02259819462899037
0.02325575147500872
0.02383761832436309
0.02414983956060202
0.025639986369924178
0.025800827612835142
0.02589544010866512
0.027059173807373858
0.027272051922991307
0.027560620035272744
0.028421593747325547
0.026368502587815014
0.02690306318925439
0.027508583162566255
0.02898453809751392
0.029448139327080815
0.029708323690613256
0.030176655544971648
0.03052672177954257
0.03370097101463835
0.034074690373166766
0.034344335986282205
0.034448409731695176
0.0347890147166831
0.035072852204173034
0.03511542782729653
0.03532830594291398
0.03550806968499094
0.03602843841205582
0.036969832745564105
0.037069175866185584
0.03687522024973413
0.03819033394177083
0.0382991383119753
0.03881004578945719
0.04013935135586839
0.04056983821189479
0.04142608129915609
0.04161057566602455
0.04146392629748809
0.04192752752705498
0.04205998502121695
0.042793231863899286
0.042698619368069304
0.0427411949911928
0.04243370437974537
0.04197956439976147
0.04062660570939278
0.04080636945146974
0.04064079758376728
0.04058876071106079
0.04074014070438875
0.040811100076261236
0.04173357191060353
0.0427364643664013
0.04312910622409571
0.043062877477014726
0.04293988123243575
0.04285472998618877
0.04297299560597624
0.04290203623410376
0.04320479622075969
0.04311964497451271
0.043185873721593694
0.04339875183721115
0.044680751155707354
0.04214986689225543
0.04275538686556729
0.042646582495362816
0.042310708135166394
0.04346498058429213
0.04371097307345008
0.04255670062432434
0.042495202502034854
0.0431716818472192
0.04326156371825768
0.0431622205976362
0.04344605808512614
0.04339875183721115
0.04337982933804515
0.04267496624411181
0.04252358625078385
0.04213567501788094
0.03734355210409252
0.03800110895011087
0.037826075832825413
0.037977455826153375
0.03870124141925271
0.03801530082448537
0.03763212021637396
0.034987700957926055
0.03521004032312651
0.034065229123583764
0.034145649745039246
0.03489308846209608
0.03538034281562047
0.035389804065203465
0.03590071154268535
0.03608047528476231
0.03605209153601332
0.0361183202830943
0.03624604715246477
0.03659138276224419
0.03660557463661869
0.036615035886201686
0.03673330150598916
0.03689414274890013
0.03710702086451757
0.03673803213078066
0.03677587712911265
0.03705971461660259
0.03767942646428894
0.03756116084450147
0.03770781021303794
0.038195064566562326
0.038441057055720276
0.03837482830863929
0.038247101439268814
0.03868704954487822
0.038734355792793204
0.038881005161329675
0.03910334452653012
0.03892831140924466
0.039216879521526096
0.039013462655491646
0.0387674701663337
0.03894723390841066
0.038914119534870166
0.03872016391841871
0.03859243704904824
0.0383180608111413
0.03845524893009477
0.03807206832198336
0.03778350020970192
0.03795380270219589
0.03807206832198336
0.038124105194689846
0.03815721956823034
0.03785445958157441
0.0378639208311574
0.037636850841165456
0.03748074022304599
0.03758008334366747
0.037556430219709974
0.03682791400181914
0.0365724602630782
0.03660557463661869
0.036364312772252244
0.03615143465663479
0.03628389215079676
0.03623658590288177
0.03634065964829475
0.035744600924565884
0.03620820215413278
0.0360993977839283
0.036047360911221814
0.03599059341372383
0.03574933154935738
0.035640527179152906
0.035068121579381537
0.03508231345375604
0.03528573031979049
0.035351959066871476
0.035422918438743956
0.0352289628222925
0.03502081533146655
0.035153272825628516
0.03518165657437751
0.035243154696667
0.03517692594958601
0.03504446845542404
0.034935664085219566
0.034779553467100106
0.03457140597627415
0.03460925097460614
0.03464236534814664
0.034850512838972586
0.034987700957926055
0.03487416596293008
0.034647095972938136
0.03465655722252113
0.03465182659772963
0.0343490666110737
0.034112535371498755
0.03423553161607773
0.03375300788734484
0.03356851352047638
0.03353539914693589
0.03345024790068891
0.033672587265889356
0.0339375022542133
0.03403211475004327
0.03422607036649473
0.03415511099462225
0.03405103724920927
0.03404630662441777
0.03373408538817884
0.03330359853215244
0.033322521031318435
0.03316167978840747
0.032882572925709036
0.03373881601297034
0.03363001164276586
0.03352120727256139
0.0334786316494379
0.03354959102131038
0.033407672277565414
0.03291568729924953
0.032447355444891135
0.03228178357718867
0.03284472792737704
0.03289676480008353
0.03283999730258554
0.032631849811759595
0.03267442543488308
0.03245681669447413
0.03236693482343565
0.032300706076354664
0.03221082420531619
0.0321587873326097
0.03181818234762178
0.03183710484678777
0.031789798598872786
0.03155326735929784
0.03147757736263385
0.0312694298718079
0.030980861759526468
0.03092882488681998
0.030862596139738994
0.030663909898496038
0.030559836153083064
0.03061187302578955
0.03070175489682803
0.030361149911840107
0.030313843663925116
0.03035168866225711
0.030328035538299616
0.030167194295388652
0.030053659300392676
0.029949585554979702
0.029892818057481712
0.02991174055664771
0.02976982181290274
0.029708323690613256
0.029746168688945248
0.02973197681457075
0.029547482447702292
0.02943394745270632
0.029320412457710342
0.029211608087505867
0.029443408702289314
0.029150109965216383
0.029060228094177902
0.02890411747605844
0.028856811228143448
0.028752737482730474
0.028875733727309446
0.02960424994520028
0.02947652307582981
0.029178493713965376
0.029150109965216383
0.028833158104185953
0.02862501061336
0.028331711876287066
0.028345903750661566
0.028118833760669617
0.0281992543821251
0.0281992543821251
0.027915416894635163
0.02963263369394927
0.02959005807082578
0.02965155619311527
0.029661017442698265
0.029580596821242783
0.029358257456042335
0.02969413181623876
0.02955694369728529
0.029713054315404754
0.029836050559983725
0.02968467056665576
0.029273106209795355
0.029083881218135398
0.029041305595011908
0.028828427479394455
0.028672316861274992
0.028516206243155526
0.028473630620032036
0.028781121231479467
0.028634471862943
0.02853985936711302
0.02853985936711302
0.028483091869615035
0.02827494437878908
0.028028951889631136
0.02805260501358863
0.02792960876900966
0.027957992517758653
0.02792960876900966
0.027901225020260666
0.027480199413817262
0.02747546878902576
0.027641040656728226
0.027655232531102723
0.027688346904643214
0.027503852537774758
0.027437623790693772
0.027253129423825313
0.026571919453849468
0.026675993199262445
0.026590841953015462
0.02637323321260651
0.026146163222614566
0.026042089477201588
0.026571919453849468
0.025971130105329105
0.026108318224282574
0.026184008220946554
0.026013705728452595
0.02607047322595058
0.02590490135824812
0.025786635738460646
0.02577244386408615
0.025663639493881674
0.025663639493881674
0.026136701973031567
0.02611304884907407
0.0259900526044951
0.025758251989711652
0.0259853219797036
0.025796096988043644
0.025786635738460646
0.025578488247634694
0.02506758077015281
0.024873625153701354
0.024968237649531332
0.024892547652867348
0.02470332266120739
0.02461817141496041
0.024509367044755936
0.024376909550593965
0.02374300582853311
0.023724083329367113
0.023586895210413645
0.023638932083120134
0.023657854582286128
0.024126186436644523
0.024154570185393517
0.024542481418296427
0.024674938912458397
0.024674938912458397
0.024594518291002915
0.024750628909122382
0.02472224516037339
0.024864163904118355
0.02487835577849285
0.02487835577849285
0.02472224516037339
0.02471278391079039
0.0246654776628754
0.02462290203975191
0.02453302016871343
0.024547212043087928
0.023993728942482553
0.024154570185393517
0.023861271448320582
0.02387073269790358
0.023960614568942062
0.023951153319359063
0.023804503950822595
0.023761928327699106
0.023582164585622147
0.023648393332703133
0.02362000958395414
0.0233409027212557
0.02330305772292371
0.023094910232097757
0.023161138979178743
0.022943530238769792
0.02294826086356129
0.022882032116480305
0.02312329398084675
0.023094910232097757
0.02299083648668478
0.022891493366063304
0.022792150245441827
