0.0
0.0
0.0
0.0
2.8383748748993554e-05
2.8383748748993554e-05
2.8383748748993554e-05
0.00012299624457897206
0.00012299624457897206
0.0001797637420769592
0.0001797637420769592
0.005742978496879696
0.00559159850355173
0.00559159850355173
0.00559159850355173
0.005156381022733829
0.006003162860412137
0.006003162860412137
0.006031546609161131
0.006069391607493122
0.006613413458515498
0.010350607043799651
0.010274917047135667
0.012072554467905259
0.009588976452368322
0.012280701958731212
0.009305138964878388
0.00921052646904841
0.01004311643235222
0.015232611828626542
0.015133268708005064
0.015596869937571959
0.016935636753566154
0.016935636753566154
0.018969805413910693
0.021126970318834204
0.020843132831344268
0.02374300582853311
0.024944584525573837
0.024958776399948333
0.02612251009865707
0.016878869256068168
0.017763496092078467
0.01593274429776838
0.0176121160987505
0.025389263255974737
0.028109372511086618
0.029012921846262914
0.02977455243769424
0.03494039471001107
0.034448409731695176
0.03494512533480257
0.032499392317597624
0.031122780503271434
0.03233382044989516
0.03289203417529203
0.03439164223419719
0.03845524893009477
0.03914592014965361
0.034500446604401665
0.035976401539349334
0.04285472998618877
0.03532357531812248
0.03519111782396051
0.03581082967164687
0.03617508778059229
0.04112332131250016
0.04249993312682635
0.04415092117905948
0.03890465828528717
0.04269388874327781
0.04293988123243575
0.04445368116571541
0.045972211723786564
0.0462655104608595
0.04680007106229887
0.048124646003918574
0.04747655040748322
0.04744816665873423
0.04898088909117988
0.048432136615366
0.050489958399668036
0.052978267039996474
0.05103398025069041
0.05476644321118307
0.05942610863080951
0.06215094851071289
0.06348025407712408
0.07100194749560738
0.07112494374018635
0.07231233056285258
0.06616251833390398
0.06842375698424047
0.06855621447840243
0.0696253356812812
0.06994701816710312
0.07105398436831387
0.06628551457848295
0.06641797207264492
0.06791758013155008
0.06945503318878724
0.0731307286517819
0.0784101059190947
0.08053415645047772
0.08291839134539318
0.07524058730879042
0.07642797413145665
0.07634282288520967
0.07633336163562666
0.07836753029597121
0.07931365525427099
0.0828237788495632
0.08209526263167236
0.07909131588907055
0.0783911834199287
0.08025031896298779
0.08933784918745721
0.08923377544204424
0.09054415850928944
0.09108818036031183
0.09171262283278968
0.09307977339753287
0.09534574267266085
0.0964669007482461
0.09713864946863894
0.0995228843635544
0.09921066312731548
0.10117860304057903
0.10205376862700632
0.10251263923178172
0.10052577681935218
0.08353337256828804
0.08559119435259006
0.08663193180671984
0.09036912539200398
0.09109764160989482
0.08250682698853277
0.08356175631703702
0.08439907690513233
0.08487213938428223
0.08558646372779857
0.08704349616358024
0.08702930428920574
0.08706241866274624
0.08651839681172385
0.08745032989564915
0.09035020289283799
0.09171262283278968
0.09203903594340311
0.09394074710958568
0.09417727834916062
0.09529370579995436
0.09579042140306175
0.09815573379881122
0.10113129679266404
0.10075757743413563
0.10709188402995269
0.10896048082259477
0.10807585398658447
0.11283486252683238
0.1144858505790655
0.11509137055237736
0.1119029294429071
0.12299151395418058
0.12392817766289736
0.12409374953059983
0.12399440640997834
0.12451004451225173
0.12498783761619313
0.12450531388746024
0.12629822068343832
0.12451950576183474
0.12709769627320164
0.12984145865227104
0.13194658668448805
0.13230611416864196
0.1326230660296724
0.1338814122242111
0.13363068911026166
0.13274606227425137
0.12965223366061107
0.1294535474193681
0.13074500798744731
0.13016314113809294
0.1303996723776679
0.13093423297910728
0.13052266862224687
0.1308301592336943
0.12108980278799801
0.1149636436830069
0.11564012302819125
0.11556443303152726
0.11563539240339975
0.11793447605206822
0.11944354536055639
0.11961384785305035
0.12427351327267679
0.12488376387078015
0.12500676011535913
0.12495945386744413
0.12604276694469738
0.12534263447555555
0.1250398744888996
0.1254656307201345
0.12706458189966116
0.12717811689465713
0.1276748324977645
0.1285925737073153
0.12854526745940031
0.12847903871231933
0.12793028623650546
0.12838915684128085
0.12877706807418376
0.12887168057001375
0.13009691239101195
0.13092477172952427
0.13053212987182986
0.13065985674120034
0.13113291922035022
0.13158232857554264
0.13226826917030998
0.13197023980844555
0.132116889176982
0.132154734175314
0.13270348665112788
0.134420703450442
0.13430716845544602
0.13683332209410642
0.13720704145263485
0.1365967908545315
0.13677182397181695
0.13680493834535745
0.12241910835440921
0.12328008206646202
0.12216365461566826
0.12171424526047586
0.12176628213318236
0.121108725287164
0.1210850721632065
0.12092423092029554
0.12012002470574074
0.11922593662014744
0.11939150848784989
0.1198267259686678
0.12191766212651033
0.12249952897586469
0.1215581346423564
0.12227718961066424
0.12256575772294567
0.12260833334606916
0.12284013396085261
0.12251372085023919
0.12253264334940518
0.12256575772294567
0.12297732207980608
0.12296786083022308
0.1220217358719233
0.12278336646335462
0.12279755833772912
0.12299151395418058
0.12357811142832645
0.12311451019875955
0.12307193457563606
0.12261779459565217
0.12270767646669065
0.12283067271126961
0.12096680654341904
0.12147771402090092
0.12128375840444947
0.1211229171615385
0.12119387653341099
0.12170951463568437
0.12099519029216803
0.1207255446790526
0.12038493969406466
0.12023355970073671
0.12098572904258503
0.12101411279133403
0.12169532276130987
0.12082961842446557
0.12156286526714791
0.1215202896440244
0.1215534040175649
0.12091003904592106
0.12114183966070449
0.12122226028215997
0.12017206157844722
0.11998756721157876
0.12018625345282172
0.11993553033887228
0.11958073347950986
0.11737626232667135
0.11690319984752146
0.11701673484251743
0.11731003357959037
0.11650582736503555
0.11670924423107
0.11738099295146286
0.11573946614881273
0.11595707488922168
0.11596653613880467
0.11510556242675186
0.11439596870802703
0.11373841186200868
0.11438650745844403
0.11465142244676797
0.11471765119384895
0.11518125242341586
0.11511502367633486
0.1149683743077984
0.11489741493592591
0.11522382804653934
0.11524748117049684
0.11488795368634291
0.11470345931947445
0.11467507557072547
0.11521436679695635
0.11514340742508386
0.1149872968069644
0.11522382804653934
0.11569689052568924
0.11604222613546865
0.11595234426443017
0.11576311927277022
0.11523328929612234
0.11476968806655545
0.11448111995427401
0.11471765119384895
0.11423512746511606
0.11198808068915407
0.11237599192205698
0.112300301925393
0.11251318004101046
0.11251791066580195
0.11303827939286684
0.11270240503267041
0.11095207385981581
0.11198808068915407
0.11230503255018451
0.11219622817998003
0.11173262695041314
0.11167585945291515
0.11132106259355273
0.11174208819999613
0.11204957881144356
0.11218676693039703
0.11158124695708517
0.11153394070917018
0.11144878946292319
0.11036547638566994
0.11069662012107487
0.11049793387983191
0.11047901138066592
0.10992079765526905
0.11000594890151602
0.10757913838347707
0.10725745589765515
0.1066330134251773
0.10675600966975626
0.10668505029788378
0.10609845282373791
0.10633025343852136
0.10492052725065468
0.10597072595436745
0.10614102844686141
0.10602749345186543
0.10546927972646855
0.10626402469144038
0.1061504896964444
0.10580515408666498
0.10579096221229048
0.10608899157415491
0.10581934596103948
0.10576257846354149
0.1056868884668775
0.10561119847021352
0.10595653407999295
0.10552604722396654
0.10484956787878219
0.10446638727067079
0.1044096197731728
0.10423458665588733
0.10397913291714639
0.10468399601107974
0.10459411414004126
0.10500567849690166
0.10465088163753924
0.10425823977984483
0.10426297040463633
0.10387505917173341
0.10423931728067884
0.10419201103276385
0.10456573039129226
0.1048306453796162
0.10474076350857772
0.10484956787878219
0.10475495538295222
0.10453261601775177
0.10405009228901888
0.10405009228901888
0.10296204858697412
0.10316546545300857
0.10212945862367032
0.1022335323690833
0.10232341424012177
0.10215311174762781
0.10196861738075935
0.10124483178766001
0.10123537053807702
0.10118333366537052
0.10137728928182198
0.1013252524091155
0.10121644803891103
0.10160435927181394
0.1008616511795486
0.10062511993997365
0.09986821997333382
0.09957965186105239
0.09924377750085597
0.0991255118810685
0.09852472253254813
0.09759752007341434
0.09789081881048728
0.09774416944195082
0.09721433946530293
0.09705822884718346
0.0973609888338394
0.09676493011011053
0.09662774199115706
0.09633444325408413
0.0959843770195132
0.0960458751418027
0.09600329951867921
0.09398332273270917
0.09404955147979015
0.09303719777440937
0.09275809091171094
0.09259724966879998
0.09240802467714002
0.09245060030026352
0.09233706530526754
0.09223772218464606
0.0911780622313503
0.09141459347092525
0.09139567097175925
0.0907381141257409
0.09052996663491494
0.090255590397008
0.08993390791118608
0.08929527356433373
0.08870394546539637
0.08833968735645094
0.08815992361437398
0.08834914860603395
0.08799435174667153
0.08755440364106212
0.08664612368109433
0.08664612368109433
0.0863386330696469
0.08579461121862453
0.08599329745986747
0.08572838247154353
0.08554388810467507
0.0850613643759422
0.08464033876949878
0.0845835712720008
0.0841341619168084
0.08382194068056947
0.08362798506411802
0.08213783825479586
0.08163639202689697
0.08184927014251442
0.081532318281484
0.08143297516086251
0.08138566891294752
0.08098829643046161
0.08089368393463163
0.08050104207693723
0.07998067334987234
0.07987659960445936
0.07961641524092693
0.07967318273842491
0.07891628277178508
0.07912443026261104
0.07931365525427099
0.07891155214699358
0.0784242977934692
0.07846214279180119
0.07849052654055018
0.07832968529763921
0.0783959140447202
0.07843375904305219
0.07847633466617568
0.07833914654722221
0.07788973719202982
0.0774923647095439
0.07655097037603562
0.07624347976458819
0.07608263852167722
0.07607317727209423
