0.0
0.0
0.0
0.0
0.0
0.0
0.0
0.0
0.0
0.0
0.0
0.0
0.0
0.0
0.0
0.0
0.0
0.0
0.0
1.8922499165995704e-05
1.8922499165995704e-05
1.8922499165995704e-05
1.8922499165995704e-05
1.8922499165995704e-05
1.8922499165995704e-05
1.8922499165995704e-05
1.8922499165995704e-05
1.8922499165995704e-05
3.784499833199141e-05
3.784499833199141e-05
3.784499833199141e-05
5.676749749798711e-05
5.676749749798711e-05
0.00020814749082595274
0.0002932987370729334
0.0002932987370729334
0.00032168248582192696
0.00032168248582192696
0.00032168248582192696
0.0005392912262308776
0.0006812099699758453
0.0006812099699758453
0.0015421836820286498
0.0015421836820286498
0.0016178736786926326
0.0005960587237288647
0.0003879112329029119
0.00035006623457092053
0.0003784499833199141
0.00044940935519239796
0.0012015786970407272
0.001159003073917237
0.001159003073917237
0.0013198443168282003
0.001414456812658179
0.001414456812658179
0.0037230017109096546
0.0037986917075736376
0.0038554592050716245
0.003779769208407642
0.003779769208407642
0.003978455449650597
0.0040210310727740875
0.004058876071106079
0.004039953571940083
0.015795556178814913
0.01646257427441626
0.017101208621268616
0.018302787318309345
0.018302787318309345
0.018946152289953198
0.018955613539536197
0.01972197475575902
0.021292542186536666
0.021552726550069106
0.021694645293814076
0.021741951541729063
0.021732490292146064
0.02348755208979217
0.023582164585622147
0.024428946423300454
0.024343795177053474
0.024480983296006942
0.02285364836773131
0.022882032116480305
0.022919877114812297
0.024462060796840948
0.024471522046423944
0.02471278391079039
0.024854702654535356
0.024854702654535356
0.025006082647863324
0.025081772644527305
0.025389263255974737
0.026988214435501374
0.027243668174242314
0.028000568140882143
0.027811343149222185
0.02801476001525664
0.028355365000244562
0.029107534342092893
0.0290791505933439
0.029277836834586853
0.029362988080833832
0.0295190986989533
0.029575866196451285
0.03163368798075332
0.03161949610637882
0.0312836217461824
0.03219190170615019
0.03132146674451439
0.03143027111471886
0.03386181225754931
0.034079420997958264
0.034363258485448196
0.03442002598294618
0.034467332230861174
0.034079420997958264
0.03402265350046028
0.03506339095459004
0.036747493380363656
0.036813722127444645
0.036846836500985136
0.03719217211076456
0.03740031960159051
0.03748074022304599
0.03815721956823034
0.038346444559890294
0.04036642134586033
0.04040426634419233
0.04193698877663798
0.042078907520382944
0.04205998502121695
0.04193225815184648
0.04223501813850241
0.04280269311348228
0.04386235306677804
0.044108345555935985
0.04427391742363845
0.04434960742030243
0.044609791783834875
0.04500243364152928
0.04467602053091586
0.044694943030081855
0.04458140803508588
0.04484159239861832
0.04465236740695836
0.04484159239861832
0.04438745241863442
0.04549441861984517
0.04695618168041834
0.04652096419960044
0.04680480168709037
0.04665342169376241
0.04667234419292841
0.04671965044084339
0.0467054585664689
0.046762226063966884
0.047150137296869794
0.04679060981271588
0.04717852104561879
0.04783134726684564
0.04814356850308457
0.048171952251833565
0.04838009974265951
0.048242911623706045
0.048422675365783006
0.04858824723348547
0.048559863484736475
0.04839902224182551
0.048436867240157506
0.048924121593681896
0.04876801097556243
0.048843700972226414
0.04895723596722239
0.048843700972226414
0.04880585597389442
0.04893358284326489
0.04817668287662506
0.04823345037412305
0.04828075662203804
0.04830914037078703
0.04830914037078703
0.048522018486404486
0.049567486565325745
0.04959587031407474
0.05016354528905461
0.05042846027737855
0.05001216529572665
0.050154084039471615
0.05047103590050204
0.050650799642579
0.0497756340561517
0.0497614421817772
0.04994120592385416
0.049581678439700246
0.049496527193453266
0.05015881466426311
0.04789757601392663
0.0484557897393235
0.049449220945538275
0.04708863917458031
0.04727313354144877
0.04689941418292035
0.04791176788830112
0.04726367229186577
0.047320439789363754
0.047514395405815216
0.0475617016537302
0.047599546652062195
0.047670506023934675
0.047670506023934675
0.04722109666874228
0.04646892732689395
0.046610846070638916
0.04529573237860222
0.045532263618177166
0.047467089157900225
0.04760427727685369
0.04742451353477673
0.047500203531440716
0.04750966478102371
0.047821886017262644
0.048025302883297094
0.04823818099891455
0.048304409745995536
0.0488862765953499
0.04891939096889039
0.048829509097851914
0.048914660344098894
0.048730165977230434
0.04788338413955213
0.04831860162037003
0.04818141350141656
0.04704606355145682
0.04916065283325684
0.0488910072201414
0.048914660344098894
0.04810099287996108
0.04841321411620001
0.04992701404947966
0.04891939096889039
0.04895250534243089
0.04885789284660091
0.04849363473765549
0.048512557236821484
0.048611900357442964
0.04880585597389442
0.0493404165753338
0.04959587031407474
0.049704674684279214
0.050002704046143646
0.050068932793224635
0.04999324279656065
0.05016354528905461
0.050324386531965574
0.05101978837631592
0.050981943377983924
0.051062363999439406
0.0506555302673705
0.05014935341468012
0.049870246551981676
0.04986078530239868
0.05005001029405864
0.05117116836964388
0.05172938209504076
0.05164423084879378
0.052207175198982145
0.05251939643522108
0.05245789831293159
0.05263293143021705
0.052538318934387075
0.052476820812097584
0.05301611203832846
0.053484443892686855
0.053498635767061355
0.053801395753717285
0.05407577199162422
0.05290257704333249
0.05294042204166448
0.05283161767146
0.05272754392604703
0.052036872706488185
0.0519848358337817
0.05186183958920273
0.05205579520565418
0.05193279896107521
0.05204633395607118
0.052069987080028676
0.05085421650861346
0.050877869632570946
0.0515401571033808
0.05172938209504076
0.05187603146357722
0.05192333771149221
0.05192806833628371
0.0519848358337817
0.052051064580862685
0.052069987080028676
0.052188252699816154
0.052557241433553066
0.05270389080208954
0.05270389080208954
0.05270389080208954
0.05299245891437097
0.052860001420208996
0.05171519022066626
0.051384046485261334
0.05240113081543361
0.05394331449746225
0.054137270113913706
0.053768281380176794
0.05384397137684078
0.05342767639518887
0.05354121139018485
0.05352228889101885
0.0537209751322618
0.053702052633095805
0.05382031825288328
0.0541751151122457
0.054118347614747715
0.05404265761808373
0.05351282764143585
0.05360744013726583
0.0537304363818448
0.05367366888434681
0.05352228889101885
0.053460790768729366
0.052959344540830476
0.052959344540830476
0.05318641453082242
0.05294042204166448
0.053195875780405424
0.054387993227863154
0.054506258847650625
0.053948045122253756
0.05466710009056159
0.05426499698328418
0.05444476072536114
0.05433122573036517
0.05307761016061795
0.05289784641854099
0.052874193294583496
0.05294515266645598
0.05311545515894994
0.05312491640853294
0.054137270113913706
0.054118347614747715
0.05430757260640767
0.05427918885765868
0.054373801353488654
0.05423188260974369
0.05443056885098664
0.05443529947577814
0.05441164635182065
0.0554902288042824
0.054454221974944136
0.054406915727029145
0.05466236946577009
0.054421107601403645
0.0546150632178551
0.054979321326800515
0.05352228889101885
0.053498635767061355
0.05365474638518082
0.05386289387600677
0.05387235512558977
0.05365001576038932
0.05355540326455934
0.053262104527486406
0.05306814891103495
0.05282215642187701
0.05278904204833652
0.05283161767146
0.05201795020732219
0.05219771394939915
0.05250047393605508
0.05234436331793561
0.052169330200650156
0.052254481446897136
0.05246262893772309
0.05231124894439512
0.052491012686472084
0.05248155143688909
0.05252885768480407
0.052491012686472084
0.05270389080208954
0.05288838516895799
0.05188076208836872
0.05145027523234232
0.04948706594387026
0.049534372191785254
0.049567486565325745
0.04940664532241478
0.0489004684697244
0.04876801097556243
0.04876328035077093
0.04883423972264341
0.04882004784826892
0.04804895600725459
0.04817668287662506
0.04818141350141656
0.04818141350141656
0.04804422538246309
0.048034764132880096
0.048039494757671594
0.04797799663538211
0.04805368663204609
0.04791649851309262
0.04765631414956018
0.04764212227518568
0.047954343511424614
0.047869192265177635
0.04789757601392663
0.0480300335080886
0.04821452787495705
0.04826183412287204
0.048422675365783006
0.04823345037412305
0.04841321411620001
0.04770362039747517
0.047684697898309175
0.047684697898309175
0.047618469151228186
0.047618469151228186
0.04744343603394273
0.04744816665873423
0.04752385665539821
0.04765631414956018
0.04766577539914318
0.047566432278521704
0.04785026976601164
0.04783607789163714
0.048138837878293074
0.04814356850308457
0.04811045412954408
0.048138837878293074
0.04840848349140851
0.04856459410952797
0.05015881466426311
0.05017773716342911
0.050187198413012106
0.048928852218473394
0.04849363473765549
0.0484463284897405
0.048597708483068464
0.04861663098223446
0.048432136615366
0.04841321411620001
0.04778877164372215
0.04791649851309262
0.04794488226184161
0.04777931039413915
0.04765631414956018
0.04736301541248725
0.04735355416290425
0.04643108232856196
0.04651623357480894
0.0466865360673029
0.046762226063966884
0.04730624791498926
0.04704133292666532
0.04708390854978881
0.047017679802707824
0.04698929605395883
0.047197443544784785
0.04722109666874228
0.04732517041415526
0.04730624791498926
0.047367746037278745
0.04748128103227472
0.047618469151228186
0.04858351660869397
0.04858351660869397
0.04863082285660896
0.04874908847639643
0.04875381910118793
0.04872070472764744
0.04898088909117988
0.048999811590345874
0.048909929719307396
0.048777472225145425
0.04876801097556243
0.04883897034743491
0.048862623471392405
0.04897615846638838
0.049094424086175856
0.04994593654864566
0.04997432029739465
0.05017300653863761
0.050504150274042536
0.05048049715008504
0.05051834214841703
0.05075487338799198
0.05076433463757497
0.05076433463757497
0.05072175901445149
0.05047576652529354
0.050579840270706514
0.05075487338799198
