0.0
0.0
0.0
0.0
0.0
0.0
0.0
0.0
0.0
0.0
0.00024126186436644522
0.00031695186103042805
0.00031695186103042805
0.0003879112329029119
0.0006055199733118625
0.0008657043368443034
0.003268861730925758
0.003396588600296229
0.0036141973407051793
0.004172411066102053
0.004016300447982588
0.004380558556928005
0.004777931039413915
0.0054686022589727585
0.005932203488539654
0.006689103455179481
0.0069965940666269115
0.007152704684746376
0.009816046442360272
0.01004311643235222
0.009664666449032307
0.009792393318402776
0.010132998303390699
0.01022288017442918
0.01044048891483813
0.013118022546826522
0.013794501892010869
0.013941151260547334
0.013837077515134358
0.014073608754709305
0.014106723128249798
0.014172951875330783
0.014305409369492752
0.01493458246676211
0.013941151260547334
0.014168221250539284
0.014461519987612217
0.014877814969264122
0.01991593037221048
0.010360068293382648
0.014825778096557635
0.014835239346140632
0.016552456145454742
0.01651461114712275
0.016661260515659217
0.01727151111376258
0.020336955978653884
0.02075798158509729
0.02123104406424718
0.022276512143168444
0.024395832049759963
0.02651042133155998
0.026723299447177433
0.027546428160898247
0.027726191902975206
0.02708755755612285
0.027622118157562228
0.027764036901307198
0.030238153667261135
0.030640256774538546
0.029320412457710342
0.02801949064004814
0.028412132497742548
0.028823696854602957
0.0290791505933439
0.02998743055331169
0.031425540489927364
0.03242843294572514
0.03292987917362403
0.033270484158611946
0.03884789078778918
0.039874436367544445
0.03974670949817398
0.039794015746088963
0.03973724824859098
0.04154907754373507
0.04197010315017847
0.0422634018872514
0.04250939437640935
0.043587976828871104
0.04352174808179012
0.043195334971176697
0.044392183043425924
0.044496256788838895
0.04482266989945232
0.0506555302673705
0.05338983139685688
0.053366178272899384
0.05323845140352891
0.05118536024401838
0.05189495396274322
0.05083529400944746
0.05084948588382195
0.0511238621217289
0.0510670946242309
0.04985605467760718
0.05448260572369313
0.05399062074537724
0.053834510127257776
0.05498405195159202
0.055296273187830945
0.05810626431398131
0.05836644867751375
0.05855094304438221
0.05794542307107035
0.058437408049386234
0.05862663304104619
0.05843267742459474
0.058692861788127174
0.05958221924892897
0.06047630733452227
0.05881112740791465
0.05892939302770212
0.059577488624137476
0.06252466786924131
0.060977753562421154
0.06126159104991109
0.06244424724778582
0.06392020218273349
0.06512651150456572
0.061767767902601474
0.06175830665301848
0.06239221037507933
0.062179332259461886
0.062269214130500364
0.06260981911548828
0.06279431348235674
0.06082637356909319
0.061124402930957625
0.06066553232618223
0.060973022937629656
0.05785554120003186
0.058352256803139255
0.05895304615165962
0.05904765864748959
0.057231098727554004
0.05906185052186409
0.058910470528536124
0.05907131177144709
0.05889154802937013
0.0590334667731151
0.0594544923795585
0.05882058865749765
0.05894831552686812
0.05962479487205247
0.05985659548683591
0.06011204922557685
0.06016881672307484
0.06072703044847171
0.059478145503515996
0.059795097364546426
0.05965790924559296
0.06047630733452227
0.06070337732451422
0.060892602316174174
0.061157517304498116
0.05715067810609852
0.05778458182815938
0.05796907619502784
0.05827656680647527
0.0581441093123133
0.05818195431064529
0.059057119897072595
0.059430839255601005
0.058740168036042165
0.0590381973979066
0.05959168049851197
0.059714676743090944
0.06027762109327932
0.060334388590777305
0.060722299823680215
0.06099667606158715
0.062434785998202826
0.06249155349570081
0.06269023973694376
0.06321060846400865
0.06304503659630618
0.06321060846400865
0.06317749409046816
0.06260508849069679
0.06329575971025563
0.0638350509364865
0.06410942717439344
0.06449260778250486
0.06462033465187533
0.06456356715437735
0.0647386002716628
0.06479063714436929
0.06484267401707577
0.06466291027499882
0.06503662963352723
0.06554753711100912
0.06579352960016706
0.06673019330888386
0.06746817077635768
0.06768104889197514
0.06811626637279304
0.06804057637612905
0.0682818382404955
0.06849944698090445
0.06537723461851516
0.06600640771578452
0.06524477712435318
0.06531573649622567
0.06540088774247266
0.06508393588144222
0.0638445121860695
0.06394858593148248
0.06418038654626593
0.06467710214937332
0.06491363338894826
0.0651927402516467
0.06523531587477019
0.06534885086976616
0.06479063714436929
0.06351336845066458
0.06391547155794199
0.06403846780252097
0.06592598709432904
0.06593544834391203
0.066048983338908
0.06600640771578452
0.06635647395035543
0.06659773581472188
0.06407158217606146
0.06441691778584088
0.0647669840204118
0.07025923940334206
0.07053834626604048
0.07065188126103646
0.0708694900014454
0.07111075186581185
0.0687123250965219
0.06909077507984182
0.06943611068962123
0.06953545381024272
0.06998486316543512
0.07017408815709507
0.07053834626604048
0.0691759263260888
0.070457925644585
0.070467386894168
0.07124793998476532
0.07433230734882262
0.07464452858506156
0.07472494920651704
0.07497094169567498
0.0748905210742195
0.07506555419150496
0.07518381981129243
0.07521220356004142
0.07500878669400697
0.07516962793691793
0.0744505729686101
0.0744316504694441
0.07521693418483293
0.07511286043941995
0.07500878669400697
0.07437488297194611
0.07453572421485707
0.07425188672736714
0.07469183483297655
0.07437961359673761
0.07278066241721097
0.07239748180909956
0.07250155555451254
0.07271916429492149
0.0735517542582253
0.07363690550447229
0.07345241113760383
0.07295569553449643
0.07282796866512596
0.07300773240720293
0.07332941489302486
0.07349498676072731
0.07345241113760383
0.07333414551781635
0.07314965115094789
0.07316384302532239
0.07207579932327764
0.07212310557119263
0.07201903182577965
0.07216568119431611
0.07208999119765214
0.07242113493305706
0.07237382868514207
0.07245897993138906
0.07249682492972104
0.07270497242054699
0.07291311991137295
0.07229813868847809
0.07326318614594386
0.07308815302865841
0.0735281011342678
0.07346660301197833
0.07348079488635281
0.07366528925322127
0.07334360676739934
0.0735895992565573
0.07416200485632866
0.07404846986133269
0.07418092735549466
0.07421404172903515
0.07421877235382665
0.07404373923654119
0.07624347976458819
0.07591706665397477
0.07595491165230675
0.0748337535767215
0.07437488297194611
0.07426134797695014
0.07451680171569108
0.07476752482964052
0.07452626296527408
0.07472967983130853
0.07611102227042622
0.07502770919317296
0.07500878669400697
0.0748432148263045
0.0748905210742195
0.07472967983130853
0.07446476484298459
0.07431811547444812
0.0744269198446526
0.07432757672403112
0.07451207109089958
0.07424242547778415
0.07410050673403917
0.07413362110757966
0.0739775104894602
0.07377409362342575
0.07349498676072731
0.07393020424154521
0.07412889048278817
0.07472494920651704
0.07479117795359802
0.07458303046277207
0.07463506733547856
0.07465398983464455
0.07468237358339355
0.07459249171235506
0.07451207109089958
0.074866867950262
0.07481483107755552
0.0748337535767215
0.0748621373254705
0.07495201919650898
0.07487632919984501
0.07514124418816893
0.07513178293858594
0.07496148044609198
0.07481483107755552
0.074866867950262
0.07459249171235506
0.07459249171235506
0.07446476484298459
0.07419511922986916
0.07479117795359802
0.07459249171235506
0.07508447669067095
0.07506082356671345
0.0748999823238025
0.0744742260925676
0.07472967983130853
0.07462087546110406
0.07374570987467675
0.07346660301197833
0.07365582800363828
0.07382613049613224
0.07375044049946826
0.07358486863176579
0.07329156989469286
0.07303138553116043
0.07288000553783246
0.072648204923049
0.0727097030453385
0.07283269928991747
0.07279485429158547
0.07244478805701456
0.07257251492638503
0.07234071431160158
0.0722082568174396
0.0717635780870387
0.07168788809037473
0.07186292120766019
0.07185819058286869
0.0718250762093282
0.0718392680837027
0.07175411683745571
0.07192914995474117
0.07202376245057115
0.07231233056285258
0.07228867743889508
0.07242586555784855
0.07260562929992552
0.07279958491637697
0.07255359242721902
0.07251101680409554
0.072667127422215
0.07280904616595997
0.07287527491304095
0.07236909806035056
0.07217514244389911
0.07207106869848613
0.07165477371683424
0.0704721175189595
0.07013151253397158
0.06984294442169015
0.07009839816043109
0.06991863441835412
0.06958276005815771
0.06942664944003824
0.06940772694087224
0.06972467880190267
0.06943138006482974
0.06910023632942482
0.06838591198590847
0.0695969519325322
0.06951653131107671
0.06941245756566373
0.06955437630940871
0.0696158744316982
0.06953545381024272
0.06925634694754428
0.06902927695755233
0.06872651697089639
0.06886843571464137
0.06841902635944896
0.06897724008484583
0.06893466446172235
0.06894412571130534
0.06926107757233578
0.06919957945004629
0.0691428119525483
0.06905766070630132
0.0695780294333662
0.0695732988085747
0.06953545381024272
0.06958276005815771
0.0695732988085747
0.06984767504648164
0.06983348317210715
0.06986659754564764
0.0691144282037993
0.06927526944671027
0.06963006630607269
0.06945976381357873
0.06928473069629328
0.06910023632942482
0.0691901182004633
0.07049104001812549
0.06940299631608074
0.06937461256733175
0.06911915882859081
0.06926107757233578
0.06921850194921228
0.06898670133442884
0.06889208883859886
0.06881639884193488
0.06882586009151788
0.06891101133776485
0.06877382321881138
0.06848998573132145
0.06848052448173846
0.06834806698757648
0.06822507074299751
0.06791758013155008
0.06793177200592458
0.06802638450175455
0.06769524076634963
0.06748709327552369
0.06765266514322614
0.06798380887863106
0.06766212639280914
0.06746344015156619
0.06732625203261272
0.06715594954011875
0.06730732953344672
0.06708025954345477
0.06713702704095276
0.06712283516657826
0.06602059959015902
0.06571310897871158
0.06577460710100107
0.06505555213269323
0.06503662963352723
0.06494201713769726
0.06488524964019927
0.06451626090646236
0.06450679965687936
