0.0
4.730624791498926e-05
4.730624791498926e-05
4.730624791498926e-05
4.730624791498926e-05
4.730624791498926e-05
4.730624791498926e-05
4.730624791498926e-05
4.730624791498926e-05
4.730624791498926e-05
4.730624791498926e-05
4.730624791498926e-05
0.00010407374541297637
0.00010407374541297637
0.00010407374541297637
0.00010407374541297637
0.00010407374541297637
0.00010407374541297637
0.00022706998999194844
0.0008089368393463163
0.0008278593385123121
0.0008278593385123121
0.0027295705046948802
0.003647311714245672
0.005435487885432266
0.005766631620837191
0.005776092870420189
0.0068452140732989455
0.008832076485728495
0.00907333835009494
0.00921052646904841
0.009238910217797403
0.009257832716963399
0.00709120656245689
0.007228394681410359
0.007029708440167404
0.007805530905973228
0.007337199051614834
0.007375044049946826
0.0075831915407727785
0.007166896559120873
0.0077251102845177465
0.008008947772007682
0.009087530224469438
0.009522747705287339
0.008694888366775027
0.007833914654722222
0.009139567097175925
0.009399751460708365
0.009967426435688237
0.01088043702044753
0.010558754534625603
0.011873868226662304
0.013103830672452025
0.013236288166613996
0.012796340061004595
0.013718811895346886
0.012503041323931662
0.010274917047135667
0.011310923876473932
0.011793447605206822
0.009825507691943269
0.009924850812564747
0.009390290211125368
0.014892006843638618
0.015540102440073972
0.01880896417099973
0.018075717328317396
0.018529857308301294
0.015232611828626542
0.01668964426440821
0.017711459219371978
0.017810802339993458
0.014026302506794316
0.01413983750179029
0.014674398103229668
0.015705674307776436
0.015341416198831018
0.016372692403377784
0.016859946756902174
0.017853377963116947
0.02131619531049416
0.02207309527713399
0.023028681485016772
0.024334333927470475
0.024826318905786363
0.025796096988043644
0.025204768889106277
0.02625023696802754
0.02537034075680874
0.0251054257684848
0.025739329490545658
0.02646784570843649
0.026699646323219937
0.027759306276515697
0.03492147221084507
0.03629335340037976
0.03625550840204777
0.037759847085744425
0.038143027693855844
0.038649204546546224
0.037821345208033916
0.03828967706239231
0.04056983821189479
0.039354067640479565
0.041288893180202624
0.0431716818472192
0.04399954118573151
0.0444915261640474
0.04420295805176597
0.0444915261640474
0.044359068669885426
0.04430230117238744
0.04556537799171766
0.04554645549255166
0.044292839922804444
0.0445057180384219
0.04372989557261607
0.045082854262984765
0.04588232985274809
0.04785026976601164
0.04797799663538211
0.04451990991279639
0.04419822742697446
0.04418403555259997
0.044912551770490805
0.04507339301340177
0.04154907754373507
0.039406104513186054
0.03950544763380753
0.03958113763047151
0.040584030086269283
0.0453950754992237
0.04540926737359819
0.04691833668208635
0.04766577539914318
0.04769415914789217
0.0475617016537302
0.04777457976934765
0.049397184072831786
0.049581678439700246
0.05017773716342911
0.050977212753192426
0.05155434897775529
0.051937529585866705
0.052183522075024656
0.048469981613698
0.04837063849307652
0.04811518475433558
0.0488862765953499
0.04899035034076288
0.05008312466759913
0.05078798776153247
0.052155138326275656
0.052174060825441654
0.05271335205167253
0.04563160673879864
0.045650529237964636
0.046270241085651
0.04702241042749932
0.04705079417624832
0.047755657270181655
0.047954343511424614
0.048001649759339605
0.048559863484736475
0.0484463284897405
0.051114400872145895
0.051161707120060886
0.05207471770482018
0.0515448877281723
0.0528647320450005
0.053195875780405424
0.05369732200830431
0.053815587628091785
0.05342767639518887
0.055665261921567864
0.056015328156138786
0.056705999375697626
0.05676749749798711
0.05698037561360456
0.05774200620503589
0.059577488624137476
0.060334388590777305
0.06054726670639476
0.061077096683042634
0.06170153915552049
0.06187184164801445
0.062335442877581346
0.06396277780585698
0.06382085906211202
0.0643364971643854
0.06546238586476213
0.06704714516991428
0.06980983004814965
0.07056673001478948
0.07139458935330179
0.0718108843349537
0.07128105435830581
0.07109655999143735
0.07235490618597608
0.07296515678407943
0.0739633186150857
0.07512232168900294
0.07525004855837342
0.07569472728877431
0.0757136497879403
0.07687738348664905
0.07701930223039402
0.07725110284517746
0.0775444015822504
0.07763901407808037
0.0775018259591269
0.08877490483726884
0.08839645485394892
0.08829238110853596
0.0889357460801798
0.08965953167327914
0.09058200350762144
0.09084218787115388
0.0912253684792653
0.09152812846592122
0.0915848959634192
0.09033601101846349
0.09032654976888049
0.0907144610017834
0.0898724097888966
0.09027451289617401
0.09115440910739281
0.09285270340754093
0.09314600214461385
0.09315546339419685
0.09369475462042773
0.09373259961875972
0.09385086523854719
0.09091787786781785
0.09108344973552032
0.08923377544204424
0.08988660166327109
0.07171154121433222
0.07170207996474923
0.0731449205261564
0.07284689116429197
0.0730786917790754
0.07387816736883873
0.07389235924321322
0.0740248167373752
0.07409104548445618
0.07340983551448034
0.07372678737551076
0.0740248167373752
0.07415727423153716
0.07460195296193807
0.07473914108089154
0.07525477918316492
0.061058174183876636
0.061512314163860535
0.061682616656354494
0.06234490412716435
0.06220771600821088
0.06245370849736882
0.06268077848736077
0.06353229094983058
0.06516908712768921
0.06586448897203954
0.06609155896203149
0.066067905838074
0.06643216394701942
0.0674066726540682
0.06771416326551563
0.06792231075634159
0.06973887067627717
0.07025923940334206
0.07082691437832192
0.07074649375686644
0.07171627183912371
0.07235490618597608
0.07274281741887899
0.07252047805367853
0.07228394681410359
0.07335306801698235
0.07495674982130049
0.07540615917649288
0.07560011479294433
0.07551496354669736
0.07578460915981279
0.07549131042273986
0.0753446610542034
0.07574676416148081
0.07680642411477656
0.07717068222372198
0.07741667471287993
0.07768158970120387
0.0788453233999126
0.08433757878284286
0.08478698813803526
0.08496202125532071
0.08446057502742182
0.08522220561885316
0.08551077373113458
0.08510867062385717
0.08511813187344018
0.08516070749656367
0.0854965818567601
0.085865570590497
0.08552496560550908
0.08621563682506793
0.08647582118860037
0.08686373242150328
0.0867596586760903
0.08815992361437398
0.08789973925084155
0.08756386489064512
0.08777201238147107
0.08840591610353193
0.08782404925417756
0.08710972491066123
0.08814100111520799
0.08789500862605004
0.08816465423916549
0.08803219674500351
0.08857148797123439
0.08831603423249346
0.08837753235478293
0.0885762185960259
0.0889641298289288
0.08922431419246124
0.1017462780155589
0.1016989717676439
0.10282486046802065
0.10278701546968866
0.10272551734739918
0.10341145794216652
0.10345403356529001
0.10378044667590344
0.10405482291381038
0.1038987122956909
0.10390817354527392
0.10462722851358175
0.10464142038795625
0.10468872663587123
0.10461776726399875
0.10541724285376207
0.10692158153745873
0.10698781028453971
0.10773524900159655
0.10851580209219386
0.10830765460136792
0.10788189837013301
0.107929204618048
0.10805220086262697
0.107910282118882
0.107862975870967
0.10773051837680504
0.10801908648908648
0.10824615647907843
0.10784405337180102
0.1066188215508028
0.10655259280372181
0.10670397279704978
0.10683169966642024
0.10676074029454777
0.10677966279371376
0.10739937464140012
0.10722434152411466
0.10692158153745873
0.10808531523616746
0.10867191271031333
0.1092253958109187
0.10902670956967575
0.1092348570605017
0.10936258392987218
0.10896521144738626
0.10588557470812046
0.10564904346854552
0.10603695470144843
0.10579569283708198
0.10536993660584708
0.10534628348188958
0.10543616535292806
0.10543143472813657
0.1052800547348086
0.10545035722730256
0.1048684903779482
0.10451369351858578
0.10471711038462023
0.1044001585235898
0.10411159041130837
0.10449950164421128
0.10456099976650077
0.10425350915505333
0.10300462421009761
0.10346822543966451
0.10428189290380233
0.10442854227233879
0.10342564981654102
0.103529723561954
0.10300462421009761
0.10304719983322111
0.1026829417242757
0.10327426982321306
0.10317019607780008
0.10241329611116025
0.10313708170425959
0.10140094240577947
0.10097991679933607
0.1013536361578645
0.1017131636420184
0.10160435927181394
0.10156178364869044
0.10186927426013788
0.10216730362200231
0.10212945862367032
0.10228556924178978
0.10194023363201035
0.10188819675930387
0.10204903800221483
0.10208688300054683
0.10153339989994145
0.10101303117287656
0.10083326743079961
0.10068188743747164
0.1008521899299656
0.10071027118622064
0.10050212369539469
0.10046427869706269
0.09992498747083181
0.09943300249251592
0.09947557811563941
0.09945192499168193
0.09893628688940855
0.09833076691609667
0.0986761025258761
0.09859095127962912
0.09860514315400361
0.09878490689608058
0.09912078125627699
0.09901670751086403
0.09931946749751995
0.09927689187439646
0.09884640501837005
0.09880856002003807
0.09898832376211503
0.09841118753755215
0.09797123943194276
0.09808477442693873
0.09804219880381525
0.0973657194586309
0.09689738760427251
0.09701092259926848
0.09697780822572798
0.09701565322405997
0.09695888572656199
0.09699673072489398
0.09687373448031501
0.09764955694612083
0.09763063444695484
0.09755494445029085
0.0977820144402828
0.09792393318402777
0.09799016193110875
0.0977772838154913
0.09696834697614498
0.09665139511511456
0.09652366824574408
0.0965047457465781
0.09630132888054364
0.09756913632466535
0.09727583758759241
0.09790028006007027
0.09768267131966132
0.09746506257925237
0.09740829508175439
0.09762590382216334
0.09696361635135349
0.09696834697614498
0.09713864946863894
0.09764009569653784
0.09764482632132933
0.09746979320404388
0.09753129132633336
0.09768267131966132
0.09754075257591635
0.09742248695612889
0.09726164571321792
0.09694469385218749
0.09694942447697899
0.0964716313730376
0.09632498200450113
0.09641486387553962
0.09464561020351901
0.09465507145310201
0.09456992020685503
0.0942908133441566
0.09404482085499864
0.09387924898729619
0.09319803901732034
0.09314600214461385
0.09311761839586485
0.09342983963210379
0.0933636108850228
