0.0
0.0
0.0
0.0
0.0
0.0
0.0
0.0
7.568999666398282e-05
0.00016084124291096348
0.0001986862412429549
0.0001986862412429549
0.0006244424724778583
0.0006433649716438539
0.0007758224658058238
0.0008704349616358024
0.0009082799599677937
0.0008893574608017981
0.0011069662012107486
0.0014286486870326756
0.0015705674307776435
0.001532722432445652
0.0015421836820286498
0.0016320655530671295
0.0016320655530671295
0.0016888330505651166
0.001726678048897108
0.0017456005480631037
0.0009650474574657809
0.0013529586903686928
0.0014948774341136605
0.0014948774341136605
0.0016793718009821188
0.0018875192918080715
0.002053091159510534
0.002284891774293981
0.002360581770957964
0.0026065742601159084
0.0029802936186443234
0.0032262861078022676
0.0036000054663306827
0.0039642635752761
0.0039642635752761
0.0036946179621606613
0.0039406104513186055
0.00299448549301882
0.0033208986036322463
0.00339185797550473
0.0037939610827821386
0.0036567729638286696
0.003888573578612117
0.0043048685602640226
0.004394750431302503
0.004645473545251945
0.004981347905448369
0.005113805399610339
0.005236801644189311
0.005558484130011238
0.005908550364582159
0.006381612843732051
0.006670180956013486
0.006514070337894021
0.006892520321213935
0.0074318115474448125
0.007611575289521772
0.008117752142212158
0.008907766482392478
0.00938082896154237
0.009626821450700315
0.009782932068819779
0.010047847057143719
0.00920579584425691
0.009574784577993826
0.010085692055475711
0.010293839546301663
0.01044048891483813
0.010757440775868557
0.011779255730832326
0.012190820087692733
0.012782148186630099
0.012545616947055152
0.014026302506794316
0.014617630605731681
0.016954559252732152
0.017806071715201956
0.018023680455610907
0.018960344164327694
0.019002919787451184
0.01907860978411517
0.019859162874712493
0.020318033479487886
0.02074852033551429
0.02062079346614382
0.021297272811328163
0.021396615931949643
0.021188468441123688
0.021959560282138014
0.02211567090025748
0.021647339045899085
0.020280188481155897
0.020687022213224805
0.022579272129824374
0.02269753774961185
0.023492282714583666
0.02360108708478814
0.023331441471672702
0.025564296373260197
0.026538805080308973
0.02839794062336805
0.029831319935192228
0.030328035538299616
0.031108588628896938
0.03176141485012379
0.030853134890155995
0.03078690614307501
0.030905171762862484
0.03161949610637882
0.03225813045323118
0.03304341416862
0.03331305978173544
0.03403684537483477
0.03625550840204777
0.039420296387560554
0.04065025883335027
0.04222082626412792
0.04456721616071138
0.04487470677215881
0.044713865529247845
0.04463817553258387
0.04467128990612436
0.0444678730400899
0.04466655928133286
0.045163274884440247
0.04595328922462057
0.046241857336902004
0.04639796795502146
0.04371570369824158
0.048706512853272946
0.0488815459705584
0.046927797931669346
0.04665342169376241
0.04658246232188992
0.046861569184588364
0.05184764771482823
0.052405861440225104
0.0524153226898081
0.05258562518230206
0.05250047393605508
0.05353648076539334
0.053668938259555314
0.05310126328457544
0.05271808267646403
0.0541940376114117
0.05219771394939915
0.05221663644856515
0.052306518319603625
0.052069987080028676
0.051904415212326215
0.05193279896107521
0.051937529585866705
0.05189495396274322
0.0519990277081562
0.051965913334615706
0.05263293143021705
0.05269916017729804
0.05303030391270296
0.05362163201164032
0.054387993227863154
0.053952775747045253
0.054156192613079704
0.05426972760807568
0.05420822948578619
0.05426026635849268
0.05503608882429851
0.0555044206786569
0.05540980818282692
0.055442922556367416
0.05554226567698889
0.055442922556367416
0.05579298879093833
0.05585921753801932
0.055745682543023346
0.05527735068866495
0.05496512945242602
0.055211121941583965
0.054894170080553535
0.05518273819283497
0.05537196318449493
0.054506258847650625
0.054454221974944136
0.040593491335852286
0.040815830701052734
0.041151705061249155
0.04118481943478965
0.04161530629081605
0.04197010315017847
0.042178250641004424
0.04275538686556729
0.04349809495783263
0.043351445589296156
0.04357378495449661
0.04347917245866663
0.04344605808512614
0.04390965931469303
0.04386235306677804
0.044075231182395494
0.044496256788838895
0.04416984367822547
0.04408469243197849
0.044557754911128386
0.04475171052757984
0.04479428615070333
0.04488416802174181
0.04707444730020581
0.04719271291999329
0.047802963518096646
0.04709336979937181
0.04685683855979686
0.04673857294000939
0.04835171599391052
0.05028181090884209
0.05026288840967609
0.050191929037803604
0.05053253402279153
0.051194821493601377
0.05093936775486044
0.0511049396225629
0.05144081398275932
0.05139350773484433
0.05158746335129579
0.0519942970833647
0.052590355807093564
0.05224975082210564
0.05224028957252264
0.0519706439594072
0.05458194884431461
0.05456302634514861
0.054738059462434076
0.05484686383263855
0.05435487885432266
0.0541751151122457
0.053243182028320415
0.052869462669792
0.05251939643522108
0.052571433307927566
0.053011381413536965
0.05201795020732219
0.05214094645190116
0.0528552707954175
0.05313910828290744
0.053058687661451956
0.05157800210171279
0.051601655225670284
0.05266604580375754
0.05268969892771504
0.054137270113913706
0.05388181637517277
0.053985890120585744
0.05362636263643183
0.05357905638851684
0.053763550755385296
0.053749358881010796
0.054071041366832724
0.05396223699662825
0.054137270113913706
0.05422715198495219
0.053683130133929814
0.05395750637183675
0.05408996386599872
0.05342767639518887
0.05317695328123943
0.052675507053340544
0.05276065829958752
0.0532952189010269
0.05308707141020095
0.05347971326789536
0.05335198639852489
0.05436434010390566
0.0541940376114117
0.05408996386599872
0.054085233241207224
0.053716244507470305
0.05342294577039737
0.052874193294583496
0.05283161767146
0.0524105920650166
0.052188252699816154
0.05210783207836067
0.0519848358337817
0.05143608335796782
0.05114278462089489
0.05120428274318437
0.049837132178441185
0.04980874842969219
0.04962898468761523
0.04960533156365774
0.04885316222180941
0.04856459410952797
0.04831860162037003
0.0479969191345481
0.047296786665406265
0.04705552480103982
0.04680007106229887
0.04681899356146487
0.04693725918125234
0.047381937911653245
0.047618469151228186
0.04769888977268367
0.04745762790831723
0.04736301541248725
0.04766577539914318
0.04746235853310873
0.04742924415956823
0.047400860410819236
0.047400860410819236
0.047784041018930655
0.04746235853310873
0.04717379042082729
0.04690887543250335
0.04675749543917539
0.04641689045418746
0.04651150295001744
0.046440543578144956
0.046308086083982986
0.04629389420960849
0.046019517971701555
0.04597694234857806
0.046057362970033544
0.046123591717114526
0.0462465879616935
0.04619455108898701
0.046052632345242046
0.04589652172712258
0.04577825610733511
0.046057362970033544
0.04620401233857001
0.04598640359816106
0.04609520796836553
0.04546603487109618
0.04540926737359819
0.04517746675881475
0.04510177676215076
0.04500716426632078
0.0444867955392559
0.04452937116237939
0.044193496802182965
0.04373462619740757
0.043502825582624124
0.04325683309346618
0.042514125001200845
0.042324900009540894
0.042126213768297935
0.04170991878664603
0.04169572691227153
0.04165788191393954
0.04157273066769256
0.04275538686556729
0.04280269311348228
0.04281688498785678
0.042428973754953865
0.04255196999953284
0.042428973754953865
0.04156326941810956
0.04135985255207511
0.040579299461477786
0.04034749884669434
0.040408996968983826
0.04057456883668629
0.04045157259210732
0.04069756508126526
0.040848945074593225
0.04055091571272879
0.04047522571606481
0.0405225319639798
0.040763793828346245
0.0405414544631458
0.04077325507792924
0.04075433257876325
0.04033803759711134
0.04021504135253237
0.039841321994003955
0.03998324073774892
0.03987916699233594
0.039888628241918946
0.039633174503178
0.039500717009016036
0.03955275388172252
0.039652097002344
0.03938245138922856
0.03933987576610507
0.039268916394232585
0.03916011202402811
0.03912226702569612
0.03907023015298963
0.038814776414248686
0.03837009768384779
0.03872489454321021
0.03850728580280126
0.0383180608111413
0.03837482830863929
0.038128835819481344
0.03813829706906434
0.03796326395177888
0.03820452581614533
0.03815721956823034
0.03766050396512295
0.03783553708240841
0.03773146333699543
0.03762738959158246
0.037471278973462994
0.03756116084450147
0.03769834896345494
0.03758008334366747
0.03685629775056813
0.03669545650765717
0.0365629990134952
0.036378504646626744
0.036458925268082226
0.036326467773920255
0.03626970027642227
0.036132512157468794
0.0365535377639122
0.03635012089787775
0.03626023902683927
0.03617508778059229
0.036194010279758285
0.0360993977839283
0.03615143465663479
0.03615616528142629
0.035971670914557836
0.035758792798940384
0.03572567842539989
0.03574933154935738
0.03572094780060839
0.035522261559365435
0.03533303656770548
0.03532357531812248
0.035266807820624496
0.035290460944581985
0.03538034281562047
0.035389804065203465
0.035101235952922034
0.03505392970500704
0.03494512533480257
0.0348079372158491
0.03468967159606162
0.03460925097460614
0.03489781908688758
0.03496404783396856
0.03489308846209608
0.03472751659439362
0.034632904098563635
0.03464236534814664
0.034699132845644624
0.0348126678406406
0.03467074909689563
0.034552483477108153
0.034514638478776165
0.03455721410189965
0.03462344284898064
0.034547752852316656
0.03448625473002717
0.034363258485448196
0.033019761044662505
0.03275484605633856
0.032664964185300085
0.03245681669447413
0.03238585732260165
0.032414241071350644
0.032447355444891135
0.03263658043655109
0.032579812939053106
0.032631849811759595
0.03267915605967458
0.03246154731926563
0.03264131106134259
0.03271227043321508
0.03253723731592961
0.03269334793404908
0.0325987354382191
0.03242370232093364
0.03242843294572514
0.03236693482343565
0.03234328169947816
0.032177709831775696
0.032229746704482184
0.03223920795406518
0.0321682485821927
0.03210675045990321
0.03197902359053274
0.03190333359386876
0.03187021922032827
0.03143500173951037
0.031255237997433405
0.03110385800410544
0.031066013005773448
0.031037629257024454
0.031122780503271434
0.03101397613306696
0.030976131134734967
