0.0
0.0
0.0
0.0
0.0
0.0
2.8383748748993554e-05
2.8383748748993554e-05
2.8383748748993554e-05
5.676749749798711e-05
5.676749749798711e-05
5.676749749798711e-05
0.00013245749416196994
0.00013245749416196994
0.00013245749416196994
0.00013245749416196994
0.00013245749416196994
0.00013245749416196994
0.00013245749416196994
0.000638634346852355
0.0004115643568604066
0.0004115643568604066
0.0004115643568604066
0.0004115643568604066
0.00046833185435839366
4.730624791498926e-05
4.730624791498926e-05
4.730624791498926e-05
5.676749749798711e-05
5.676749749798711e-05
0.00022233936520044953
0.0003453356097794216
0.0003453356097794216
0.0005156381022733829
0.0002365312395749463
0.00031222123623892914
0.00031222123623892914
0.00031222123623892914
0.00031222123623892914
0.00031222123623892914
0.0004352174808179012
0.002549806762617921
0.0025876517609499127
0.0025876517609499127
0.0025876517609499127
0.0022565080255449875
0.0022565080255449875
0.0022659692751279856
0.002426810518038949
0.002426810518038949
0.002483578015536936
0.0027437623790693773
0.0027437623790693773
0.0031127511128062934
0.002961371119478328
0.006320114721442565
0.006433649716438539
0.006509339713102523
0.007408158423487318
0.007521693418483293
0.007616305914313271
0.008136674641378152
0.008292785259497617
0.008406320254493591
0.008406320254493591
0.008519855249489566
0.009182142720299415
0.009144297721967424
0.009144297721967424
0.009115913973218431
0.008926688981558474
0.008973995229473463
0.009082799599677938
0.010010002058811727
0.010147190177765197
0.010719595777536567
0.010837861397324039
0.01105547013773299
0.011154813258354468
0.01176506385645783
0.012048901343947765
0.012105668841445752
0.01241789007768468
0.012749033813089606
0.013141675670784017
0.013591085025976415
0.014641283729689177
0.015331954949248019
0.01545968181861849
0.015440759319452494
0.019532749764099064
0.01999162036887446
0.021831833412767544
0.022281242767959942
0.02206836465234249
0.021907523409431525
0.022205552771295958
0.02224339776962795
0.02241843088691341
0.023161138979178743
0.023321980222089707
0.023818695825197092
0.024126186436644523
0.025086503269318806
0.025247344512229767
0.02545076137826422
0.025564296373260197
0.0259805913549121
0.02585286448554163
0.03914592014965361
0.03959059888005451
0.042897305609312264
0.04287365248535477
0.04486997614736731
0.044425297416966415
0.0453808836248492
0.04652096419960044
0.0466676135681369
0.04648784982605995
0.048427405990574504
0.04883897034743491
0.048961966592013885
0.04912753845971635
0.04645000482772795
0.03989335886671044
0.040158273855034385
0.04043738071773282
0.04171938003622903
0.038795853915082695
0.036534615264746204
0.03679479962827865
0.036714379006823165
0.034647095972938136
0.03470386347043612
0.035304652818956485
0.036378504646626744
0.037201633360347555
0.03753277709575248
0.03819979519135383
0.03887627453653818
0.0392074182719431
0.04047049509127331
0.04180453128247601
0.04413672930468498
0.04699875730354183
0.045049739889444274
0.04409888430635299
0.04457667741029438
0.04577352548254361
0.04607155484440804
0.045437651122347184
0.0497709034313602
0.05027708028405058
0.052188252699816154
0.05369259138351281
0.054321764480782166
0.05531519568699694
0.05676749749798711
0.05698510623839606
0.05818195431064529
0.058621902416254694
0.05802584369252583
0.05707025748464304
0.056928338740898074
0.057226368102762507
0.057415593094422464
0.057732544955452894
0.05865028616500369
0.058839511156663644
0.05876855178479116
0.055092856321796495
0.055447653181158914
0.05608155690321977
0.057779851203367885
0.05883478053187214
0.05954910487538848
0.05982821173808692
0.06029654359244531
0.06039588671306679
0.06375936093982253
0.06462033465187533
0.06529208337226818
0.0652069321260212
0.06557592085975811
0.06421823154459792
0.06481902089311828
0.06605371396369951
0.06560430460850711
0.06628551457848295
0.06663558081305387
0.06679642205596484
0.06746344015156619
0.06754386077302167
0.0683007607396615
0.06847579385694695
0.06880220696756038
0.06969156442836218
0.06984294442169015
0.0700605531620991
0.07021193315542706
0.07049104001812549
0.07050523189249999
0.0700321694133501
0.0704721175189595
0.07064242001145346
0.07125267060955683
0.07165477371683424
0.07159327559454474
0.06947868631274473
0.06892520321213935
0.07020720253063556
0.0704815787685425
0.07037277439833803
0.0709451799981094
0.07112967436497786
0.07168315746558322
0.07173992496308121
0.07333887614260785
0.0735139092598933
0.0673924807796937
0.068248723866955
0.06843794885861497
0.06841429573465747
0.06879274571797739
0.06902927695755233
0.06888262758901587
0.07020247190584407
0.0708694900014454
0.07130943810705481
0.07113440498976935
0.0713567443549698
0.07229340806368659
0.07277120116762797
0.07282323804033447
0.07311180615261591
0.07365109737884679
0.07385451424488124
0.07422350297861816
0.07453572421485707
0.07464925920985305
0.07499932544442398
0.0752784323071224
0.07428500110090763
0.07456410796360607
0.07445530359340159
0.07453572421485707
0.07691995910977253
0.07770997344995285
0.0775538628318334
0.07812626843160476
0.07816884405472825
0.07807896218368977
0.07832022404805622
0.07890682152220209
0.07907239338990454
0.079285271505522
0.07961168461613542
0.07984348523091887
0.0810214108040021
0.08174519639710144
0.08212364638042136
0.08169789014918645
0.08212364638042136
0.08307923258830414
0.08306977133872114
0.08303665696518064
0.08352391131870504
0.08361852381453502
0.08619198370111043
0.08683534867275429
0.0863291718200639
0.08638593931756189
0.08387397755327596
0.08377463443265448
0.08432811753325986
0.08438961565554934
0.08531681811468313
0.08731787240148718
0.09067188537865992
0.0907901509984474
0.09170789220799817
0.09197280719632211
0.0920201134442371
0.09258305779442548
0.0925073677977615
0.09336834150981431
0.09362379524855524
0.09369948524521923
0.09367583212126174
0.09385086523854719
0.09431446646811409
0.094740222699349
0.09476387582330649
0.09475914519851499
0.09374206086834272
0.09382721211458969
0.09394547773437717
0.09442800146311006
0.09289527903066441
0.09313654089503086
0.09608372014013469
0.09614048763763268
0.09671289323740405
0.09643851699949711
0.0964527088738716
0.0965189376209526
0.09718122509176244
0.09741775633133738
0.09888898064149355
0.0986287962779611
0.09863825752754411
0.09848687753421614
0.0982266931706837
0.09834022816567968
0.09833549754088818
0.09844430191109264
0.09846795503505014
0.09852472253254813
0.09626348388221165
0.09628713700616914
0.09566269453369128
0.09619725513513067
0.09628240638137764
0.0964432476242886
0.09625402263262865
0.09660881949199107
0.09671289323740405
0.09627767575658615
0.09971210935521437
0.10003852246582778
0.09960330498500988
0.09966953373209088
0.10016624933519826
0.10004325309061929
0.10013786558644927
0.09891263376545105
0.09917281812898349
0.09893628688940855
0.099064013758779
0.09917754875377498
0.10017571058478125
0.10052104619456068
0.09941881061814142
0.09811315817568772
0.09810369692610472
0.09927689187439646
0.09992971809562332
0.10018517183436426
0.10022774745748775
0.09985875872375083
0.09974995435354636
0.10095626367537858
0.10074338555976113
0.09883221314399557
0.09886059689274455
0.09891736439024254
0.09788608818569577
0.0977867450650743
0.09806112130298124
0.09787189631132127
0.09800908443027474
0.09810369692610472
0.0977772838154913
0.09766374882049533
0.09769213256924432
0.09768267131966132
0.09748398507841836
0.09743194820571188
0.09640540262595661
0.09758332819903985
0.09792866380881926
0.09817938692276872
0.09798070068152576
0.09798543130631726
0.09762590382216334
0.09729002946196691
0.09755967507508236
0.09708661259593246
0.09728056821238391
0.0964810926226206
0.09616887138638167
0.09697307760093649
0.09727583758759241
0.09807058255256423
0.09746506257925237
0.09711026571988995
0.09715284134301344
0.09716703321738794
0.09720960884051143
0.09725218446363493
0.09749344632800136
0.09740356445696288
0.09739410320737989
0.09840645691276066
0.09892682563982554
0.0986761025258761
0.09858622065483762
0.09858622065483762
0.09895520938857454
0.09899778501169802
0.09889844189107655
0.09874706189774858
0.09846795503505014
0.09863352690275261
0.0987186781489996
0.0986808331506676
0.09834968941526268
0.09843484066150965
0.09852945315733963
0.09861933502837811
0.09874233127295708
0.09879909877045508
0.09896940126294904
0.09900724626128102
0.09904509125961301
0.10050685432018618
0.10064404243913964
0.10099410867371057
0.10118333366537052
0.10612683657248691
0.10595180345520144
0.10599437907832493
0.10651947843018132
0.1065904378020538
0.10671343404663278
0.10723380277369765
0.10720068840015716
0.10717230465140817
0.10728110902161264
0.10712026777870168
0.105701080341252
0.1057152722156265
0.10572000284041799
0.10601330157749093
0.10608899157415491
0.10624037156748288
0.10662828280038579
0.10655259280372181
0.10656678467809631
0.1066093603012198
0.10668031967309229
0.10690265903829273
0.10682223841683725
0.10682223841683725
0.1065951684268453
0.10654313155413882
0.10676074029454777
0.10779201649909453
0.10781093899826052
0.10760279150743457
0.10741356651577462
0.10720068840015716
0.10749871776202159
0.1074750646380641
0.10739937464140012
0.10734733776869362
0.1074561421388981
0.10712499840349318
0.10708715340516119
0.10709661465474418
0.10678439341850526
0.10697834903495672
0.10737572151744262
0.1074561421388981
0.10738045214223413
0.10722434152411466
0.10806166211220997
0.107862975870967
0.107919743368465
0.1078866289949245
0.10800489461471198
0.1084117283467809
0.10831711585095091
0.10831711585095091
0.10823669522949543
0.1083691527236574
0.10888006020113929
0.10856783896490035
0.10845430396990438
0.10837861397324039
0.10869083520947932
0.10856783896490035
0.10841645897157239
0.10916389768862922
0.10914497518946323
0.10890844394988827
0.10886586832676479
0.10885167645239029
0.10939096767862116
0.10929162455799969
0.10936258392987218
0.10924904893487619
0.10897940332176076
0.10898886457134375
0.10907401581759074
0.10916862831342071
0.10915916706383771
0.10890371332509678
0.10888952145072228
0.10852999396656836
