0.0
0.0
0.0
0.0
8.515124624698066e-05
8.515124624698066e-05
8.515124624698066e-05
8.515124624698066e-05
9.461249582997852e-05
0.00018922499165995705
0.00018922499165995705
0.001017084330172269
0.001272538068913211
0.0013860730639091853
0.0014523018109901702
0.0015090693084881574
0.0015800286803606413
0.0016367961778586285
0.0016982943001481144
0.0016982943001481144
0.0014333793118241746
0.0015847593051521401
0.0015894899299436392
0.0016841024257736176
0.001532722432445652
0.0016841024257736176
0.0019300949149315618
0.0019490174140975576
0.0024362717676219467
0.002682264256779891
0.0032215554830107686
0.004144027317353059
0.004087259819855072
0.004233909188391539
0.004792122913788412
0.005146919773150831
0.00510907477481884
0.005146919773150831
0.005184764771482823
0.005402373511891773
0.005899089114999161
0.006173465352906099
0.0067032953295539785
0.006353229094983058
0.007270970304533849
0.007280431554116847
0.0074885790449428
0.008131944016586654
0.009059146475720443
0.009196334594673913
0.010052577681935218
0.010156651427348194
0.011022355764192497
0.01075271015107706
0.010894628894822027
0.011358230124388921
0.011963750097700784
0.012427351327267678
0.01246519632559967
0.013600546275559412
0.014064147505126308
0.013860730639091854
0.014144568126581788
0.014362176866990739
0.01444259748844622
0.014617630605731681
0.0149818887146771
0.015133268708005064
0.01590436054901939
0.016017895544015365
0.016878869256068168
0.01727151111376258
0.017063363622936627
0.01712486174522611
0.017299894862511572
0.016103046790262344
0.01621185116046682
0.013141675670784017
0.013709350645763887
0.014163490625747784
0.014191874374496777
0.014258103121577763
0.014508826235527206
0.015871246175478897
0.01694982862794065
0.017318817361677567
0.018212905447270864
0.02008150223991294
0.02172302904256307
0.022030519654010497
0.020143000362202425
0.019641554134303543
0.02020922910928341
0.02074378971072279
0.020989782199880735
0.02167099216985658
0.020152461611785424
0.020776904084263283
0.02119319906591519
0.03165261047991932
0.028993999347096917
0.030545644278708567
0.03142080986513587
0.03168572485345981
0.032262861078022675
0.03321371666111396
0.03343605602631441
0.033284676032986446
0.03305760604299449
0.03452409972835916
0.0343348747366992
0.034855243463764084
0.03509650532813053
0.035351959066871476
0.03617508778059229
0.036898873373691625
0.03716378836201556
0.038379558933430785
0.03778823083449342
0.03819033394177083
0.03854986142592475
0.03924053264548359
0.040210310727740874
0.04036642134586033
0.04069756508126526
0.04114224381166616
0.0374665483486715
0.03774565521136993
0.03761792834199946
0.037736193961786936
0.037518585221377986
0.03792068832865539
0.038109913320315346
0.038109913320315346
0.0392026876471516
0.03924999389506659
0.038124105194689846
0.03838428955822228
0.03868704954487822
0.038999270781117146
0.03933041451652207
0.0392026876471516
0.03899454015632565
0.039633174503178
0.04001635511128942
0.040896251322508216
0.04082529195063573
0.04153488566936057
0.041165896935623655
0.04105236194062768
0.04130781567936862
0.04132200755374312
0.04153488566936057
0.041482848796654086
0.038124105194689846
0.03783080645761691
0.03892358078445316
0.03903238515465764
0.03881004578945719
0.03847417142926077
0.0387769314159167
0.03890465828528717
0.03841740393176278
0.03863974329696323
0.037272592732220035
0.03688941212410862
0.03685629775056813
0.03766050396512295
0.03766996521470595
0.03721109460993055
0.037438164599922504
0.037906496454280895
0.038109913320315346
0.03707863711576858
0.03809572144594085
0.037457087099088494
0.03747600959825449
0.03757062209408447
0.03749493209742049
0.03770307958824644
0.03795380270219589
0.03769834896345494
0.037873382080740405
0.038360636434264794
0.03805787644760886
0.037504393347003485
0.03539453468999496
0.03585340529477036
0.035962209664974834
0.033421864151939915
0.03339348040319092
0.03427337661440972
0.03483632096459809
0.03460452034981464
0.03500662345709205
0.0356831028022764
0.035971670914557836
0.035957479040183336
0.03608047528476231
0.03642581089454173
0.036747493380363656
0.03691306524806612
0.036458925268082226
0.03647311714245672
0.03660084401182719
0.036936718372023614
0.036832644626610636
0.037234747733888046
0.037688887713871945
0.03785445958157441
0.03771727146262094
0.03914592014965361
0.03775511646095293
0.03791595770386389
0.03712594336368357
0.038114643945106844
0.03781188395845091
0.037234747733888046
0.03704079211743659
0.03736247460325852
0.037641581465956954
0.037892304579906395
0.0378828433303234
0.037149596487641066
0.03697456337035561
0.03626970027642227
0.036326467773920255
0.0361135896583028
0.03624604715246477
0.03640215777058423
0.03634065964829475
0.035607412805612415
0.035654719053527406
0.03515800345042002
0.032783229805087556
0.03306233666778599
0.0330292222942455
0.034732247219185115
0.03506339095459004
0.034869435338138584
0.03493093346042807
0.03443894848211218
0.034864704713347086
0.03516273407521152
0.03543237968832696
0.035422918438743956
0.03517692594958601
0.034864704713347086
0.034779553467100106
0.03551280030978244
0.03545130218749295
0.03603316903684732
0.03591490341705984
0.03586286654435336
0.036227124653298776
0.03641634964495873
0.035962209664974834
0.035536453433739935
0.035640527179152906
0.03558375968165492
0.035555375932905926
0.036160895906217794
0.03618927965496679
0.036179818405383785
0.03620347152934128
0.03664341963495068
0.03586286654435336
0.035754062174148886
0.03598586278893233
0.03563106592956991
0.0356641803031104
0.035351959066871476
0.03499716220750906
0.035072852204173034
0.03472278596960212
0.03494512533480257
0.03500662345709205
0.035205309698335005
0.03511069720250503
0.034467332230861174
0.0343679891102397
0.03386181225754931
0.03363474226755737
0.03432068286232471
0.03445314035648668
0.03409834349712426
0.033989539126919786
0.03364420351714036
0.03266969481009158
0.0326081966878021
0.03275484605633856
0.032433163570516635
0.03326575353382045
0.033190063537156464
0.03375300788734484
0.0338996572558813
0.03381450600963432
0.03351174602297839
0.033672587265889356
0.03335090478006743
0.03352593789735289
0.03394696350379629
0.03400846162608578
0.03382869788400882
0.03402265350046028
0.03370097101463835
0.03365366476672336
0.03366312601630636
0.03413145787066475
0.0339233103798388
0.03440583410857169
0.03474643909355961
0.03448625473002717
0.03414091912024775
0.03376719976171933
0.034041575999626275
0.03383342850880032
0.03395642475337929
0.03376246913692783
0.033639472892348865
0.03299137729591351
0.03280688292904505
0.03287784230091754
0.03291095667445803
0.032887303550500534
0.03283999730258554
0.03272173168279807
0.03281161355383655
0.03275957668113006
0.03235747357385265
0.03204998296240522
0.03223920795406518
0.03203579108803073
0.031874949845119765
0.03179925984845578
0.03183237422199627
0.031912794843451754
0.0321540567078182
0.0321587873326097
0.03194117859220075
0.03204998296240522
0.03195063984178375
0.03218717108135869
0.03203579108803073
0.03210201983511171
0.032480469818431626
0.032248669203648175
0.03222028545489918
0.03221082420531619
0.03233382044989516
0.03240951044655914
0.032400049196976144
0.03235747357385265
0.032092558585528716
0.030900441138070986
0.030583489277040556
0.030583489277040556
0.030592950526623554
0.030271268040801626
0.030072581799558674
0.03052199115475107
0.030469954282044583
0.030990323009109463
0.030862596139738994
0.030895710513279485
0.03114170300243743
0.030924094262028478
0.03104709050660745
0.030805828642241007
0.030417917409338094
0.030924094262028478
0.030635526149747044
0.03030911303913362
0.030020544926852185
0.02977455243769424
0.029760360563319745
0.02968467056665576
0.029689401191447258
0.029713054315404754
0.0295143680741618
0.029717784940196255
0.029367718705625333
0.029310951208127347
0.029452869951872313
0.02945760057666381
0.02937244933041683
0.029504906824578802
0.029452869951872313
0.029135918090841886
0.029012921846262914
0.02898926872230542
0.029178493713965376
0.028837888728977454
0.029046036219803405
0.028899386851266938
0.028525667492738525
0.028648663737317497
0.0286297412381515
0.028435785621700044
0.028634471862943
0.02841686312253405
0.02831752000191257
0.028435785621700044
0.028554051241487518
0.02854458999190452
0.028610818738985504
0.02845943874565754
0.028208715631708094
0.02805260501358863
0.02800529876567364
0.02765996315589422
0.027664693780685718
0.02765050190631122
0.027234206924659318
0.027229476299867817
0.027428162541110773
0.027456546289859766
0.027333550045280795
0.027167978177578333
0.027082826931331353
0.027073365681748354
0.026988214435501374
0.027021328809041865
0.02699767568508437
0.026888871314879895
0.026808450693424413
0.026524613205934477
0.026770605695092424
0.02656718882905797
0.02660503382738996
0.02625023696802754
0.026212391969695548
0.026278620716776533
0.026065742601159084
0.026046820101993086
0.026226583844070044
0.02611777947386557
0.02593801573178861
0.026018436353244093
0.02603262822761859
0.02572040699137966
0.025611602621175185
0.025516990125345206
0.025351418257642745
0.02515746264119129
0.025247344512229767
0.025266267011395765
0.025204768889106277
0.024954045775156836
0.024859433279326857
0.02471278391079039
0.024637093914126405
0.024556673292670923
0.024471522046423944
0.02404576581518904
0.024036304565606043
0.024111994562270027
0.023993728942482553
0.024282297054763986
0.024126186436644523
0.024206607058100005
0.024178223309351012
0.024211337682891503
0.024116725187061525
0.02409780268789553
0.024107263937478526
0.024116725187061525
0.02413564768622752
0.024102533312687028
0.02414983956060202
0.024239721431640496
0.02439110142496846
0.024263374555597992
0.024116725187061525
0.02413091706143602
0.023984267692899554
0.02392276957061007
0.023700430205409618
0.02366258520707763
0.023813965200405594
0.02374773645332461
0.023582164585622147
0.023676777081452126
0.023430784592294182
0.023194253352719234
0.023009758985850778
0.022886762741271806
0.022976644612310283
0.022792150245441827
0.022673884625654353
0.02254615775628388
0.02254615775628388
0.022664423376071354
0.022574541505032877
0.022314357141500433
0.02223393652004495
0.02220082214650446
0.02224339776962795
0.022039980903593496
0.02195009903255502
