0.0
0.0
0.0
0.0
0.0
0.0
0.0
0.0
0.0
0.0
0.00032168248582192696
0.00032168248582192696
0.00032168248582192696
0.0003689887337369162
0.00044467873040089905
0.00040683373206890766
0.0012961911928707057
0.0
0.0
5.676749749798711e-05
0.00015137999332796563
0.00016557186770246242
0.00033114373540492483
0.00033114373540492483
0.0003595274841539184
0.0006291730972693572
0.0006291730972693572
0.0007332468426823335
0.0009035493351762948
0.0009413943335082863
0.0009461249582997852
0.0009461249582997852
0.0009839699566317765
0.0013056524424537035
0.001348228065577194
0.001480685559739164
0.001925364290140063
0.001906441790974067
0.0019348255397230608
0.00700605531620991
0.007166896559120873
0.007441272797027811
0.007535885292857789
0.007805530905973228
0.00801367839679918
0.008165058390127147
0.007994755897633186
0.008056254019922672
0.008174519639710144
0.008855729609685989
0.00907333835009494
0.00956059270361933
0.009669397073823804
0.009579515202785325
0.009976887685271236
0.010251263923178173
0.007308815302865841
0.007710918410143249
0.008273862760331622
0.008477279626366076
0.00921052646904841
0.009229448968214404
0.00974035644569629
0.01017084330172269
0.010639175156081085
0.007933257775343698
0.00823601776199963
0.008973995229473463
0.009238910217797403
0.009489633331746846
0.009972157060479736
0.009797123943194276
0.011206850131060956
0.0114528426202189
0.011793447605206822
0.01219555071248423
0.012715919439549113
0.01343497440785695
0.017905414835823436
0.02414983956060202
0.024736437034747885
0.025266267011395765
0.025446030753472723
0.025848133860750133
0.027447085040276768
0.02917376308917388
0.030578758652249058
0.03226759170281417
0.032262861078022675
0.03330359853215244
0.03373408538817884
0.034500446604401665
0.034784284091891604
0.03545603281228445
0.037149596487641066
0.037603736467624965
0.03885262141258068
0.04166734316352254
0.038516747052384254
0.03907496077778113
0.040006893861706416
0.0414118894247816
0.045532263618177166
0.04547549612067918
0.046038440470867546
0.04662030732022192
0.04675276481438389
0.047632661025602686
0.048645014730983455
0.04895723596722239
0.05457721821952311
0.055821372539687324
0.057377748096090475
0.05694726124006407
0.058995621774783104
0.06021612297098983
0.06062768732785023
0.06103452105991914
0.059648447996009955
0.06007893485203636
0.06132308917220058
0.06234017350237285
0.06243005537341133
0.06320587783921715
0.06353229094983058
0.06363636469524356
0.06271389286090126
0.06366947906878405
0.06491363338894826
0.06546711648955364
0.0647669840204118
0.06639431894868743
0.06770943264072413
0.06808788262404404
0.06818249511987402
0.06952599256065972
0.06843321823382346
0.06996121004147762
0.07061876688749597
0.07165477371683424
0.07237382868514207
0.07068026500978546
0.07120063373685033
0.07212783619598412
0.07299354053282843
0.07331522301865036
0.07311180615261591
0.07323953302198637
0.07329156989469286
0.07377409362342575
0.0731307286517819
0.07307396115428391
0.07306449990470092
0.07109182936664586
0.07216095056952462
0.07217041181910762
0.07249682492972104
0.07362744425488929
0.07380247737217474
0.07465872045943606
0.0748432148263045
0.06973414005148566
0.0709120656245689
0.07105398436831387
0.07101140874519038
0.07101140874519038
0.07107290686747987
0.07098775562123288
0.07201430120098815
0.07305503865511792
0.07296515678407943
0.07340983551448034
0.07470129608255954
0.07502770919317296
0.07538723667732689
0.07480063920318102
0.07551023292190585
0.07544400417482487
0.07618198164229871
0.07640905163229066
0.07670708099415509
0.07848579591575869
0.0788973602726191
0.07905820151553006
0.07864663715866964
0.0788358621503296
0.07901089526761507
0.07934203900301999
0.07915754463615153
0.07878382527762312
0.07757278533099939
0.07878382527762312
0.07759170783016539
0.07703822472956001
0.07711391472622399
0.07731260096746695
0.07728894784350945
0.0766124684983251
0.07647528037937164
0.07676857911644457
0.07652731725207812
0.07692942035935553
0.077057147228726
0.07737882971454793
0.07767685907641236
0.07457829983798057
0.07547238792357387
0.07699564910643653
0.07715175972455598
0.07814519093077076
0.07871286590575063
0.07857567778679717
0.07911969963781953
0.08270078260498423
0.08274808885289922
0.08338672319975157
0.08336780070058557
0.08330630257829609
0.08279066447602271
0.08275281947769071
0.08294677509414217
0.08276701135206521
0.08442746065388133
0.08472549001574577
0.08487213938428223
0.08481537188678424
0.085884493089663
0.0854587368584281
0.08600748933424197
0.08644743743985138
0.08638593931756189
0.08736990927419366
0.08781458800459456
0.08757332614022811
0.08846268360102992
0.0885289123481109
0.0885005285993619
0.08826399735978696
0.08881274983560083
0.08896886045372031
0.08911550982225677
0.08890736233143082
0.08949395980557669
0.08928581231475073
0.08911550982225677
0.09088476349427736
0.0911638703569758
0.09168896970883218
0.09185454157653465
0.09188765595007514
0.09193496219799013
0.09155651221467022
0.09164166346091719
0.09071919162657491
0.0907901509984474
0.09009001852930555
0.08988660166327109
0.09201065219465411
0.09230395093172704
0.09216676281277357
0.09315546339419685
0.09398805335750066
0.09399751460708367
0.09366164024688724
0.09386505711292169
0.09602695264263669
0.09519909330412439
0.09520382392891588
0.09270605403900445
0.0933588802602313
0.0929662384025369
0.09303246714961788
0.09303246714961788
0.08922431419246124
0.08888370920747332
0.08991025478722858
0.09008055727972256
0.09014205540201203
0.09032654976888049
0.09016570852596953
0.09064350162991092
0.09085164912073687
0.09189711719965814
0.09170316158320668
0.0915848959634192
0.09150920596675523
0.09165112471050019
0.09147609159321474
0.0911733316065588
0.09130105847592927
0.09155178158987871
0.09101249036364784
0.08956018855265767
0.08952234355432567
0.08979198916744112
0.08981091166660711
0.08935204106183171
0.08949869043036818
0.08921012231808674
0.0893709635609977
0.08938042481058071
0.08947030668161919
0.0894608454320362
0.08928108168995923
0.08850998984894491
0.0881078867416675
0.08848633672498742
0.08861879421914938
0.08844376110186392
0.08818357673833148
0.08829238110853596
0.0885478348472769
0.08815046236479099
0.08808423361771
0.08832076485728495
0.08798015987229703
0.08793285362438204
0.08851945109852791
0.08855729609685989
0.09055835038366394
0.09068134662824291
0.09059146475720443
0.090331280393672
0.0902697822713825
0.0898960629128541
0.09000959790785007
0.0898487566649391
0.08960276417578115
0.08962168667494716
0.08994336916076907
0.09010421040368004
0.09017043915076103
0.09018463102513552
0.08975887479390063
0.08969737667161114
0.08974941354431762
0.0902981660201315
0.09044008476387647
0.09033601101846349
0.09102668223802234
0.09131998097509526
0.09125375222801428
0.09121590722968229
0.0911354866082268
0.09085164912073687
0.09126794410238878
0.09095572286614985
0.09149501409238073
0.09088949411906887
0.09078542037365589
0.09062930975553643
0.09045427663825097
0.09056308100845543
0.0898487566649391
0.0898203729161901
0.09036439476721249
0.09055361975887244
0.09043062351429347
0.09172681470716418
0.09155178158987871
0.09156597346425321
0.09091314724302636
0.09088949411906887
0.09086584099511137
0.09173154533195567
0.09123956035363978
0.09136728722301025
0.09174100658153868
0.09213364843923308
0.09191130907403264
0.09320750026690335
0.09271551528858746
0.09270605403900445
0.09269186216462996
0.09268713153983846
0.09235598780443353
0.09275336028691944
0.09272024591337895
0.09289054840587291
0.09327845963877582
0.09316019401898835
0.09317911651815435
0.09279593591004293
0.0929142015298304
0.09304192839920088
0.09298043027691139
0.09267767029025546
0.09273916841254494
0.09268713153983846
0.09214784031360758
0.09221406906068856
0.09225191405902056
0.09216676281277357
0.09189238657486663
0.09148082221800623
0.09154232034029572
0.09231341218131005
0.09219987718631407
0.09201065219465411
0.0915707040890447
0.09153285909071272
0.09143351597009124
0.0915848959634192
0.09157543471383621
0.09152339784112973
0.09134836472384426
0.09201065219465411
0.09201538281944562
0.0920343053186116
0.09179777407903666
0.09193969282278162
0.09193023157319863
0.09302300590003489
0.09276755216129394
0.09199646032027961
0.09270605403900445
0.09374206086834272
0.09362379524855524
0.09378936711625771
0.09326426776440133
0.09314600214461385
0.09318384714294585
0.09323115339086084
0.0937846364914662
0.09397859210791766
0.09403535960541565
0.09406847397895614
0.09365690962209573
0.0942435070962416
0.09403535960541565
0.09394074710958568
0.09380355899063221
0.09373733024355121
0.09360487274938925
0.09321696151648634
0.09279593591004293
0.09261144154317448
0.09259251904400848
0.09184981095174315
0.09195861532194763
0.09246006154984651
0.09232287343089304
0.09196807657153062
0.09181196595341115
0.09165112471050019
0.09167950845924919
0.09120644598009929
0.09137201784780176
0.09108818036031183
0.09129632785113777
0.09126321347759728
0.09101249036364784
0.09111183348426931
0.09086584099511137
0.09079961224803039
0.09070499975220041
0.09042589288950197
0.09040697039033598
0.09003325103180757
0.09002852040701606
0.09000486728305856
0.08992917728639459
0.0898582179145221
0.08987714041368809
0.0898061810418156
0.0894371923080787
0.08930946543870823
0.08945611480724469
0.08905874232475879
0.08869448421581336
0.08840118547874043
0.0880795029929185
0.08812207861604199
0.08790920050042454
0.08776728175667957
0.08770578363439009
0.08735571739981916
0.08735098677502767
0.0872090680312827
0.08687319367108627
0.08669816055380082
0.0876584773864751
0.08734625615023617
0.08727529677836368
0.08720433740649121
0.08707661053712074
0.08814573173999948
0.08800854362104601
0.08802273549542051
0.08799908237146302
0.08789973925084155
0.08796596799792253
0.08826399735978696
0.08805111924416952
0.08758751801460261
0.08750709739314713
0.0867360055521328
0.08672181367775832
0.08663193180671984
0.08689684679504377
