0.0
0.0
0.0
0.0
0.0
0.0
0.0
0.0
0.0
0.0
0.0
0.0
0.0
0.0
0.0
0.0
0.0
0.0006244424724778583
0.0006244424724778583
0.0006244424724778583
0.0006244424724778583
0.0006244424724778583
0.0010975049516277508
0.0010975049516277508
0.0011731949482917336
0.0010975049516277508
0.0010975049516277508
0.0010975049516277508
0.0005582137253968733
0.000577136224562869
0.000577136224562869
0.0006149812228948604
0.0006812099699758453
0.0006812099699758453
0.000894088085593297
0.0009887005814232755
0.0011022355764192498
0.0013860730639091853
0.003268861730925758
0.003268861730925758
0.003401319225087728
0.0032877842300917536
0.003713540461326657
0.00559632912834323
0.0071479740599548775
0.007233125306201858
0.007346660301197832
0.007081745312873892
0.007020247190584406
0.007701457160560252
0.008117752142212158
0.00827859338512312
0.009149028346758924
0.009149028346758924
0.00929094709050389
0.009702511447364297
0.00991065893819025
0.010293839546301663
0.010459411414004126
0.01097031889148601
0.011169005132728964
0.012086746342279756
0.013051793799745536
0.014414213739697227
0.014513556860318706
0.015095423709673072
0.015133268708005064
0.014120915002624294
0.013132214421201018
0.015710404932567933
0.012749033813089606
0.012805801310587592
0.013165328794741511
0.013340361912026972
0.013359284411192968
0.013510664404520933
0.01400738000762832
0.014352715617407742
0.012313816332271705
0.02153380405090311
0.021779796540061055
0.021864947786308035
0.022962452737935787
0.02325575147500872
0.023369286470004694
0.02330305772292371
0.02405049643998054
0.02405049643998054
0.024599248915794417
0.02348755208979217
0.02360108708478814
0.02449044454558994
0.02154326530048611
0.019433406643477587
0.019589517261597054
0.019589517261597054
0.019589517261597054
0.01951382726493307
0.019897007873044482
0.020180845360534418
0.020237612858032404
0.020374800976985876
0.020441029724066858
0.020639715965309814
0.020819479707386773
0.021046549697378722
0.01880896417099973
0.0189414216651617
0.01903603416099168
0.01903603416099168
0.018936691040370202
0.01677952613544669
0.02615562447219756
0.02745181566506827
0.032565621064678606
0.03294407104799852
0.03337928852881642
0.03404630662441777
0.03463763472335513
0.034732247219185115
0.03474170846876811
0.03419295599295424
0.034666018472104126
0.034935664085219566
0.03493093346042807
0.05111913149693739
0.05157327147692129
0.05145973648192532
0.052694429552506535
0.05283634829625151
0.05319114515561393
0.0519942970833647
0.05244370643855709
0.05234909394272712
0.0585745961683397
0.05874489866083366
0.06333833533337913
0.06352282970024759
0.06291730972693571
0.06284635035506324
0.06291730972693571
0.06293623222610172
0.06312072659297017
0.06310180409380417
0.06281796660631424
0.06241113287424533
0.0625530516179903
0.06266658661298627
0.06072703044847171
0.061900225396763445
0.048304409745995536
0.047230557918325276
0.05482794133347255
0.054790096335140565
0.055731490668648846
0.05602952003051328
0.05626132064529673
0.056318088142794716
0.05752912808941844
0.05489890070534504
0.055050280698673
0.054723867588059576
0.054856325082221546
0.055059741948256
0.05520166069200097
0.055310465062205445
0.055528073802614396
0.05554699630178039
0.05586394816281082
0.05604371190488778
0.056521505008829166
0.05603898128009628
0.055613225048861376
0.056710730000489123
0.056587733755910155
0.05597748315780679
0.05655935000716116
0.05690468561694058
0.05703714311110255
0.059293651136647536
0.05971940736788244
0.05968629299434195
0.06179142102655897
0.06249628412049231
0.0625672434923648
0.06345660095316659
0.06369786281753304
0.06352756032503908
0.06365528719440955
0.06369313219274154
0.06369313219274154
0.06404319842731246
0.06401481467856347
0.06369786281753304
0.06518327900206371
0.06504609088311024
0.0652069321260212
0.06523531587477019
0.06541507961684714
0.06560430460850711
0.06664504206263687
0.06689103455179482
0.06792231075634159
0.06808315199925255
0.06813045824716753
0.0682723769909125
0.07127632373351432
0.07330103114427586
0.07330103114427586
0.07441745859506961
0.07450734046610809
0.07493782732213448
0.07471548795693404
0.07463033671068706
0.07016462690751207
0.0708694900014454
0.07127159310872282
0.07076068563124094
0.06955437630940871
0.07014097378355458
0.07111075186581185
0.07113440498976935
0.07107290686747987
0.07118644186247584
0.07141351185246779
0.07059038313874698
0.07070391813374295
0.0709357187485264
0.07099721687081588
0.07078906937998992
0.07085529812707092
0.0713709362293443
0.07197172557786466
0.07191495808036667
0.07230286931326958
0.07244951868180605
0.07291311991137295
0.07294150366012193
0.07346187238718682
0.07293677303533044
0.07301246303199442
0.07302665490636892
0.0731023449030329
0.07263874367346601
0.072657666172632
0.07239275118430806
0.07257251492638503
0.072648204923049
0.07261035992471701
0.07308815302865841
0.07332468426823335
0.0739964329886262
0.07375990174905125
0.07377882424821725
0.07377882424821725
0.07416673548112017
0.07409577610924768
0.07460195296193807
0.07596437290188976
0.07684426911310856
0.07698145723206203
0.07701930223039402
0.07730787034267544
0.07746871158558641
0.07748763408475241
0.07723691097080297
0.07588868290522577
0.07616778976792421
0.07624347976458819
0.07642324350666516
0.07628132476292018
0.0762245572654222
0.07625294101417118
0.07656516225041012
0.07448368734215059
0.07449314859173359
0.07474387170568303
0.0739633186150857
0.0739775104894602
0.07389708986800472
0.0713283606062208
0.07123374811039083
0.06955910693420021
0.06963006630607269
0.0700605531620991
0.07033966002479754
0.07041535002146151
0.07383086112092374
0.07433703797361413
0.07437488297194611
0.07440326672069511
0.07428500110090763
0.07427080922653313
0.07362744425488929
0.07386397549446423
0.07353283175905931
0.07391128174237922
0.07458303046277207
0.07515070543775194
0.07552442479628035
0.07610629164563472
0.07601167914980474
0.07625767163896269
0.07632390038604367
0.07681115473956807
0.07714702909976448
0.07584610728210228
0.0770902616022665
0.07706187785351751
0.07715649034934749
0.07731260096746695
0.07735990721538194
0.0774923647095439
0.0775207484582929
0.0774781728351694
0.07738356033933944
0.07757278533099939
0.07740721346329693
0.0775207484582929
0.07838172217034571
0.07875544152887412
0.07904874026594705
0.07904874026594705
0.07918119776010903
0.07964479898967591
0.07962587649050992
0.0757562254110638
0.07585556853168528
0.07586976040605978
0.07586976040605978
0.07584137665731078
0.07671654224373808
0.07682061598915106
0.07692468973456404
0.07672127286852959
0.07683480786352556
0.07696726535768753
0.07699091848164502
0.07694834285852153
0.07697672660727052
0.07695780410810453
0.07744978908642042
0.07749709533433541
0.0774923647095439
0.07717541284851348
0.07773362657391035
0.07735044596579894
0.07717541284851348
0.07717068222372198
0.07713756785018148
0.07647054975458013
0.07677804036602758
0.07692468973456404
0.0770808003526835
0.07717541284851348
0.07716595159893049
0.07719906597247098
0.07730313971788395
0.0775207484582929
0.07720852722205397
0.07739775221371392
0.07739775221371392
0.07731260096746695
0.07751128720870991
0.07682061598915106
0.07670708099415509
0.0762245572654222
0.0770997228518495
0.07726056409476045
0.07697672660727052
0.0775160178335014
0.07749709533433541
0.07811680718202177
0.07721798847163697
0.07726529471955196
0.07701930223039402
0.0775254790830844
0.07758224658058238
0.07746871158558641
0.07803638656056629
0.07811207655723026
0.07818776655389426
0.07816884405472825
0.07812626843160476
0.07818303592910275
0.07848106529096718
0.0784101059190947
0.07776201032265935
0.07820668905306025
0.07790392906640431
0.07801273343660879
0.07788500656723832
0.07813099905639626
0.07820195842826874
0.07817357467951976
0.07824926467618373
0.07828710967451573
0.0783722609207627
0.07857567778679717
0.07858986966117165
0.07862771465950365
0.07871286590575063
0.07835806904638822
0.07865609840825265
0.07891155214699358
0.07897305026928307
0.07902035651719806
0.0788547846494956
0.07888789902303608
0.0775018259591269
0.07780931657057434
0.0775207484582929
0.07736463784017343
0.0775444015822504
0.07791812094077881
0.07804111718535778
0.0775349403326674
0.07767212845162087
0.07762482220370588
0.07734571534100744
0.07733152346663294
0.07778566344661685
0.07723691097080297
0.0771186453510155
0.07717068222372198
0.07714229847497299
0.07723691097080297
0.0780032721870258
0.07751128720870991
0.07789919844161282
0.07784243094411483
0.07862771465950365
0.07862771465950365
0.07852364091409067
0.07784243094411483
0.07781404719536583
0.0775207484582929
0.07691049786018954
0.07702403285518551
0.07692468973456404
0.07715175972455598
0.07719433534767947
0.07778093282182534
0.07774308782349335
0.07776674094745084
0.07740248283850543
0.07741667471287993
0.07735990721538194
0.07733152346663294
0.07730313971788395
0.07730787034267544
0.07726056409476045
0.07737882971454793
0.07746398096079492
0.0774923647095439
0.07744505846162891
0.0774781728351694
0.07801746406140028
0.07812153780681326
0.07826818717534974
0.07826818717534974
0.07828710967451573
0.07832968529763921
0.0783959140447202
0.07859460028596316
0.07874598027929113
0.0788547846494956
0.07876963340324862
0.07861352278512915
0.07861352278512915
0.07874598027929113
0.07807896218368977
0.07793231281515331
0.07779985532099133
0.07774308782349335
0.07773835719870185
0.07767212845162087
0.07789446781682131
0.07769105095078686
0.07747344221037791
0.07745451971121192
0.07766266720203786
0.07759170783016539
0.07757751595579089
0.07772889594911886
0.07775727969786785
0.07855202466283967
0.07919538963448353
0.07865136778346114
0.0787980171519976
0.07881693965116361
0.07897778089407458
0.07907239338990454
0.07829184029930722
0.07832495467284772
0.0784006446695117
0.0784148365438862
0.07841956716867769
0.07904400964115556
0.07879328652720612
