0.0
0.0
0.0
0.0
1.8922499165995704e-05
1.8922499165995704e-05
1.8922499165995704e-05
5.676749749798711e-05
5.676749749798711e-05
0.00011353499499597422
0.00011353499499597422
0.00011353499499597422
0.00011353499499597422
0.00011353499499597422
0.0003642581089454173
0.0003642581089454173
0.0003642581089454173
0.0003642581089454173
0.0004210256064434044
0.0004210256064434044
0.0004210256064434044
0.0004210256064434044
0.0004210256064434044
0.00018922499165995705
0.00018922499165995705
0.001665179926607622
0.001665179926607622
0.001665179926607622
0.001665179926607622
0.001665179926607622
0.001665179926607622
0.001665179926607622
0.001665179926607622
0.0017408699232716047
0.0017408699232716047
0.0017408699232716047
0.0017408699232716047
0.0019537480388890564
0.0020247074107615404
0.001967939913263553
0.0023416592717919685
0.0006670180956013486
0.0006670180956013486
0.0007805530905973227
0.0007805530905973227
0.0009224718343422906
0.0008467818376783078
0.0008467818376783078
0.0011164274507937466
0.0011495418243342391
0.0011495418243342391
0.0012536155697472154
0.011396075122720914
0.011396075122720914
0.011471765119384896
0.011386613873137915
0.01070540390316207
0.009546400829244833
0.009934312062147744
0.010047847057143719
0.010076230805892712
0.01563944556069545
0.0149771580898856
0.015057578711341082
0.015100154334464572
0.015331954949248019
0.009721433946530293
0.009702511447364297
0.009503825206121343
0.009825507691943269
0.006816830324549952
0.007024977815375905
0.007034439064958903
0.007110129061622886
0.007479117795359802
0.0074933096697342985
0.007531154668066291
0.007701457160560252
0.009962695810896737
0.010076230805892712
0.01021341892484618
0.010516178911502113
0.010809477648575046
0.01092301264357102
0.011514340742508386
0.011571108240006373
0.011561646990423375
0.011817100729164318
0.012006325720824274
0.012006325720824274
0.012082015717488258
0.012536155697472153
0.012583461945387142
0.013591085025976415
0.013666775022640397
0.01352485627889543
0.013534317528478427
0.013647852523474401
0.013586354401184915
0.013718811895346886
0.013841808139925858
0.01418241312491378
0.014191874374496777
0.01426756437116076
0.013822885640759862
0.014158760000956285
0.014726434975936157
0.014551401858650696
0.01475481872468515
0.014783202473434143
0.015010272463426092
0.015275187451750032
0.015355608073205514
0.015298840575707526
0.015393453071537505
0.015383991821954508
0.015445489944243994
0.0154123755707035
0.01643892115045877
0.01651461114712275
0.015795556178814913
0.013193712543490504
0.013382937535150461
0.01369515877138939
0.012063093218322262
0.012077285092696758
0.012143513839777744
0.012356391955395195
0.012706458189966116
0.013680966897014894
0.013680966897014894
0.013860730639091854
0.014078339379500805
0.015161652456754058
0.015313032450082023
0.015540102440073972
0.01577663367964892
0.015795556178814913
0.01577190305485742
0.015762441805274422
0.01554956368965697
0.01546441244340999
0.015587408687988961
0.01577190305485742
0.015762441805274422
0.015790825554023415
0.016476766148790758
0.016287541157130804
0.0162970024067138
0.016353769904211786
0.01651934177191425
0.016443651775250267
0.0171768986179326
0.017243127365013586
0.017025518624604635
0.0176215773483335
0.01775876546728697
0.01780134109041046
0.017626307973124998
0.01769726734499748
0.017777687966452963
0.01818452169852187
0.018179791073730373
0.018217636072062365
0.019726705380550522
0.01973143600534202
0.01876638854787624
0.019745627879716517
0.019934852871376474
0.02012407786303643
0.02030857222990489
0.020559295343854332
0.021831833412767544
0.021926445908597523
0.02220082214650446
0.022314357141500433
0.021902792784640027
0.02199267465567851
0.022129862774631977
0.02197848278130401
0.02210620965067448
0.01973143600534202
0.019414484144311593
0.01959424788638855
0.01977874225325701
0.019703052256593027
0.019854432249920992
0.019849701625129494
0.02009096348949594
0.020161922861368423
0.01888938479245521
0.018775849797459238
0.01873327417433575
0.019433406643477587
0.021027627198212728
0.021221582814664183
0.021221582814664183
0.022479929009202898
0.022569810880241375
0.023421323342711183
0.023421323342711183
0.023321980222089707
0.023374017094796192
0.023752467078116107
0.024230260182057498
0.024935123275990838
0.024954045775156836
0.024944584525573837
0.024902008902450347
0.025488606376596213
0.025696753867422165
0.026311735090317027
0.026245506343236042
0.02616508572178056
0.026273890091985035
0.02902711372063741
0.029131187466050385
0.029187954963548375
0.02920687746271437
0.029386641204791328
0.029348796206459336
0.02938191057999983
0.02977455243769424
0.029840781184775227
0.029897548682273213
0.029845511809566724
0.029873895558315718
0.029722515564987752
0.02985970368394122
0.029897548682273213
0.02981712806081773
0.03026180679121863
0.03034695803746561
0.030763253019117517
0.030720677395994024
0.030895710513279485
0.028516206243155526
0.028639202487734498
0.029145379340424882
0.029183224338756874
0.029183224338756874
0.029362988080833832
0.029580596821242783
0.029618441819574775
0.029888087432690214
0.03018138616976315
0.03018138616976315
0.02973670743936225
0.030115157422682164
0.029538021198119293
0.02955221307249379
0.029306220583335846
0.029443408702289314
0.029533290573327795
0.029613711194783277
0.030134079921848158
0.0321351342086522
0.03283053605300255
0.032934609798415525
0.03267442543488308
0.033090720416534984
0.033454978525480406
0.03370097101463835
0.035172195324794514
0.03521004032312651
0.03519111782396051
0.035522261559365435
0.035706755926233895
0.03629808402517126
0.03483632096459809
0.03492620283563657
0.03506339095459004
0.034382180984614194
0.0348079372158491
0.03502081533146655
0.03545130218749295
0.03561214343040391
0.034817398465432095
0.03485997408855559
0.034566675351482654
0.03457140597627415
0.034244992865660726
0.03430176036315871
0.034481524105235674
0.03466128784731263
0.03503027658104955
0.036345390273086246
0.03664815025974218
0.037674695839497445
0.03792068832865539
0.03796326395177888
0.03808626019635785
0.03817141144260484
0.03867285767050372
0.03863501267217173
0.03849782455321826
0.03868704954487822
0.03909388327694713
0.03931149201735608
0.03933041451652207
0.03939191263881156
0.0392026876471516
0.039623713253595004
0.03982713011962946
0.03997851011295742
0.04013935135586839
0.040196118853366374
0.0400636613592044
0.039723056374216484
0.04056983821189479
0.0405414544631458
0.0405414544631458
0.04107601506458518
0.041776147533727014
0.04206944627079995
0.04218298126579592
0.04238166750703888
0.04243843500453687
0.04071175695563976
0.04078744695230374
0.0414308119239476
0.04134093005290911
0.041350391302492115
0.03993120386504243
0.04026707822523886
0.040446841967315815
0.0405178013391883
0.04060768321022678
0.04068337320689076
0.04079217757709524
0.041151705061249155
0.04147811817186258
0.04144027317353059
0.04159165316685856
0.04122266443312164
0.041435542548739095
0.0414071587999901
0.04122739505791314
0.041151705061249155
0.041402428175198604
0.04112805193729166
0.041000325067921194
0.04109493756375117
0.04119428068437265
0.04127470130582813
0.0414166200495731
0.04125577880666213
0.04157746129248406
0.04153488566936057
0.04286892186056327
0.04337509871325365
0.043587976828871104
0.04354540120574761
0.04352174808179012
0.042883113734937764
0.04290203623410376
0.0436116299528286
0.043857622441986543
0.04392858181385903
0.0436163605776201
0.04374881807178207
0.043990079936148514
0.04393331243865053
0.04395223493781652
0.04399954118573151
0.044061039308020994
0.04505447051423577
0.04522477300672973
0.04591071360149708
0.046142514216280524
0.046222934837736006
0.04636958420627247
0.04683318543583937
0.04708863917458031
0.04725894166707427
0.0471595985464528
0.04716905979603579
0.0471264841729123
0.046880491683754355
0.04698456542916733
0.04685683855979686
0.04853147973598748
0.048205066625374056
0.0488862765953499
0.048862623471392405
0.049179575332422835
0.04917011408283984
0.0497945565553177
0.05051361152362553
0.04947287406949577
0.049955397798228655
0.04996485904781166
0.049889169051147673
0.05006420216843313
0.050239235285718595
0.05034330903113157
0.05044738277654455
0.050087855292390626
0.050087855292390626
0.0497709034313602
0.049851324052815685
0.04895723596722239
0.04866866785494095
0.04875381910118793
0.04853621036077898
0.04665342169376241
0.04726840291665727
0.047230557918325276
0.04689941418292035
0.046965642930001335
0.046861569184588364
0.04789284538913513
0.04752858728018971
0.04760900790164519
0.0471170229233293
0.047079177924997315
0.04735828478769575
0.04746235853310873
0.047452897283525725
0.047296786665406265
0.04710756167374631
0.04690887543250335
0.047031871677082324
0.047296786665406265
0.0475711629033132
0.047585354777687695
0.04771308164705817
0.04927418782825281
0.04928364907783581
0.0493214940761678
0.0493356859505423
0.047888114764343626
0.048039494757671594
0.04806787850642059
0.04807733975600358
0.04828075662203804
0.04818614412620806
0.046677074817719905
0.04682372418625637
0.0471217535481208
0.0471359454224953
0.04707444730020581
0.047150137296869794
0.0471595985464528
0.04715486792166129
0.04736301541248725
0.047400860410819236
0.04679060981271588
0.0466865360673029
0.04687103043417136
0.04683318543583937
0.04700348792833333
0.047031871677082324
0.04708390854978881
0.04698929605395883
0.04697037355479284
0.0471170229233293
0.04699402667875033
0.046927797931669346
0.04697037355479284
0.047027141052290826
0.04824764224849755
0.04839429161703401
0.04836590786828502
0.04808207038079509
0.04831860162037003
0.04834698536911902
0.04834698536911902
0.04870178222848144
0.048474712238489495
0.04836117724349352
0.04808207038079509
0.04838009974265951
0.04826656474766354
0.048427405990574504
0.04853147973598748
0.048730165977230434
0.04885316222180941
0.04897615846638838
0.049080232211801356
0.04925526532908682
0.049416106571997784
0.049297840952210306
0.0493262247009593
0.04919849783158883
0.04912753845971635
0.04944449032074678
0.04953910281657675
0.05008312466759913
0.05042846027737855
0.050594032145081014
0.05061295464424701
0.050631877143413
0.05069810589049399
0.050877869632570946
0.051128592746520395
0.05119009086880988
0.051213743992767374
0.05127524211505686
0.05125631961589086
