0.0
0.0
0.0
0.0
0.0
0.0
0.0
0.0
0.0
0.0
0.0
0.0
0.0
0.0
0.0
0.0
0.0
0.0
0.0
0.0
0.0
0.0001986862412429549
0.0001986862412429549
0.00031222123623892914
0.00032168248582192696
0.00046360122956689475
0.00035006623457092053
0.00035006623457092053
0.0003926418576944109
0.00044940935519239796
0.0005913280989373658
0.0006859405947673443
0.0007237855930993357
0.0008183980889293142
0.0008183980889293142
0.0011306193251682433
0.0013198443168282003
0.0008751655864273013
0.0008751655864273013
0.0009130105847592928
0.0009887005814232755
0.001159003073917237
0.001159003073917237
0.0013529586903686928
0.0013529586903686928
0.0013813424391176865
0.001480685559739164
0.0017645230472290994
0.0018212905447270865
0.0018307517943100843
0.0018685967926420758
0.0020578217843020326
0.0020578217843020326
0.0021287811561745166
0.002242316151170491
0.002431541142830448
0.002611304884907407
0.002611304884907407
0.0026775336319883923
0.000960316832674282
0.0009697780822572798
0.0015847593051521401
0.001726678048897108
0.001726678048897108
0.0017692536720205984
0.002053091159510534
0.002053091159510534
0.002053091159510534
0.002053091159510534
0.002034168660344538
0.002034168660344538
0.0023416592717919685
0.002360581770957964
0.002549806762617921
0.002549806762617921
0.0025923823857414113
0.0025923823857414113
0.0025734598865754157
0.0025734598865754157
0.002545076137826422
0.0027295705046948802
0.001736139298480106
0.0018354824191015833
0.0019300949149315618
0.0019300949149315618
0.0020057849115955447
0.002034168660344538
0.0020767442834680287
0.002176087404089506
0.002176087404089506
0.0024410023924134458
0.002611304884907407
0.002370043020540962
0.002370043020540962
0.0029471792451038308
0.0029471792451038308
0.002966101744269827
0.002928256745937835
0.0028099911261503623
0.002880950498022846
0.003368204851547235
0.003406049849879227
0.0034912010961262075
0.003642581089454173
0.0037939610827821386
0.0036236585902881774
0.0036047360911221817
0.003718271086118156
0.003718271086118156
0.0036993485869521604
0.003973724824859098
0.00453666917504747
0.007408158423487318
0.007568999666398282
0.007568999666398282
0.008245479011582627
0.008340091507412606
0.008387397755327595
0.008482010251157574
0.008567161497404555
0.006745870952677468
0.0071479740599548775
0.007370313425155327
0.007587922165564277
0.0076446896630622645
0.0075027709193172965
0.007554807792023785
0.007592652790355777
0.007772416532432736
0.007857567778679716
0.008288054634706119
0.00955586207882783
0.009967426435688237
0.009986348934854233
0.009834968941526268
0.010123537053807702
0.01039791329171464
0.010511448286710613
0.010568215784208601
0.010847322646907038
0.010828400147741042
0.010989241390652006
0.011102776385647979
0.011334577000431426
0.011353499499597422
0.011561646990423375
0.014163490625747784
0.014253372496786263
0.014617630605731681
0.014556132483442195
0.015393453071537505
0.01347755003098044
0.013487011280563439
0.013638391273891404
0.013926959386172838
0.013860730639091854
0.014523018109901703
0.014674398103229668
0.014210796873662774
0.014324331868658748
0.014551401858650696
0.014783202473434143
0.01466966747843817
0.014764279974268149
0.014764279974268149
0.01480212497260014
0.015185305580711553
0.015492796192158983
0.015719866182150932
0.01589962992422789
0.0163064636562968
0.01625442678359031
0.017257319239388082
0.017342470485635062
0.01528464870133303
0.016017895544015365
0.01831697919268384
0.018354824191015834
0.018695429176003756
0.01924418165181763
0.01933879414764761
0.01956113351284806
0.01969832163180153
0.019859162874712493
0.01991119974741898
0.019414484144311593
0.019745627879716517
0.01959424788638855
0.01978347287804851
0.01978347287804851
0.02000108161845746
0.02031330285469639
0.020819479707386773
0.020937745327174247
0.021065472196544716
0.028350634375453064
0.028899386851266938
0.02938191057999983
0.029419755578331822
0.03104709050660745
0.03117954800076942
0.031236315498267407
0.03157692048325533
0.03208782796073722
0.032532506691138115
0.032750115431547065
0.03312383479007548
0.033005569170288004
0.033005569170288004
0.03512488907687952
0.03512961970167103
0.03538507344041197
0.035839213420395866
0.036047360911221814
0.036212932778924276
0.03633592902350325
0.03637377402183524
0.03644000276891623
0.03638323527141824
0.03641634964495873
0.03640688839537574
0.03659138276224419
0.036596113387035695
0.03671910963161466
0.036984024619938605
0.03723001710909655
0.03756589146929297
0.037442895224714
0.037542238345335474
0.03773146333699543
0.03763212021637396
0.03774565521136993
0.03779296145928492
0.03784972895678291
0.03778350020970192
0.03793488020302989
0.03794907207740438
0.03815721956823034
0.03838428955822228
0.03852147767717575
0.0396662888767185
0.040006893861706416
0.03976563199733997
0.04004473886003841
0.04016773510461738
0.04043738071773282
0.04048941759043931
0.040716487580431254
0.041336199428117615
0.04105709256541918
0.04151123254540308
0.041638959414773545
0.04206944627079995
0.04214986689225543
0.042088368769965946
0.042575623123490336
0.042443165629328365
0.04214986689225543
0.042211365014544915
0.04236747563266438
0.04246208812849436
0.04258981499786483
0.04260873749703083
0.042712811242443804
0.0427033499928608
0.04281688498785678
0.04307233872659772
0.043015571229099735
0.042968264981184744
0.043133836848887205
0.043266294343049176
0.04346024995950063
0.04356432370491361
0.043720434323033075
0.04370151182386708
0.0435927074536626
0.04369205057428408
0.04400427181052301
0.04443475866654941
0.04455302428633689
0.044557754911128386
0.04474697990278834
0.04477063302674584
0.04598640359816106
0.04592963610066307
0.046104669217948535
0.04615197546586352
0.046241857336902004
0.04621820421294451
0.04690887543250335
0.04720217416957628
0.04717852104561879
0.04693725918125234
0.047197443544784785
0.04722582729353378
0.047197443544784785
0.04748601165706622
0.04750493415623221
0.04746235853310873
0.04764685289997718
0.04765631414956018
0.047732004146224166
0.047902306638718126
0.04894304409284789
0.04895250534243089
0.04925526532908682
0.04922215095554632
0.05009258591718213
0.05002635717010114
0.05075487338799198
0.05069810589049399
0.05096302087881793
0.05124212774151637
0.051379315860469836
0.05189968458753472
0.05201321958253069
0.052003758332947694
0.052136215827109665
0.05221190582377365
0.052122023952735165
0.05238693894105911
0.05238693894105911
0.05238220831626761
0.05244370643855709
0.05265185392938305
0.05250047393605508
0.05222609769814814
0.05234436331793561
0.05258562518230206
0.05283161767146
0.053399292646439875
0.0541751151122457
0.05444949135015264
0.054468413849318636
0.05426972760807568
0.054203498860994695
0.054189306986620195
0.054118347614747715
0.05409942511558172
0.05429338073203317
0.05408996386599872
0.05411361698995622
0.053952775747045253
0.053664207634763816
0.05383924075204928
0.05390546949913026
0.05395750637183675
0.05386289387600677
0.053971698246211244
0.05392912262308776
0.054373801353488654
0.054255535733701184
0.05422715198495219
0.0541845763618287
0.054373801353488654
0.054591410093897605
0.05457721821952311
0.054742790087225573
0.05458194884431461
0.054591410093897605
0.05537669380928643
0.05510704819617099
0.05518273819283497
0.05739193997046497
0.05747709121671195
0.057330441848175484
0.05749128309108645
0.05736828684650747
0.057330441848175484
0.05754331996379294
0.057500744340669444
0.05748655246629495
0.05761900996045692
0.05756697308775043
0.05775146745461889
0.057680508082746405
0.05755278121337593
0.05748655246629495
0.057514936215043944
0.05748655246629495
0.05745816871754596
0.05747709121671195
0.05750547496546095
0.057633201834831414
0.05759062621170793
0.057548050588584435
0.057680508082746405
0.05777512057857638
0.05804476619169182
0.058607710541880194
0.058352256803139255
0.05799272931898533
0.05801638244294283
0.05777038995378488
0.057798773702533876
0.05774200620503589
0.05780823495211688
0.057779851203367885
0.05785554120003186
0.05788865557357236
0.05828129743126677
0.05796907619502784
0.057883924948780856
0.057950153695861845
0.05822452993376878
0.058252913682517775
0.058304950555224264
0.05887735615499563
0.05889154802937013
0.057812965576908376
0.05750547496546095
0.057510205590252446
0.05790757807273835
0.057883924948780856
0.05822926055856028
0.05809207243960681
0.05809680306439831
0.0581251868131473
0.05848944492209272
0.05838064055188825
0.05867866991375268
0.058517828670841716
0.0585604042939652
0.0585604042939652
0.05853202054521621
0.0585935186675057
0.058602979917088696
0.05890100927895313
0.05871651491208467
0.05851309804605022
0.05666342375257413
0.056758036248404115
0.05654988875757816
0.057344633722549984
0.057325711223383986
0.057330441848175484
0.057207445603596516
0.05719798435401351
0.057330441848175484
0.05705606561026855
0.056942530615272574
0.05700402873756206
0.057022951236728056
0.057145947481307025
0.057160139355681525
0.05712229435734953
0.0572642131010945
0.05790757807273835
0.05751966683983544
0.057950153695861845
0.05784134932565737
0.05827656680647527
0.05872124553687617
0.058423216175011734
0.06015935547349184
0.060097857351202356
0.05985659548683591
0.060003244855372374
0.0599275548587084
0.061091288557417134
0.06101086793596165
0.06098248418721266
0.06098248418721266
0.06155488978698403
0.06170626978031199
0.061729922904269485
0.061294705423451584
0.06044792358577328
0.06044792358577328
0.06044792358577328
0.061961723519052936
0.06221244663300238
0.062065797264465906
0.062217177257793875
0.062132026011546895
0.06265239473861178
0.06266658661298627
0.0625152066196583
0.06260035786590529
0.06256251286757329
0.06269023973694376
0.062368557251121844
0.06221244663300238
0.06222190788258537
0.06221244663300238
0.06242532474861983
0.06237801850070484
0.06239694099987084
0.062434785998202826
0.062132026011546895
0.062117834137172395
0.06215567913550439
0.0621272953867554
0.06215567913550439
0.06223609975695987
0.06227394475529186
0.06233071225278985
0.062302328504040855
0.06233071225278985
0.062302328504040855
