0.0
0.0
0.0
0.0
0.0
0.0
2.8383748748993554e-05
2.8383748748993554e-05
2.8383748748993554e-05
2.8383748748993554e-05
2.8383748748993554e-05
2.8383748748993554e-05
2.8383748748993554e-05
2.8383748748993554e-05
2.8383748748993554e-05
0.00010407374541297637
0.00010407374541297637
0.00010407374541297637
0.00010407374541297637
0.00013245749416196994
0.00017030249249396133
0.00021287811561745168
0.00024126186436644522
0.0011826561978747316
0.0016273349282756307
0.0016462574274416263
0.0017408699232716047
0.0022990836486684782
0.002370043020540962
0.0025734598865754157
0.002753223628652375
0.0025781905113669147
0.02312329398084675
0.023321980222089707
0.023728813954158615
0.01840213043893082
0.01924891227660913
0.020857324705718765
0.02100870469904673
0.020942475951965744
0.02132092593528566
0.021666261545065083
0.02211094027546598
0.022432622761287907
0.02163787779631609
0.022848917742939814
0.023364555845213197
0.023657854582286128
0.02400319019206555
0.024187684558934008
0.02461817141496041
0.010066769556309715
0.010128267678599201
0.012228665086024723
0.012588192570178642
0.0127774175618386
0.013269402540154487
0.013676236272223394
0.014083070004292302
0.014243911247203266
0.01444732811323772
0.014986619339468597
0.015123807458422067
0.015322493699665022
0.015644176185486948
0.015601600562363458
0.015729327431733928
0.015875976800270395
0.015913821798602387
0.015965858671308876
0.01616454491255183
0.01641999865129277
0.017034979874187634
0.017285702988137076
0.017668883596248488
0.018000027331653415
0.018118292951440886
0.018241289196019857
0.018624469804131273
0.018946152289953198
0.019509096640141572
0.019759819754091013
0.019930122246584976
0.020204498484491913
0.020441029724066858
0.020625524090935318
0.020592409717394827
0.02079109595863778
0.02109858657008521
0.020143000362202425
0.020232882233240906
0.02038426222656887
0.020370070352194375
0.020195037234908914
0.020582948467811828
0.020691752838016303
0.02040318472573487
0.02074378971072279
0.021126970318834204
0.022659692751279856
0.02260292525378187
0.02325575147500872
0.0233456333460472
0.023624740208745637
0.020691752838016303
0.020970859700714738
0.021434460930281635
0.02140134655674114
0.022196091521712962
0.02254615775628388
0.022262320268793948
0.02224339776962795
0.02272119087356934
0.023402400843545185
0.0237808508268651
0.024031573940814545
0.02405522706477204
0.02439110142496846
0.024599248915794417
0.025124348267650795
0.025649447619507177
0.02581975011200114
0.025384532631183235
0.025488606376596213
0.024301219553929984
0.024102533312687028
0.02431541142830448
0.02506758077015281
0.023553780836873154
0.0237903120764481
0.02506285014536131
0.02514800139160829
0.025692023242630667
0.025838672611167134
0.026264428842402036
0.026586111328223964
0.027428162541110773
0.027593734408813235
0.027924878144218162
0.02806206626317163
0.028828427479394455
0.028681778110857988
0.027858649397137177
0.02802422126483964
0.027905955645052164
0.028932501224807432
0.026283351341568034
0.02651515195635148
0.02704498193299936
0.027016598184250368
0.02700240630987587
0.027404509417153278
0.028643933112525995
0.029533290573327795
0.029396102454374327
0.030001622427686187
0.03057402802745756
0.030512529905168072
0.031122780503271434
0.031893872344285756
0.03223920795406518
0.03228178357718867
0.03247100856884863
0.03384762038317481
0.034197686617745734
0.033975347252545286
0.03450517722919317
0.03564525780394441
0.03556483718248893
0.035555375932905926
0.035659449678318904
0.03552699218415693
0.03544657156270145
0.03586759716914486
0.035437110313118456
0.03607101403517931
0.036832644626610636
0.03598113216414083
0.03633592902350325
0.0361230509078858
0.036397427145792735
0.03670964838203167
0.03757535271887597
0.0361372427822603
0.03630754527475426
0.03641634964495873
0.036411619020167235
0.03650623151599721
0.03652515401516321
0.03696510212077261
0.03749966272221199
0.03751385459658648
0.03754696897012698
0.03835590580947329
0.035035007205841046
0.03670491775724017
0.03661030526141019
0.03661030526141019
0.03665761150932518
0.03680899150265314
0.036969832745564105
0.03721582523472205
0.03726786210742854
0.03763212021637396
0.03778350020970192
0.03801057019969387
0.03820452581614533
0.03823290956489432
0.03887154391174667
0.03960006012963751
0.04038061322023483
0.03995485698899993
0.04461452240862637
0.04440164429300892
0.04421241930134896
0.04211675251871494
0.04188495190393149
0.04206944627079995
0.04245262687891136
0.0431669512224277
0.04340821308679414
0.04327575559263218
0.043218988095134185
0.04284053811181428
0.04289257498452076
0.04325683309346618
0.04357378495449661
0.0436305524519946
0.04389546744031853
0.044056308683229496
0.04423134180051496
0.04422661117572346
0.044510448663213395
0.04452937116237939
0.04478482490112033
0.04522950363152123
0.04594855859982907
0.04611413046753153
0.04648311920126845
0.04675276481438389
0.047452897283525725
0.0471264841729123
0.04698929605395883
0.04725421104228277
0.0471454066720783
0.047150137296869794
0.04767996727351768
0.048171952251833565
0.048124646003918574
0.04812937662871007
0.048522018486404486
0.04764685289997718
0.04779823289330515
0.04835171599391052
0.04759008540247919
0.04752858728018971
0.04722582729353378
0.04721163541915928
0.04727313354144877
0.047230557918325276
0.04725894166707427
0.04738666853644474
0.04731097853978076
0.0471217535481208
0.04707444730020581
0.0471595985464528
0.047329901038946756
0.04687576105896286
0.04729205604061476
0.0471595985464528
0.0471217535481208
0.04708390854978881
0.04718798229520179
0.04729205604061476
0.047367746037278745
0.04749074228185772
0.04752385665539821
0.04771308164705817
0.04752858728018971
0.047315709164572256
0.04727313354144877
0.04760427727685369
0.04748601165706622
0.04774619602059866
0.047717812271849666
0.047755657270181655
0.04838009974265951
0.04789757601392663
0.04838009974265951
0.048223989124540054
0.0480158416337141
0.047940151637050114
0.047821886017262644
0.04864028410619196
0.04853621036077898
0.04887208472097541
0.04898561971597138
0.04947287406949577
0.05028181090884209
0.05025815778488459
0.050272349659259086
0.05014462278988861
0.05104817212506491
0.05125158899109936
0.05193279896107521
0.05202268083211369
0.05203214208169669
0.052207175198982145
0.05234436331793561
0.05244370643855709
0.052353824567518616
0.05238693894105911
0.05223082832293964
0.05320060640519692
0.053281027026652404
0.05357905638851684
0.05458667946910611
0.054941476328468526
0.05470967571368508
0.05440218510223765
0.05453464259639962
0.0546197938426466
0.05496512945242602
0.05546184505553341
0.05542400005720142
0.05547130630511641
0.05571729879427435
0.05539088568366093
0.05545711443074191
0.05543819193157591
0.05540980818282692
0.05535304068532893
0.05520166069200097
0.05483267195826405
0.05473332883764257
0.05469548383931058
0.0546292550922296
0.05421769073536919
0.05413253948912221
0.05436434010390566
0.054165653862662706
0.05456775696994011
0.054288650107241675
0.05342767639518887
0.05349390514226986
0.05333306389935889
0.053380370147273884
0.05321952890436292
0.05269916017729804
0.05295461391603898
0.05282215642187701
0.05238693894105911
0.05306814891103495
0.052860001420208996
0.052793772673128014
0.053044495787077456
0.05263293143021705
0.0528647320450005
0.053025573287911465
0.05308234078540945
0.05303976516228596
0.05323845140352891
0.05339456202164838
0.05307761016061795
0.05273227455083853
0.05278431142354502
0.05270389080208954
0.05273227455083853
0.05237747769147611
0.052779580798753514
0.052590355807093564
0.052571433307927566
0.052793772673128014
0.05289784641854099
0.052874193294583496
0.052893115793749494
0.05258562518230206
0.05268023767813204
0.052254481446897136
0.052136215827109665
0.05303976516228596
0.05294515266645598
0.05301611203832846
0.05293569141687298
0.052926230167289985
0.05298299766478797
0.05244370643855709
0.05238220831626761
0.05215986895106716
0.052273403946063134
0.052557241433553066
0.05240113081543361
0.05224975082210564
0.05214567707669266
0.05207471770482018
0.05205579520565418
0.05228286519564613
0.05202268083211369
0.051918607086700715
0.05173884334462375
0.05193279896107521
0.05192333771149221
0.05184764771482823
0.05189022333795172
0.051771957718164244
0.051549618352963796
0.051634769599210775
0.0515590796025468
0.051852378339619726
0.05171519022066626
0.051719920845457755
0.051563810227338296
0.05157800210171279
0.051582732726504286
0.05144554460755082
0.0515259652290063
0.05156854085212979
0.051379315860469836
0.05132727898776335
0.05124212774151637
0.051298895239014354
0.051194821493601377
0.052003758332947694
0.05180980271649624
0.05182872521566223
0.05171045959587476
0.051833455840453735
0.05180507209170474
0.05173884334462375
0.05142662210838483
0.05142189148359332
0.051700998346291764
0.05211729332794367
0.052207175198982145
0.05224975082210564
0.052339632693144116
0.0524342451889741
0.05237274706668461
0.05228759582043763
0.05180980271649624
0.051871300838785724
0.05234436331793561
0.052306518319603625
0.052268673321271636
0.05282215642187701
0.05307287953582645
0.05307287953582645
0.05317695328123943
0.05365947700997232
0.05339456202164838
0.0532999495258184
0.0533094107754014
0.05307287953582645
0.052959344540830476
0.05321006765477992
0.05303976516228596
0.052860001420208996
0.05279850329791951
0.05268496830292354
0.052069987080028676
0.05224028957252264
0.05194226021065821
0.05194699083544971
0.051734112719832255
0.05147392835629981
0.05151177335463181
0.05115224587047789
0.05088733088215395
0.050910984006111444
0.050456844026127545
0.050239235285718595
0.05017300653863761
0.04991282217510517
0.04962425406282373
0.049364069699291295
0.04945868219512127
0.0493404165753338
0.04920795908117183
0.048895737844932896
0.0489004684697244
0.0488673540961839
0.04863082285660896
0.04849363473765549
0.04823345037412305
0.04805841725683759
0.04828548724682954
0.04811518475433558
0.04805368663204609
0.047732004146224166
0.047722542896641164
0.047618469151228186
0.047334631663738254
0.047131214797703797
0.04637904545585547
0.04621820421294451
0.04633173920794048
0.0462655104608595
0.04573094985942012
0.0457924479817096
0.0453761530000577
