0.0
0.0
0.0
0.0
0.0
0.0
0.0
0.0
0.0
0.0
0.0
0.0
0.0
5.676749749798711e-05
5.676749749798711e-05
5.676749749798711e-05
5.676749749798711e-05
5.676749749798711e-05
5.676749749798711e-05
9.461249582997852e-05
9.461249582997852e-05
9.461249582997852e-05
9.461249582997852e-05
0.00013245749416196994
0.00016084124291096348
0.00016084124291096348
0.00016084124291096348
0.00023180061478344737
0.0021618955297150093
0.0022612386503364865
0.0022612386503364865
0.002412618643664452
0.0009035493351762948
0.0009745087070487788
0.001215770571415224
0.0013009218176622047
0.0013245749416196993
0.0018449436686845812
0.001854404918267579
0.0019300949149315618
0.00268699488157139
0.0027295705046948802
0.0027768767526098696
0.0029519098698953298
0.0029519098698953298
0.011391344497929414
0.011594761363963868
0.011594761363963868
0.011769794481249329
0.011817100729164318
0.01197794197207528
0.012890952556834574
0.013624199399516907
0.01295245067912406
0.013056524424537036
0.01317005941953301
0.013264671915362989
0.014456789362820717
0.014551401858650696
0.014551401858650696
0.014565593733025193
0.014830508721349132
0.014896737468430118
0.014873084344472624
0.014286486870326756
0.020918822828008252
0.020606601591769323
0.022390047138164417
0.012592923194970141
0.01219555071248423
0.012526694447889156
0.01317479004432451
0.013837077515134358
0.013941151260547334
0.014390560615739734
0.019371908521188103
0.020582948467811828
0.020989782199880735
0.02101816594862973
0.021249966563413176
0.023326710846881205
0.02366258520707763
0.02329359647334071
0.023515935838541162
0.017280972363345578
0.01765469172187399
0.017853377963116947
0.017952721083738424
0.018307517943100843
0.018028411080402408
0.018960344164327694
0.020213959734074912
0.022087287151508487
0.021557457174860607
0.021609494047567093
0.021817641538393048
0.021874409035891034
0.021869678411099536
0.022304895891917437
0.022967183362727284
0.023118563356055253
0.02308071835772326
0.023336172096464203
0.023549050212081653
0.02300029773626778
0.023719352704575616
0.023847079573946085
0.02634484946385752
0.026363771963023516
0.026638148200930453
0.026288081966359532
0.028043143764005633
0.03090990238765398
0.03195537046657525
0.032130403583860705
0.032310167325937666
0.03275957668113006
0.0343490666110737
0.03498297033313456
0.03503973783063254
0.03528099969499899
0.035167464700003016
0.035219501572709505
0.036482578392039715
0.036463655892873724
0.0365724602630782
0.036931987747232116
0.03642581089454173
0.03672384025640616
0.03661030526141019
0.03510596657771353
0.03634065964829475
0.036548807139120704
0.03590544216747685
0.036969832745564105
0.03703606149264509
0.037102290239726075
0.03843632643092877
0.0378875739551149
0.037991647700527875
0.038029492698859864
0.03804841519802586
0.03806260707240036
0.03813829706906434
0.03828021581280931
0.03502081533146655
0.03510596657771353
0.035186387199169014
0.03453829160273366
0.034613981599397645
0.034817398465432095
0.0325987354382191
0.03341713352714842
0.033928041004630295
0.03408888224754126
0.02969413181623876
0.03053145240433407
0.03061660365058105
0.03056456677787456
0.03074906114474302
0.030938286136402975
0.03140661799076137
0.03166680235429381
0.03178033734928978
0.03225339982843968
0.03301503041987101
0.03415038036983075
0.03430649098795021
0.03487889658772158
0.035976401539349334
0.03677587712911265
0.037187441485973055
0.03726313148263704
0.038161950193021835
0.03946287201068404
0.03974670949817398
0.041066553815002176
0.041217933808330144
0.04187549065434849
0.042977726230767746
0.04418876617739147
0.044377991169051424
0.043356176214087654
0.04386708369156954
0.044761171777162836
0.044827400524243825
0.04528627112901922
0.045484957370262175
0.04569783548587963
0.04529573237860222
0.04511123801173376
0.04541399799838969
0.04499297239194629
0.0458066398560841
0.04726840291665727
0.04748601165706622
0.047722542896641164
0.04765631414956018
0.04193225815184648
0.0400873144831619
0.04075906320355475
0.041672073788314036
0.041402428175198604
0.041066553815002176
0.040896251322508216
0.04025288635086436
0.04193698877663798
0.04197956439976147
0.04214513626746393
0.04215459751704693
0.04354540120574761
0.0436068993280371
0.044193496802182965
0.04469967365487335
0.044595599909460375
0.04671965044084339
0.04689941418292035
0.04706971667541431
0.04833752411953603
0.04942556782158078
0.048744357851604934
0.04898561971597138
0.049312032826584806
0.04927418782825281
0.048342254744327524
0.048999811590345874
0.04903292596388637
0.04919376720679733
0.04920322845638033
0.049714135933862216
0.04924580407950382
0.04924580407950382
0.049714135933862216
0.0502155821617611
0.050371692779880566
0.050371692779880566
0.05121847461755887
0.05113805399610339
0.0519753745841987
0.05214094645190116
0.05227813457085463
0.05327156577706941
0.05356959513893384
0.05321952890436292
0.053361447648107886
0.05349390514226986
0.053583787013308334
0.0541845763618287
0.0541940376114117
0.05437853197828015
0.054775904460766064
0.05540507755803542
0.05535777131012043
0.055613225048861376
0.05589233191155981
0.05757643433733343
0.057817696201699874
0.05879693553354015
0.057997459943776836
0.05834752617834776
0.05832387305439026
0.057831888076074374
0.05751966683983544
0.0577041612067039
0.0568195343706936
0.0568195343706936
0.057377748096090475
0.05786973307440636
0.058508367421258714
0.0585840574179227
0.05886789490541264
0.05980455861412942
0.06029181296765381
0.06007420422724486
0.06059930357910124
0.06089733294096567
0.06089733294096567
0.06074595294763771
0.06053307483202026
0.060097857351202356
0.06017354734786634
0.06020666172140683
0.06042900108660728
0.060570919830352246
0.06065607107659923
0.060939908564089165
0.060367502964317796
0.06020666172140683
0.06039115608827529
0.060334388590777305
0.06099667606158715
0.061256860425119596
0.06183399664968246
0.06178669040176747
0.06200902976696792
0.06243005537341133
0.06237328787591334
0.06236382662633034
0.06261454974027979
0.06273754598485876
0.06294569347568471
0.06374516906544803
0.06526369962351919
0.06533465899539166
0.06571783960350308
0.06527316087310218
0.06533938962018317
0.06575568460183508
0.06622874708098496
0.06641797207264492
0.06620036333223597
0.06622401645619347
0.06599694646620152
0.0660347914645335
0.06557592085975811
0.0656421496068391
0.06579352960016706
0.066058444588491
0.0665220458180579
0.06655989081638988
0.06681061393033934
0.06721744766240824
0.06726002328553173
0.06728367640948922
0.06749655452510668
0.06743032577802568
0.0674397870276087
0.06745397890198318
0.06840010386028297
0.068286568865287
0.06877855384360289
0.06913335070296531
0.06932257569462526
0.06927053882191878
0.06927526944671027
0.06965371943003018
0.06980509942335815
0.06986186692085614
0.07005582253730759
0.07018828003146957
0.07037750502312952
0.07076068563124094
0.07065661188582796
0.07056199938999798
0.07057619126437248
0.07057619126437248
0.07211837494640112
0.07189130495640918
0.07198118682744765
0.07211837494640112
0.0722413711909801
0.07294623428491344
0.07305503865511792
0.07324426364677787
0.07294150366012193
0.07296042615928794
0.0735801380069743
0.0739964329886262
0.07411469860841367
0.07423296422820115
0.07419984985466066
0.07432284609923963
0.07438907484632061
0.07466345108422755
0.07474860233047453
0.07472494920651704
0.0749189048229685
0.07494255794692599
0.07512705231379445
0.0757562254110638
0.07630497788687768
0.07649420287853763
0.07645635788020565
0.0766266603726996
0.07659354599915912
0.07653677850166113
0.07633809226041817
0.07639485975791616
0.07631916976125218
0.07538250605253538
0.07554807792023785
0.07555280854502935
0.0753068160558714
0.0748337535767215
0.07541088980128438
0.07528316293191391
0.07510339918983695
0.07511286043941995
0.07522166480962442
0.07586029915647678
0.07568999666398282
0.0757278416623148
0.07603533227376223
0.07692468973456404
0.07714702909976448
0.07765320595245487
0.07748763408475241
0.0775207484582929
0.07754913220704189
0.07819249717868575
0.07829657092409872
0.07864190653387815
0.07876017215366563
0.07922377338323251
0.07909131588907055
0.07912443026261104
0.07964006836488442
0.07944611274843297
0.0792994633798965
0.0797204889863399
0.07964479898967591
0.0797252196111314
0.07991917522758285
0.08019355146548979
0.08030235583569427
0.08070445894297168
0.08079907143880166
0.08083218581234215
0.08095991268171263
0.0810308720535851
0.08070445894297168
0.0806334995710992
0.08027870271173677
0.08031181708527727
0.08022193521423879
0.08051050332652022
0.08066661394463968
0.0806334995710992
0.08062876894630769
0.08116332954774708
0.08131944016586654
0.08138566891294752
0.08171208202356095
0.08173100452272694
0.08161273890293948
0.08166950640043746
0.08168369827481195
0.08162220015252247
0.08169315952439496
0.08138093828815603
0.08141405266169652
0.08154177953106699
0.0814802814087775
0.0819202295143869
0.08085110831150814
0.08183980889293142
0.08183507826813992
0.0819675357623019
0.0819438826383444
0.08204795638375738
0.08166950640043746
0.08115859892295557
0.08178304139543344
0.08189657639042941
0.08214256887958735
0.08222772012583433
0.0823412551208303
0.08232233262166432
0.08232233262166432
0.08293731384455917
0.08280485635039721
0.08280485635039721
0.08374152005911399
0.08359487069057753
0.08356648694182853
0.08372259755994799
0.08362798506411802
0.08394493692514844
0.0840773944193104
0.08417200691514039
0.08406320254493592
0.08399697379785492
0.0841199700424339
0.08398278192348044
0.08382667130536096
0.08376517318307149
0.08384086317973546
0.08387397755327596
0.08389290005244196
0.0841294312920169
0.08422877441263837
0.08424769691180438
0.08420512128868088
0.08453153439929431
0.08450315065054531
0.08482483313636724
0.08479644938761825
0.08460722439595829
0.08463087751991578
0.08447476690179632
0.0850093275032357
0.08513705437260617
0.08511813187344018
0.0849951356288612
0.08487687000907373
0.08499040500406971
0.08491471500740572
0.0850235193776102
0.08524585874281064
0.08510393999906568
