0.0
0.0
0.0
0.0
0.0
0.0
0.0
0.0
0.0
0.0
0.0
0.0
0.0
0.0
0.0
0.0
0.0
0.0002649149883239399
0.0002649149883239399
0.0006055199733118625
0.0006339037220608561
0.0006339037220608561
0.0007521693418483293
0.0007521693418483293
0.0007521693418483293
0.0007521693418483293
0.0007616305914313271
0.0007616305914313271
0.0026491498832393987
0.0050239235285718595
0.005099613525235842
0.005113805399610339
0.005113805399610339
0.005213148520231817
0.005298299766478797
0.005615251627509225
0.005577406629177234
0.005785554120003186
0.0058233991183351775
0.005936934113331152
0.0044562485535919885
0.0044562485535919885
0.004607628546919954
0.005411834761474771
0.005534831006053743
0.005534831006053743
0.005700402873756206
0.005738247872088197
0.005832860367918176
0.005870705366250167
0.005870705366250167
0.005908550364582159
0.006003162860412137
0.0064005353428980465
0.0064005353428980465
0.008084637768671665
0.008046792770339673
0.008160327765335647
0.008515124624698066
0.010123537053807702
0.010123537053807702
0.011372421998763418
0.011523801992091383
0.011750871982083333
0.012370583829769691
0.012498310699140163
0.011083853886481984
0.011112237635230978
0.012621306943719135
0.013510664404520933
0.013510664404520933
0.01352012565410393
0.01290987505600057
0.013089638798077528
0.013775579392844873
0.014674398103229668
0.014868353719681125
0.01598951179526637
0.016103046790262344
0.016008434294432366
0.016065201791930352
0.015667829309444443
0.015946936172142878
0.01589016867464489
0.01594220554735138
0.01598951179526637
0.016197659286092323
0.017560079226044013
0.0176215773483335
0.017640499847499495
0.017640499847499495
0.017640499847499495
0.01757900172521001
0.01757900172521001
0.017768226716869968
0.018047333579568402
0.017981104832487417
0.01765469172187399
0.018657584177671764
0.018752196673501743
0.018865731668497716
0.019064417909740672
0.019083340408906666
0.02030384160511339
0.021065472196544716
0.021169545941957694
0.02126888906257917
0.023094910232097757
0.023094910232097757
0.02313275523042975
0.024220798932474502
0.024414754548925957
0.024462060796840948
0.0246607470380839
0.024646555163709404
0.024849972029743858
0.02497296827432283
0.024684400162041396
0.025602141371592186
0.02585286448554163
0.028412132497742548
0.02854458999190452
0.02858243499023651
0.01643892115045877
0.016448382400041765
0.016533533646288748
0.016505149897539755
0.017025518624604635
0.017205282366681594
0.01757427110041851
0.01822709732164536
0.0180615254539429
0.01795745170852992
0.018988727913076688
0.019040764785783176
0.019135377281613155
0.01999635099366596
0.01999635099366596
0.01999635099366596
0.020053118491163948
0.020204498484491913
0.020067310365538445
0.020360609102611376
0.020578217843020326
0.020947206576757246
0.02095666782634024
0.02101343532383823
0.02110804781966821
0.021448652804656132
0.02154326530048611
0.02161895529715009
0.021831833412767544
0.021609494047567093
0.02166153092027358
0.02167099216985658
0.021793988414435552
0.021793988414435552
0.021817641538393048
0.021945368407763517
0.022162977148172468
0.02132565656007716
0.021306734060911162
0.02140607718153264
0.02274011337273534
0.022579272129824374
0.022716460248777843
0.0229056852404378
0.023104371481680756
0.02330305772292371
0.022669154000862852
0.020275457856364396
0.020625524090935318
0.020062579740746947
0.020119347238244933
0.020318033479487886
0.02047887472239885
0.021571649049235104
0.0215858409236096
0.021699375918605573
0.0215858409236096
0.02171356779298007
0.02171356779298007
0.02176087404089506
0.022574541505032877
0.02269753774961185
0.022735382747943837
0.022735382747943837
0.02278268899585883
0.022934068989186793
0.02308544898251476
0.023416592717919685
0.023440245841877178
0.023440245841877178
0.02356797271124765
0.02356797271124765
0.023586895210413645
0.023463898965834673
0.023463898965834673
0.02342605396750268
0.02236639401420692
0.02254615775628388
0.02268807650002885
0.022744843997526836
0.02313275523042975
0.023099640856889255
0.023194253352719234
0.02319898397751073
0.023241559600634225
0.023203714602302233
0.024253913306014993
0.024566134542253922
0.02435798705142797
0.02432014205309598
0.024324872677887476
0.024258643930806494
0.02470332266120739
0.02470332266120739
0.02483578015536936
0.026898332564462894
0.02762684878235373
0.02813775625983561
0.02798164564171615
0.027461276914651264
0.027470738164234263
0.027480199413817262
0.02752750566173225
0.02770726940380921
0.027612656907979233
0.027418701291527774
0.027456546289859766
0.027456546289859766
0.02765996315589422
0.027872841271511673
0.027953261892967155
0.027872841271511673
0.02783499627317968
0.02770253877901771
0.02770726940380921
0.027593734408813235
0.027664693780685718
0.02762684878235373
0.027664693780685718
0.027768767526098696
0.027868110646720172
0.027759306276515697
0.027948531268175654
0.02801949064004814
0.027234206924659318
0.027380856293195782
0.027437623790693772
0.027361933794029788
0.027343011294863794
0.02740924004194478
0.02770253877901771
0.02884261935376895
0.02827494437878908
0.028303328127538073
0.028303328127538073
0.028298597502746575
0.028345903750661566
0.028468899995240538
0.028828427479394455
0.02877165998189647
0.028823696854602957
0.029221069337088866
0.029358257456042335
0.028076258137546127
0.02805260501358863
0.02762684878235373
0.027655232531102723
0.02771200002860071
0.027636310031936725
0.027825535023596682
0.027863380021928674
0.028610818738985504
0.028426324372117045
0.028795313105853964
0.028889925601683943
0.028908848100849937
0.028908848100849937
0.029003460596679916
0.028875733727309446
0.028923039975224434
0.0290791505933439
0.029211608087505867
0.029438678077497817
0.029566404946868286
0.029679939941864263
0.029661017442698265
0.02973197681457075
0.02972724618977925
0.0299448549301882
0.02990227930706471
0.029462331201455312
0.029670478692281264
0.029500176199787304
0.0295096374493703
0.029528559948536297
0.029713054315404754
0.030190847419346144
0.030200308668929143
0.030455762407670086
0.03022396179288664
0.0312741604965994
0.031307274870139894
0.031841835471579275
0.03183710484678777
0.031813451722830274
0.032196632330941694
0.03197429296574124
0.03218244045656719
0.03205471358719672
0.032083097335945714
0.0321493260830267
0.033776661011302334
0.03373408538817884
0.03385235100796632
0.03386181225754931
0.03409834349712426
0.0343490666110737
0.03440583410857169
0.03453829160273366
0.03462817347377214
0.03506339095459004
0.035186387199169014
0.035167464700003016
0.035205309698335005
0.03508231345375604
0.03519111782396051
0.0370124083686876
0.03712121273889207
0.037083367740560085
0.03697929399514711
0.037272592732220035
0.037102290239726075
0.03709282899014308
0.03719217211076456
0.037239478358679544
0.03731516835534353
0.0374287033503395
0.03749493209742049
0.03749493209742049
0.03749493209742049
0.03686102837535963
0.0369887552447301
0.036851567125776634
0.03687522024973413
0.03696037149598111
0.03663868901015918
0.03663395838536768
0.036615035886201686
0.03651096214078871
0.0365582683887037
0.03652042339037171
0.03628389215079676
0.03638323527141824
0.03645419464329072
0.036534615264746204
0.036596113387035695
0.03661976651099318
0.036581921512661195
0.03663868901015918
0.03672384025640616
0.036752224005155154
0.03675695462994665
0.03679006900348715
0.036813722127444645
0.036596113387035695
0.03651096214078871
0.03652042339037171
0.036615035886201686
0.036700187132448665
0.03663868901015918
0.03625077777725627
0.036132512157468794
0.03628389215079676
0.036264969651630764
0.03602843841205582
0.03593855654101734
0.03600478528809833
0.036312275899545755
0.03647311714245672
0.03663395838536768
0.03664815025974218
0.036747493380363656
0.036241316527673276
0.03615143465663479
0.03618927965496679
0.036227124653298776
0.03678060775390415
0.037017138993479096
0.037102290239726075
0.03682791400181914
0.03673330150598916
0.03673330150598916
0.036884681499317125
0.03678060775390415
0.03687522024973413
0.03682791400181914
0.03670964838203167
0.03685629775056813
0.03672384025640616
0.036813722127444645
0.03687048962494263
0.036615035886201686
0.036482578392039715
0.03646838651766522
0.03650623151599721
0.0365582683887037
0.03668599525807417
0.03668599525807417
0.03660084401182719
0.03660084401182719
0.036496770266414215
0.03651569276558021
0.03608047528476231
0.03615143465663479
0.0361135896583028
0.036312275899545755
0.03624604715246477
0.036194010279758285
0.036094667159136805
0.03634065964829475
0.03642108026975023
0.03642581089454173
0.03639269652100124
0.03647784776724822
0.0365771908878697
0.03644000276891623
0.036444733393707726
0.036444733393707726
0.03667180338369967
0.036681264633282674
0.03645419464329072
0.036227124653298776
0.03625077777725627
0.036364312772252244
0.036548807139120704
0.03652042339037171
0.0365535377639122
0.03663395838536768
0.03670491775724017
0.036700187132448665
0.03673803213078066
0.03682791400181914
0.03675695462994665
0.036615035886201686
0.036813722127444645
0.036766415879529654
0.036615035886201686
0.03665288088453368
0.03669545650765717
0.03674276275557216
0.03674276275557216
0.03664341963495068
0.036747493380363656
0.036411619020167235
0.03644000276891623
0.03630281464996276
0.03617035715580079
0.03607574465997081
0.03595274841539184
0.03596694028976633
0.03607101403517931
0.03603316903684732
0.03598113216414083
0.036194010279758285
0.03626970027642227
0.03642108026975023
0.03617508778059229
0.03628389215079676
0.03665288088453368
0.03670491775724017
0.03705971461660259
0.03716378836201556
0.037083367740560085
0.03715905773722406
0.03715905773722406
0.03719690273555606
0.03715905773722406
0.037187441485973055
0.03709755961493458
0.037135404613266566
0.037154327112432564
0.03719217211076456
0.03714486586284957
0.03709755961493458
0.0370029471191046
0.037017138993479096
0.03707390649097708
0.03704552274222809
0.0370124083686876
0.03696037149598111
0.03697929399514711
0.03704079211743659
0.03702186961827059
0.036931987747232116
0.037031330867853596
0.036984024619938605
0.03697456337035561
