0.0
0.0
0.0
0.0
0.0
0.0
0.0
0.0
1.8922499165995704e-05
6.622874708098497e-05
0.0001088043702044753
0.00011826561978747315
0.00011826561978747315
0.00011826561978747315
0.00011826561978747315
0.00011826561978747315
0.00011826561978747315
0.00011826561978747315
0.0001466493685364667
0.0004872543535243894
0.0007237855930993357
0.0007616305914313271
0.0007900143401803207
0.0008657043368443034
0.0008798962112188003
0.0008988187103847959
0.0008988187103847959
0.0009461249582997852
0.0009082799599677937
0.0009413943335082863
0.00045887060477539584
0.00045887060477539584
0.00045887060477539584
0.0013103830672452025
0.0014239180622411768
0.002791068626984366
0.0023984267692899555
0.002857297374065351
0.0033114373540492482
0.0034912010961262075
0.003992647324025093
0.004087259819855072
0.004243370437974537
0.004725894166707427
0.0049529641566993755
0.005085421650861345
0.0050333847781548575
0.0051753035218998255
0.005355067263976785
0.005416565386266271
0.005667288500215713
0.005865974741458668
0.006111967230616612
0.006012624109995135
0.006097775356242115
0.007308815302865841
0.007535885292857789
0.007535885292857789
0.006684372830387982
0.006760062827051965
0.006949287818711922
0.006348498470191559
0.006566107210600509
0.0066039522089325
0.0066039522089325
0.007048630939333399
0.007332468426823335
0.007346660301197832
0.00770618778535175
0.0076541509126452625
0.00775349403326674
0.009049685226137446
0.009626821450700315
0.009768740194445283
0.008567161497404555
0.00854823899823856
0.008737463989898516
0.014769010599059646
0.0149771580898856
0.01563471493590395
0.016353769904211786
0.016226043034841316
0.01598478117047487
0.015975319920891875
0.0158617849258959
0.017233666115430587
0.01726678048897108
0.01726678048897108
0.018435244812471316
0.018903576666829708
0.018430514187679815
0.01973143600534202
0.018936691040370202
0.019050226035366175
0.01912591603203016
0.019409753519520092
0.00775349403326674
0.015095423709673072
0.01528464870133303
0.015738788681316927
0.016349039279420288
0.016443651775250267
0.017583732350001508
0.017692536720205983
0.01801421920602791
0.01845416731163731
0.01875692729829324
0.01224758758519072
0.012692266315591618
0.012942989429541061
0.014040494381168812
0.01712486174522611
0.018312248567892344
0.020143000362202425
0.020592409717394827
0.020441029724066858
0.020559295343854332
0.02052618097031384
0.02087151658009326
0.021770335290478057
0.02264077025211386
0.020970859700714738
0.021529073426111614
0.021491228427779622
0.0237903120764481
0.024041035190397544
0.024263374555597992
0.023099640856889255
0.023099640856889255
0.02357270333603915
0.0233409027212557
0.023501743964166665
0.024386370800176964
0.024547212043087928
0.0246702082876669
0.02487835577849285
0.02523788326264677
0.02577244386408615
0.025952207606163107
0.02651515195635148
0.026245506343236042
0.026354310713440517
0.026430000710104498
0.026240775718444544
0.026548266329891972
0.027361933794029788
0.027853918772345675
0.027943800643384156
0.027953261892967155
0.028837888728977454
0.029301489958544348
0.0295190986989533
0.02977455243769424
0.02955221307249379
0.029916471181439207
0.03035641928704861
0.031340389243680385
0.031926986717826254
0.0321540567078182
0.03234328169947816
0.032565621064678606
0.03252304544155512
0.03438691160940569
0.034647095972938136
0.03471332472001912
0.03450990785398467
0.034613981599397645
0.034718055344810615
0.03465182659772963
0.034566675351482654
0.03438691160940569
0.03410307412191576
0.03740031960159051
0.03735301335367552
0.037371935852841515
0.03725840085784554
0.03727732335701154
0.0370029471191046
0.03716378836201556
0.03730570710576053
0.037759847085744425
0.037873382080740405
0.03761319771720796
0.03775511646095293
0.03800583957490237
0.037438164599922504
0.037977455826153375
0.03815721956823034
0.03898507890674265
0.03939664326360306
0.039231071395900596
0.038393750807805285
0.03840321205738828
0.03867758829529522
0.03862082079779723
0.039718325749424986
0.0387722007911252
0.03894250328361916
0.038512016427592756
0.03854513080113325
0.0391932263975686
0.039387182014020056
0.04039007446981783
0.040815830701052734
0.040863136948967725
0.04129362380499413
0.0414071587999901
0.04196537252538697
0.042041062522050955
0.04197010315017847
0.041605845041233054
0.0418660294047655
0.04188022127913999
0.04202214002288496
0.04001635511128942
0.038564053300299245
0.03868704954487822
0.038866813286955175
0.03880058453987419
0.03885262141258068
0.03896142578278516
0.03914118952486211
0.039803476995671966
0.039841321994003955
0.03972778699900798
0.039741978873382475
0.03960952137922051
0.04004000823524691
0.04033330697231984
0.0405036094648138
0.041922796902263484
0.04203633189725946
0.040342768221902844
0.04038534384502633
0.040494148215230806
0.04037115197065184
0.0405225319639798
0.04066918133251627
0.04068337320689076
0.040763793828346245
0.040934096320840205
0.041118590687708664
0.04123212568270464
0.04127943193061963
0.04135512192728361
0.04149704067102858
0.04163422878998205
0.04156326941810956
0.04218298126579592
0.04220190376496192
0.04241951250537087
0.04236274500787288
0.04240059000620487
0.04258981499786483
0.04287365248535477
0.042797962488690784
0.042698619368069304
0.042575623123490336
0.04247154937807736
0.04219717314017042
0.042395859381413374
0.04246681875328586
0.04307233872659772
0.0427364643664013
0.04330886996617267
0.04395223493781652
0.044477334289672904
0.04479428615070333
0.04478482490112033
0.045049739889444274
0.045097046137359265
0.046274971710442495
0.046695997316885896
0.047329901038946756
0.04914173033409085
0.04911334658534185
0.04958640906449174
0.04995066717343716
0.04963844593719823
0.04987970780156468
0.04994593654864566
0.0502108515369696
0.050910984006111444
0.05088260025736245
0.050844755259030455
0.05093463713006894
0.05117116836964388
0.051502312105048804
0.051478658981091316
0.04942083719678928
0.049619523438032234
0.04957694781490875
0.04967156031073872
0.04945868219512127
0.049548564066159755
0.04925526532908682
0.049751980932194205
0.050087855292390626
0.050324386531965574
0.05027708028405058
0.050225043411344095
0.05038588465425506
0.050423729652587054
0.05034803965592307
0.051298895239014354
0.05098667400277542
0.051043441500273415
0.05094882900444343
0.050811640885489964
0.051686806471917264
0.049718866558653714
0.04903292596388637
0.04870178222848144
0.04857878598390247
0.048626092231817464
0.04866866785494095
0.04853147973598748
0.04837063849307652
0.04906604033742686
0.04905184846305236
0.04956275594053425
0.04969521343469622
0.049382992198457286
0.04850309598723849
0.04857878598390247
0.04895723596722239
0.048999811590345874
0.0493404165753338
0.04925526532908682
0.04937826157366579
0.04955329469095125
0.04953910281657675
0.049534372191785254
0.049704674684279214
0.049718866558653714
0.04970940530907071
0.04986078530239868
0.0497803646809432
0.04984659342802418
0.04998851217176915
0.04995066717343716
0.049714135933862216
0.049851324052815685
0.05017300653863761
0.04985605467760718
0.05031965590717408
0.050154084039471615
0.05007366341801613
0.05036223153029756
0.050021626545309644
0.050002704046143646
0.05007839404280763
0.04951544969261926
0.04959587031407474
0.04984186280323268
0.04968102156032172
0.04986551592719018
0.0497709034313602
0.049903360925522174
0.05001216529572665
0.05004527966926714
0.05014462278988861
0.050007434670935144
0.05001216529572665
0.05012570029072262
0.04956275594053425
0.04948706594387026
0.0493309553257508
0.04901873408951187
0.04905184846305236
0.04943029844637228
0.04954383344136825
0.04957694781490875
0.049955397798228655
0.05003581841968414
0.04997905092218615
0.04866393723014945
0.049482335319078766
0.04922215095554632
0.04920795908117183
0.0489051990945159
0.04873489660202194
0.049226881580337827
0.04901873408951187
0.04907550158700986
0.04916065283325684
0.04879639472431142
0.048810586598685916
0.04885316222180941
0.048924121593681896
0.04909915471096735
0.04908969346138436
0.04922215095554632
0.04917011408283984
0.04916065283325684
0.04891939096889039
0.04905184846305236
0.048909929719307396
0.048451059114532
0.04863082285660896
0.048526749111195984
0.04832806286995303
0.04816249100225056
0.048124646003918574
0.047736734771015664
0.048001649759339605
0.047902306638718126
0.04796853538579911
0.04807733975600358
0.048597708483068464
0.048507826612029986
0.048522018486404486
0.04855513285994498
0.04854567161036198
0.04873489660202194
0.048810586598685916
0.04854567161036198
0.0484652509889065
0.04824764224849755
0.048427405990574504
0.048436867240157506
0.0488815459705584
0.04883423972264341
0.04880585597389442
0.04881531722347742
0.04871597410285594
0.04838009974265951
0.04851728786161299
0.04882004784826892
0.04860243910785997
0.04855513285994498
0.04851728786161299
0.04853621036077898
0.04860243910785997
0.048645014730983455
0.04855513285994498
0.04868285972931545
0.04883897034743491
0.048157760377459065
0.04808207038079509
0.04790703726350962
0.04796853538579911
0.047987457884965105
0.04771308164705817
0.04766577539914318
0.04765631414956018
0.047599546652062195
0.04771308164705817
0.047722542896641164
0.04808207038079509
0.04804422538246309
0.048025302883297094
0.04804422538246309
0.04795907413621611
0.04785973101559463
0.048105723504752576
0.04797799663538211
0.048119915379127076
0.0480063803841311
0.0479921885097566
0.04813410725350157
0.04814356850308457
0.048290217871621036
0.048290217871621036
0.04817668287662506
0.04788338413955213
0.04779350226851365
0.04762319977601969
0.04724001916790828
0.04737720728686175
0.04731097853978076
0.047230557918325276
0.047244749792699776
0.04733936228852975
0.04752858728018971
0.04733936228852975
0.04709336979937181
0.04699875730354183
0.04719271291999329
0.04708390854978881
0.04709336979937181
0.04707444730020581
0.047452897283525725
0.04740559103561074
0.04733936228852975
0.047197443544784785
0.047235288543116774
0.047027141052290826
0.04695618168041834
0.04708863917458031
0.04704606355145682
0.04698456542916733
0.046965642930001335
0.04687103043417136
0.047017679802707824
0.047064986050622815
0.04704133292666532
0.04692306730687785
0.046927797931669346
0.04697510417958434
