0.0
0.0
3.784499833199141e-05
3.784499833199141e-05
0.00013245749416196994
0.00010407374541297637
0.00016084124291096348
0.00016084124291096348
0.00015137999332796563
0.00017030249249396133
0.00022706998999194844
0.001859135543059078
0.002284891774293981
0.0026444192584478996
0.0036898873373691623
0.003992647324025093
0.0049435029071163775
0.004650204170043444
0.0049624254062823735
0.00537398976314278
0.007852837153888218
0.008297515884289116
0.009063877100511942
0.009617360201117317
0.009882275189441257
0.010643905780872584
0.010681750779204574
0.011022355764192497
0.011774525106040826
0.012318546957063203
0.013751926268887379
0.014168221250539284
0.014054686255543309
0.011154813258354468
0.012488849449557164
0.012365853204978192
0.012384775704144188
0.012361122580186694
0.01290987505600057
0.01347281940618894
0.010984510765860506
0.01338766815994196
0.014310139994284252
0.015024464337800589
0.015123807458422067
0.015719866182150932
0.015781364304440416
0.016467304899207762
0.016434190525667268
0.016684913639616713
0.017517503602920523
0.01771618984416348
0.01691671425440016
0.017370854234384055
0.01775403484249547
0.01167045136062785
0.014054686255543309
0.014745357475102153
0.01515219120717106
0.01603208741838986
0.0145324793594847
0.015095423709673072
0.018089909202691892
0.01692617550398316
0.017460736105422536
0.01747965860458853
0.016486227398373757
0.017626307973124998
0.01858662480579928
0.019944314120959473
0.020810018457803777
0.021245235938621678
0.021481767178196623
0.021382424057575147
0.02211094027546598
0.023094910232097757
0.02321317585188523
0.022560349630658377
0.024296488929138483
0.024424215798508956
0.025034466396612318
0.026709107572802936
0.02766942440547722
0.029140648715633384
0.029750899313736746
0.030167194295388652
0.029235261211463363
0.029580596821242783
0.03168099422866831
0.029462331201455312
0.030597681151415052
0.031591112357629826
0.03272646230758957
0.028473630620032036
0.02929202870896135
0.0299448549301882
0.03074433051995152
0.03413145787066475
0.03564998842873591
0.036581921512661195
0.03711175148930908
0.03232435920031216
0.03162895735596182
0.04221609563933642
0.04503554801506977
0.047381937911653245
0.053702052633095805
0.05570783754469135
0.05628024314446272
0.05979036673975493
0.06713702704095276
0.06664031143784536
0.06110074980700013
0.0647196777724968
0.06541981024163865
0.06778985326217961
0.07034439064958903
0.056540427507995164
0.05479482695993206
0.05523477506554146
0.05751966683983544
0.05809207243960681
0.05952072112663949
0.06621455520661047
0.06221244663300238
0.06321060846400865
0.05853202054521621
0.06008839610161936
0.06029181296765381
0.048257103498080545
0.03325156165944595
0.027503852537774758
0.02976982181290274
0.029301489958544348
0.030015814302060687
0.0330481447934115
0.035351959066871476
0.03621766340371578
0.03752804647096098
0.03758481396845897
0.03983659136921246
0.0387390864175847
0.03442475660773769
0.032532506691138115
0.034244992865660726
0.03508231345375604
0.035290460944581985
0.0396284438783865
0.04281215436306528
0.05601059753134728
0.05700402873756206
0.058825319282289144
0.06179142102655897
0.062368557251121844
0.06304503659630618
0.06621455520661047
0.06644635582139391
0.0686792107229814
0.06923742444837828
0.06914754257733981
0.07033492940000603
0.0709026043749859
0.07163112059287674
0.0744458423438186
0.07599748727543025
0.07639959038270766
0.07801746406140028
0.0775018259591269
0.07806477030931527
0.08074703456609517
0.08071392019255468
0.08073284269172067
0.07966845211363341
0.08081799393796765
0.08101194955441911
0.07954545586905444
0.07979617898300388
0.07980564023258688
0.0810734476767086
0.0806051158223502
0.07534939167899489
0.07572311103752331
0.07656989287520162
0.07386397549446423
0.07435596047278012
0.07371732612592777
0.07434176859840562
0.0744411117190271
0.07331995364344185
0.07154596934662975
0.07345241113760383
0.07386397549446423
0.0735612155078083
0.07430865422486513
0.07482429232713851
0.07492836607255149
0.0753446610542034
0.07639012913312465
0.07586976040605978
0.07730787034267544
0.07165950434162573
0.07432284609923963
0.07561903729211034
0.07567580478960832
0.0757136497879403
0.07524058730879042
0.07524531793358191
0.07539669792690988
0.07744032783683742
0.07764374470287187
0.07754913220704189
0.0779654271886938
0.0788547846494956
0.07844322029263519
0.07889262964782759
0.07867502090741864
0.07903454839157256
0.08160327765335647
0.0823507163704133
0.08244059824145178
0.08401589629702093
0.08307923258830414
0.08298462009247416
0.08242640636707729
0.0819533438879274
0.08176884952105894
0.08202430325979988
0.0819344213887614
0.08158435515419048
0.08126740329316005
0.08141878328648802
0.08099775768004461
0.08245952074061778
0.0828237788495632
0.08254940261165626
0.08124848079399405
0.07964952961446742
0.07955491711863744
0.08138093828815603
0.0810545251775426
0.0810072189296276
0.07998067334987234
0.0797015664871739
0.07955964774342894
0.08010366959445131
0.07952653336988845
0.07992390585237436
0.07990025272841686
0.07967318273842491
0.08134309328982403
0.08170262077397795
0.081503934532735
0.08079434081401016
0.08113021517420659
0.08286635447268668
0.08248317386457528
0.08224191200020883
0.08206687888292337
0.08203849513417437
0.08228921824812382
0.08171208202356095
0.08209053200688086
0.0810971008006661
0.08104033330316811
0.08056727082401821
0.08030235583569427
0.08034493145881776
0.08054361770006072
0.08087476143546564
0.0788547846494956
0.07877436402804011
0.07868921278179314
0.07737882971454793
0.07699091848164502
0.07776201032265935
0.07763901407808037
0.07703349410476851
0.07682534661394255
0.07599275665063875
0.07651785600249512
0.07668815849498908
0.07660300724874211
0.07650366412812064
0.07656989287520162
0.07675438724207008
0.07860879216033766
0.07855202466283967
0.07809315405806427
0.0765982766239506
0.07682534661394255
0.07734098471621594
0.07698145723206203
0.07666923599582309
0.07703349410476851
0.07946030462280745
0.07915281401136003
0.07921904275844102
0.0788453233999126
0.07873178840491663
0.07881220902637211
0.0784053752943032
0.07773362657391035
0.07733152346663294
0.07715175972455598
0.07695307348331303
0.0766361216222826
0.07653677850166113
0.07540615917649288
0.0753541223037864
0.07528316293191391
0.07517908918650093
0.07445530359340159
0.07393020424154521
0.07389235924321322
0.07387816736883873
0.07326791677073537
0.07307396115428391
0.07298407928324543
0.0727002417957555
0.07252047805367853
0.07173992496308121
0.07188657433161769
0.07156016122100425
0.07131889935663781
0.07167369621600023
0.07049104001812549
0.07015043503313757
0.07053361564124899
0.07086475937665392
0.0704721175189595
0.07086002875186241
0.07072757125770045
0.07024504752896756
0.0691711957012973
0.0691428119525483
0.06881639884193488
0.06883532134110087
0.06939826569128925
0.06894885633609685
0.06904819945671832
0.06796015575467357
0.06815411137112502
0.06716541078970176
0.06738301953011071
0.06689103455179482
0.0656421496068391
0.06576514585141807
0.06541981024163865
0.06543400211601315
0.0652258546251872
0.06614359583473799
0.066058444588491
0.058267105556892275
0.05803057431731733
0.05777512057857638
0.05798799869419383
0.058517828670841716
0.05856513491875671
0.05739193997046497
0.057259482476303
0.056975644988813065
0.05663030937903364
0.05631335751800322
0.05604844252967928
0.05605790377926227
0.05602478940572178
0.05585448691322782
0.05490363133013654
0.054908361954928035
0.054946206953260024
0.054894170080553535
0.05478063508555756
0.054591410093897605
0.05458194884431461
0.05483740258305555
0.05458667946910611
0.053815587628091785
0.0532904882762354
0.053025573287911465
0.05308707141020095
0.05306814891103495
0.05321006765477992
0.052188252699816154
0.05215040770148416
0.05210783207836067
0.052069987080028676
0.05180507209170474
0.051332009612554845
0.0511238621217289
0.05092044525569444
0.05101505775152442
0.050225043411344095
0.05039061527904656
0.05031965590717408
0.050693375265702494
0.05090152275652844
0.050811640885489964
0.05078325713674097
0.05046630527571054
0.05070756714007699
0.049884438426356176
0.04974251968261121
0.04945395157032977
0.04813410725350157
0.047921229137884123
0.047632661025602686
0.0475948160272707
0.04761373852643669
0.04747181978269172
0.04744343603394273
0.047320439789363754
0.04732517041415526
0.04680480168709037
0.046591923571472925
0.04642635170377046
0.04607155484440804
0.04576406423296061
0.046090477343574035
0.04571675798504562
0.045655259862756134
0.04557483924130065
0.04527680987943622
0.04521058113235524
0.044964588643197294
0.04488889864653331
0.04487470677215881
0.04488416802174181
0.044510448663213395
0.044742249277996846
0.044813208649869325
0.044765902401954334
0.044595599909460375
0.04434960742030243
0.04418876617739147
0.044174574303016974
0.0440279249344805
0.04399481056094001
0.043923851189067525
0.04391438993948453
0.04407996180718699
0.044160382428642474
0.044193496802182965
0.044174574303016974
0.04486997614736731
0.044661828656541364
0.04394277368823352
0.04387181431636104
0.04354540120574761
0.04347917245866663
0.04362582182720309
0.04345551933470913
0.04334198433971316
0.04327575559263218
0.04333725371492166
0.0435974380784541
0.043403482462002645
0.04299191810514224
0.04293988123243575
0.04275065624077579
0.043015571229099735
0.042916228108478255
0.04294934248201875
0.04285946061098027
0.04283580748702277
0.042793231863899286
0.042760117490358796
0.04267023561932031
0.042580353748281834
0.04247154937807736
0.042055254396425455
0.0422870550112089
0.04237220625745588
0.04181872315685051
0.041837645656016505
0.04157273066769256
0.041217933808330144
0.04122739505791314
0.041236856307496135
0.041099668188542667
0.04144500379832209
0.041620036915607554
0.04149704067102858
0.04117535818520665
0.04112332131250016
0.04134093005290911
0.041217933808330144
0.04126997068103663
0.04134093005290911
0.041350391302492115
0.040915173821674214
0.04089152069771672
0.0409530188200062
0.04091044319688271
0.04087259819855072
0.04073541007959725
0.04072594883001426
0.04027180885003036
0.040229233226906864
0.04038534384502633
0.04011569823191089
