0.0
0.0
0.0
0.0
0.0
0.0
0.0
0.0
0.0
0.0
0.00018922499165995705
0.00018922499165995705
0.00018922499165995705
0.00020814749082595274
0.00024599248915794413
0.00032168248582192696
0.0
2.8383748748993554e-05
2.8383748748993554e-05
2.8383748748993554e-05
2.8383748748993554e-05
0.00016084124291096348
0.00016084124291096348
0.00016084124291096348
0.0002365312395749463
0.000255453738740942
0.000255453738740942
0.0006859405947673443
0.0006859405947673443
0.00013245749416196994
0.00013245749416196994
0.00011353499499597422
0.00017030249249396133
0.00017030249249396133
0.00030275998665593127
0.00030275998665593127
0.00011353499499597422
0.00015611061811946457
0.0005298299766478798
0.0005487524758138754
0.0004352174808179012
0.0005203687270648818
0.0005913280989373658
0.0007143243435163378
0.0007285162178908346
0.0007427080922653314
0.0009035493351762948
0.0010407374541297637
0.0008893574608017981
0.0009934312062147746
0.0009697780822572798
0.001083313077253254
0.0020247074107615404
0.0021477036553405123
0.002630227384073403
0.0030796367392658007
0.003396588600296229
0.004929311032741881
0.005118536024401838
0.005426026635849268
0.006050469108327126
0.006201849101655092
0.006220771600821088
0.006655989081638989
0.00902603210217995
0.008803692736979502
0.00872327211552402
0.009177412095507917
0.009508555830912842
0.010166112676931191
0.01047833391317012
0.0123327388314377
0.013028140675788042
0.01343970503264845
0.014172951875330783
0.014210796873662774
0.01427229499595226
0.010355337668591149
0.010941935142737017
0.011604222613546865
0.01167045136062785
0.012011056345615773
0.01788176171186594
0.018416322313305318
0.018615008554548274
0.019400292269937097
0.01993958349616797
0.020431568474483863
0.02066336908926731
0.020980320950297737
0.021197929690706687
0.021387154682366644
0.02167099216985658
0.022016327779636
0.022706998999194844
0.02319898397751073
0.023227367726259728
0.024017382066440048
0.024263374555597992
0.024476252671215445
0.02824183000524859
0.028615549363777002
0.028170870633376106
0.028421593747325547
0.02840740187295105
0.029263644960212356
0.03212094233427771
0.03231962857552066
0.03246154731926563
0.03267915605967458
0.03325629228423745
0.033540129771727385
0.03388546538150681
0.034230800991286225
0.034462601606069676
0.03475590034314261
0.03427337661440972
0.035754062174148886
0.03591963404185135
0.036326467773920255
0.0409577494447977
0.041823453781642005
0.04202214002288496
0.039216879521526096
0.03906076890340663
0.03916484264881961
0.03942975763714355
0.03966155825192699
0.039656827627135495
0.04034749884669434
0.02356324208645615
0.024774282033079877
0.025223691388272275
0.025673100743464673
0.021718298417771568
0.021817641538393048
0.02221028339608746
0.023936961444984566
0.02426810518038949
0.025909631983039617
0.024121455811853022
0.03922634077110909
0.04188022127913999
0.04240532063099637
0.04267496624411181
0.042495202502034854
0.04175249440976952
0.042272863136834406
0.04292568935806126
0.04344132746033464
0.04395696556260802
0.04532884675214271
0.04599586484774406
0.04648784982605995
0.04715486792166129
0.043502825582624124
0.040863136948967725
0.040995594443129696
0.04074487132918025
0.04107601506458518
0.04117535818520665
0.04103817006625318
0.04126997068103663
0.04175722503456102
0.042078907520382944
0.04285946061098027
0.04355959308012211
0.044813208649869325
0.044912551770490805
0.04514908301006575
0.045262618005061726
0.04540453674880669
0.04565999048754763
0.04629862483439999
0.04655407857314093
0.0467054585664689
0.047027141052290826
0.04659665419626442
0.04642635170377046
0.04675749543917539
0.04717852104561879
0.04824764224849755
0.04831387099557853
0.04810099287996108
0.04840375286661701
0.0484463284897405
0.04864028410619196
0.04905657908784386
0.04900454221513737
0.04965736843636423
0.050054740918850135
0.050324386531965574
0.05090152275652844
0.0515306958537978
0.05165842272316827
0.05570783754469135
0.05587340941239381
0.058338064928764755
0.05822452993376878
0.058252913682517775
0.05807788056523232
0.05847525304771822
0.05853675117000771
0.058437408049386234
0.05871651491208467
0.05834752617834776
0.05862663304104619
0.05877801303437415
0.059189577391234566
0.059407186131643516
0.059411916756435014
0.05909969552019608
0.06017354734786634
0.06060876482868424
0.060684454825348226
0.061039251684710645
0.061110211056583125
0.06170153915552049
0.061512314163860535
0.06204214414050842
0.06332887408379612
0.06310180409380417
0.06320587783921715
0.06319641658963415
0.06377355281419703
0.061815074150516465
0.06266185598819478
0.06260981911548828
0.06279431348235674
0.06319168596484265
0.06307815096984667
0.06316330221609366
0.06325791471192364
0.06398170030502297
0.06464871840062432
0.06486632714103327
0.06487578839061627
0.06592125646953753
0.06687211205262882
0.06719852516324225
0.06732152140782122
0.06688157330221181
0.06420403967022342
0.06460614277750083
0.06467710214937332
0.06482848214270129
0.06488051901540777
0.06603006083974201
0.06615778770911249
0.06644162519660242
0.0660347914645335
0.06623820833056797
0.0656516108564221
0.06594964021828653
0.06582664397370755
0.06609155896203149
0.06630916770244044
0.06668288706096887
0.0669146876757523
0.06686738142783732
0.06701876142116528
0.06704241454512277
0.06708499016824628
0.0674255951532342
0.06804057637612905
0.06802165387696306
0.06836698948674248
0.06876436196922839
0.06847106323215546
0.06925634694754428
0.06951180068628522
0.0691617344517143
0.06891574196255636
0.06856567572798543
0.06901981570796933
0.06958276005815771
0.06795069450509057
0.06799327012821406
0.06769997139114113
0.06822507074299751
0.06848052448173846
0.06864136572464942
0.06951180068628522
0.06975779317544316
0.06982402192252415
0.07016935753230356
0.06998013254064361
0.06981929129773265
0.06989025066960514
0.0700369000381416
0.07019774128105256
0.07010312878522258
0.07082691437832192
0.07072284063290894
0.07074176313207493
0.07051942376687449
0.070495770642917
0.07059511376353847
0.06955910693420021
0.06951653131107671
0.06950707006149372
0.06922323257400378
0.06951653131107671
0.06941718819045524
0.06977671567460916
0.06983348317210715
0.07020247190584407
0.06845214073298946
0.06859879010152592
0.06848998573132145
0.06864136572464942
0.06868867197256441
0.06886843571464137
0.06884478259068387
0.06899616258401184
0.06908131383025881
0.06976725442502617
0.0700463612877246
0.07019301065626106
0.0700605531620991
0.06971048692752817
0.06971521755231967
0.07104925374352238
0.07114859686414385
0.07217514244389911
0.07201903182577965
0.07212310557119263
0.07200483995140515
0.07206160744890314
0.07236909806035056
0.07262928242388302
0.0726718580470065
0.07258670680075952
0.07296515678407943
0.07172573308870672
0.07208526057286063
0.07219406494306511
0.07221771806702261
0.07209945244723513
0.07515543606254343
0.07520747293524993
0.0748337535767215
0.07564742104085932
0.07553861667065485
0.07570418853835731
0.0757798785350213
0.07590760540439177
0.07593125852834925
0.07591706665397477
0.07594071977793226
0.07632390038604367
0.07640905163229066
0.07645162725541414
0.0762387491397967
0.0766455828718656
0.07652258662728663
0.07652258662728663
0.07680642411477656
0.07781404719536583
0.07782350844494883
0.07787081469286382
0.07775254907307635
0.07679223224040206
0.07658408474957612
0.07653677850166113
0.07657935412478462
0.0766739666206146
0.07673546474290407
0.07745451971121192
0.07713283722539
0.07751128720870991
0.0783769915455542
0.07843375904305219
0.07818776655389426
0.07814992155556226
0.0783769915455542
0.07853310216367367
0.07987659960445936
0.07988606085404236
0.07990971397799985
0.08002797959778733
0.07989079147883386
0.07981037085737838
0.07983875460612737
0.07997594272508084
0.07981510148216989
0.07982456273175288
0.07965899086405041
0.07978198710862938
0.07994755897633185
0.07988606085404236
0.08010840021924281
0.07903927901636405
0.08023139646382178
0.08021720458944728
0.08006109397132782
0.08023612708861329
0.08025978021257078
0.08007055522091082
0.08018409021590679
0.08001378772341283
0.07999013459945534
0.07983402398133588
0.0797299502359229
0.08043954395464774
0.08050577270172872
0.08045373582902224
0.08036858458277525
0.08047265832818823
0.08041116020589874
0.08066661394463968
0.08002324897299583
0.07997594272508084
0.08030235583569427
0.08025504958777928
0.08003744084737033
0.08003271022257884
0.0797536033598804
0.07985767710529337
0.07986713835487637
0.0797252196111314
0.07980564023258688
0.07986240773008486
0.07977252585904639
0.07965899086405041
0.07921431213364952
0.07906293214032155
0.07890682152220209
0.07867975153221014
0.07868448215700163
0.07915754463615153
0.0788311315255381
0.07875544152887412
0.07854729403804817
0.07838172217034571
0.07819249717868575
0.07810734593243877
0.07817357467951976
0.0779133903159873
0.07819249717868575
0.07814992155556226
0.07803638656056629
0.07812153780681326
0.07806003968452378
0.07791812094077881
0.07811207655723026
0.07816411342993676
0.07799381093744279
0.07813099905639626
0.07789919844161282
0.07789919844161282
0.07787081469286382
0.0779748884382768
0.07815465218035375
0.07779512469619984
0.07777620219703384
0.07807423155889827
0.07805530905973228
0.07793231281515331
0.07788027594244681
0.07789919844161282
0.0784053752943032
0.07834860779680522
0.07821615030264324
0.07801746406140028
0.07785662281848932
0.0779133903159873
0.07792285156557031
0.07780931657057434
0.07862771465950365
0.07858513903638016
0.07855202466283967
0.07857094716200566
0.07813099905639626
0.07799381093744279
0.07812626843160476
0.07822088092743475
0.07813572968118776
0.07791812094077881
0.0783911834199287
0.0784006446695117
0.07832495467284772
0.07832968529763921
0.07832022404805622
0.07824926467618373
0.07824926467618373
0.07822088092743475
0.07854256341325667
0.07938934525093498
0.07935150025260299
0.07937515337656048
0.07945557399801596
0.07944138212364146
0.079294732755105
0.07942245962447547
0.07879328652720612
0.0788074784015806
0.07886424589907859
0.07864190653387815
0.07854729403804817
