0.0
0.0
0.0
0.0
0.0
0.0
0.0
0.0
0.0
3.784499833199141e-05
7.568999666398282e-05
0.00011353499499597422
0.0003879112329029119
0.0003879112329029119
0.0003973724824859098
0.0003973724824859098
0.0003973724824859098
0.0005298299766478798
0.0006244424724778583
0.0006622874708098497
0.0006433649716438539
0.0006433649716438539
0.000638634346852355
0.0007852837153888218
0.0007852837153888218
0.0011826561978747316
0.0013908036887006843
0.0013908036887006843
0.0013908036887006843
0.0015185305580711552
0.0013813424391176865
0.0013813424391176865
0.0013813424391176865
0.0014239180622411768
0.0015090693084881574
0.0015090693084881574
0.0018685967926420758
0.0018307517943100843
0.0019348255397230608
0.0019537480388890564
0.0019915930372210477
0.0019915930372210477
0.003382396725921732
0.003410780474670726
0.003410780474670726
0.003410780474670726
0.003439164223419719
0.0036709648382031667
0.0036141973407051793
0.0038223448315311322
0.0037655773340331453
0.0037230017109096546
0.003519584844875201
0.0036236585902881774
0.0035574298432071924
0.0035337767192496978
0.003704079211743659
0.0037986917075736376
0.003907496077778113
0.003907496077778113
0.004162949816519055
0.004399481056094001
0.00457924479817096
0.004186602940476549
0.004678587918792438
0.004636012295668948
0.004380558556928005
0.0051043441500273415
0.006111967230616612
0.006093044731450617
0.0060551997331186255
0.005369259138351281
0.005747709121671195
0.005336144764810789
0.005752439746462694
0.005180034146691324
0.006797907825383957
0.006920904069962929
0.007195280307869867
0.006755332202260466
0.006887789696422436
0.00673640970309447
0.006320114721442565
0.006452572215604535
0.006646527832055991
0.00678371595100946
0.008094099018254662
0.007952180274509694
0.009612629576325818
0.009797123943194276
0.01079055514940905
0.010875706395656031
0.0114575732450104
0.011817100729164318
0.012493580074348663
0.012739572563506607
0.013013948801413546
0.011443381370635903
0.012034709469573268
0.01639634552733528
0.016964020502315148
0.01739923798313305
0.01756954047562701
0.01796691295811292
0.018066256078734397
0.01651461114712275
0.016897791755234162
0.01700186550064714
0.018553510432258787
0.01859135543059078
0.018033141705193906
0.018123023576232387
0.018255481070394354
0.017919606710197933
0.020190306610117417
0.02034641722823688
0.020289649730738893
0.02038426222656887
0.020554564719062834
0.020890439079259256
0.02110331719487671
0.02078636533384628
0.02079582658342928
0.0215858409236096
0.024608710165377412
0.023866002073112083
0.024935123275990838
0.025006082647863324
0.02595693823095461
0.02619820009532105
0.028975076847930922
0.02920687746271437
0.029542751822910794
0.029755629938528243
0.02986443430873272
0.02967520931707276
0.029741438064153747
0.031293082995765394
0.030190847419346144
0.032045252337613725
0.032045252337613725
0.03237639607301865
0.03256089043988711
0.03266969481009158
0.03235274294906115
0.03281634417862805
0.033592166644433874
0.03374354663776184
0.034164572244205244
0.034259184740035226
0.03488835783730458
0.0361041284087198
0.03619874090454978
0.03598586278893233
0.0361041284087198
0.03492147221084507
0.03606628341038781
0.03651096214078871
0.0365393458895377
0.03678060775390415
0.03690360399848312
0.03158165110804683
0.03168099422866831
0.032059444211988225
0.030900441138070986
0.031089666129730943
0.03148703861221685
0.031439732364301864
0.02678952819425842
0.02779715127484769
0.028161409383793107
0.028653394362108994
0.02871962310918998
0.02939137182958283
0.03590071154268535
0.03338874977839942
0.033407672277565414
0.03414091912024775
0.034382180984614194
0.03450990785398467
0.03470386347043612
0.03593855654101734
0.03684210587619364
0.039316222642147576
0.03984605261879545
0.040011624486497914
0.040106236982327896
0.04204579314684245
0.042140405642672435
0.042490471877243356
0.04255670062432434
0.04231543875995789
0.04216405876662993
0.04284053811181428
0.04332779246533866
0.04333725371492166
0.03848363267884376
0.03855459205071625
0.03852147767717575
0.0387769314159167
0.03881004578945719
0.03881004578945719
0.03937299013964556
0.03956694575609702
0.039633174503178
0.039874436367544445
0.03966155825192699
0.03935879826527106
0.039387182014020056
0.03946760263547554
0.03967575012630149
0.040513070714396804
0.04076852445313774
0.040815830701052734
0.04163422878998205
0.041690996287480034
0.042831076862231275
0.04311018372492971
0.043200065595968194
0.04372989557261607
0.04334671496450466
0.04364474432636909
0.04378193244532256
0.044425297416966415
0.044548293661545384
0.045555916742134654
0.04586813797837359
0.046695997316885896
0.04784080851642864
0.05001689592051815
0.05017300653863761
0.0515401571033808
0.05193279896107521
0.051478658981091316
0.0515354264785893
0.05229705707002063
0.0524105920650166
0.0524105920650166
0.05310126328457544
0.05342767639518887
0.05356959513893384
0.05532465693657994
0.05578825816614683
0.055835564414061824
0.055835564414061824
0.05537196318449493
0.05571729879427435
0.05567945379594236
0.05566999254635936
0.055565918800946384
0.05530573443741395
0.055381424434077925
0.054861055707013044
0.05493674570367703
0.05648366001049718
0.05659246438070165
0.055901793161142806
0.055901793161142806
0.054738059462434076
0.054638716341812596
0.05498405195159202
0.057245290601928504
0.05734936434734148
0.05926999801269004
0.05980455861412942
0.06075068357242921
0.06138458729449006
0.06162584915885651
0.062032682890925415
0.051332009612554845
0.051819263966079235
0.052557241433553066
0.05378720387934279
0.05443056885098664
0.05446368322452713
0.05452991197160812
0.054761712586391564
0.054842133207847046
0.054624524467438096
0.05641270063862469
0.05663030937903364
0.05612886315113476
0.05612886315113476
0.056185630648632745
0.05585448691322782
0.056067365028845274
0.05622820627175623
0.05521585256637546
0.05579298879093833
0.05587340941239381
0.05587340941239381
0.056171438774258245
0.0563985087642502
0.05624712877092223
0.056152516275092254
0.05640797001383319
0.056587733755910155
0.05690941624173208
0.057060796235060045
0.05782242682649137
0.05779404307774238
0.058101533689189806
0.05798799869419383
0.05799272931898533
0.05799272931898533
0.058252913682517775
0.05801165181815133
0.05807788056523232
0.05933622675977103
0.059430839255601005
0.05911861801936208
0.059544374250596985
0.05950179862747349
0.05951599050184799
0.05977144424058893
0.0625814353667393
0.06285108097985473
0.0629788078492252
0.0629409628508932
0.06308288159463818
0.06349917657629009
0.05839956305105424
0.05853202054521621
0.05827656680647527
0.05831914242959876
0.05840429367584574
0.058423216175011734
0.05720271497880501
0.05620928377259024
0.05559430254969538
0.05547130630511641
0.055651070047193364
0.056389047514667195
0.056001136281764285
0.055783527541355335
0.05600586690655578
0.05620928377259024
0.056284973769254225
0.0563985087642502
0.056232936896547736
0.05620928377259024
0.05620928377259024
0.05628970439404572
0.056223475646964734
0.05651204375924617
0.056521505008829166
0.056322818767586214
0.05641743126341619
0.05457721821952311
0.05472859821285107
0.054544103845982614
0.054468413849318636
0.05412307823953921
0.054189306986620195
0.05422715198495219
0.054406915727029145
0.05428391948245018
0.0541609232378712
0.05427918885765868
0.05452518134681662
0.05570783754469135
0.05584502566364482
0.055915985035517306
0.0559396381594748
0.05757170371254193
0.05762847121003992
0.057727814330661396
0.05861244116667169
0.05953964362580548
0.05967210111996745
0.059785636114963424
0.05977617486538043
0.05968629299434195
0.05963898674642696
0.0603627723395263
0.06058038107993525
0.060604034203892744
0.06065607107659923
0.060674993575765224
0.060689185450139724
0.06106290480866814
0.06110548043179163
0.060585111704726746
0.060689185450139724
0.06087841044179968
0.06090206356575718
0.06118590105324711
0.0612379379259536
0.0612332073011621
0.061294705423451584
0.06070337732451422
0.0608027204451357
0.060689185450139724
0.061611657284482015
0.06157854291094152
0.06148393041511154
0.06145554666636255
0.061427162917613555
0.06140824041844756
0.06135147292094957
0.06139877916886456
0.06142243229282206
0.06150285291427754
0.06164004103323101
0.061763037277809976
0.06268077848736077
0.06329575971025563
0.06400535342898046
0.06373097719107353
0.06373097719107353
0.06361744219607755
0.06374043844065654
0.06372151594149053
0.0634471397035836
0.0634329478292091
0.06308761221942968
0.06305449784588918
0.06284161973027173
0.06307342034505518
0.06289365660297822
0.06287473410381222
0.06306395909547219
0.06327210658629813
0.06314437971692767
0.06320114721442566
0.06328629846067263
0.06318695534005116
0.06313491846734466
0.06319168596484265
0.06276592973360776
0.06260508849069679
0.06291257910214422
0.06282742785589723
0.06292204035172722
0.06324372283754914
0.06326264533671513
0.06369786281753304
0.06415200279751694
0.0642702684173044
0.06420403967022342
0.06417092529668293
0.06360798094649456
0.06310653471859567
0.06307815096984667
0.06311599596817867
0.06313491846734466
0.06327210658629813
0.06328156783588114
0.0634518703283751
0.06364582594482655
0.06393912468189948
0.06364582594482655
0.06366947906878405
0.06372624656628204
0.06338564158129412
0.06338091095650261
0.06309234284422117
0.06328629846067263
0.06327210658629813
0.06348971532670708
0.06349444595149858
0.06370732406711603
0.06380193656294601
0.06415673342230843
0.06414254154793393
0.06458248965354334
0.06421350091980642
0.06419457842064043
0.06420877029501493
0.06420877029501493
0.06436488091313439
0.0643364971643854
0.06436015028834288
0.06396277780585698
0.06393912468189948
0.0639107409331505
0.06401481467856347
0.06418511717105743
0.06413308029835094
0.06414254154793393
0.06420877029501493
0.06398643092981447
0.06410942717439344
0.06423242341897242
0.06421350091980642
0.06379720593815452
0.06219825475862788
0.06232598162799835
0.061914417271137945
0.0621083728875894
0.06203741351571691
0.062231369132168375
0.062231369132168375
0.06195699289426143
0.06191914789592944
0.0594544923795585
0.0594544923795585
0.061644771658022506
0.06154069791260953
0.061394048544073064
